[[467 498]
 [495 540]]
              precision    recall  f1-score   support

           0       0.49      0.48      0.48       965
           1       0.52      0.52      0.52      1035

    accuracy                           0.50      2000
   macro avg       0.50      0.50      0.50      2000
weighted avg       0.50      0.50      0.50      2000

[0 0 1 0 0 1 0 0 0 0 1 0 1 0 0 0 0 0 1 1 1 0 0 0 1 1 1 0 1 1 1 0 0 0 1 1 1
 1 1 0 1 0 1 0 0 1 1 1 1 0 1 0 0 1 0 1 1 1 1 1 1 1 1 0 1 0 1 0 0 1 1 1 0 0
 1 0 0 0 0 1 1 1 1 0 0 0 1 1 1 1 0 0 1 1 0 1 0 0 1 0 1 1 0 1 1 0 1 1 0 0 0
 1 1 1 1 0 1 0 0 0 0 1 0 0 1 1 1 1 0 0 1 1 0 0 0 0 0 0 0 1 0 1 0 0 1 0 0 0
 0 1 0 0 1 0 1 1 1 0 1 0 1 0 1 1 0 0 0 1 1 0 0 0 1 1 1 0 1 0 0 0 0 0 1 1 0
 1 1 0 1 1 0 1 0 0 0 1 1 0 1 1 0 0 0 1 0 0 0 1 0 0 0 0 0 1 1 0 0 1 1 1 1 0
 0 1 1 1 0 0 1 0 1 0 1 1 1 1 1 1 1 0 1 1 1 0 0 1 1 0 0 0 1 0 1 0 1 1 0 0 1
 0 1 0 0 0 1 1 1 1 1 0 0 0 0 1 1 0 0 0 1 0 1 0 1 1 0 1 0 1 1 0 1 1 1 0 1 0
 0 0 0 1 0 0 0 0 0 1 0 0 0 0 0 0 1 1 0 1 0 1 0 1 1 1 1 0 1 1 1 1 1 1 0 0 1
 0 1 0 1 0 1 1 0 1 0 1 0 1 0 1 0 1 0 0 1 1 0 0 1 1 1 0 0 0 1 0 1 0 0 0 1 1
 1 1 0 1 0 1 0 0 1 0 1 1 1 1 0 0 0 0 0 1 1 0 0 1 0 1 1 0 1 0 0 1 1 0 1 0 0
 1 1 0 0 0 1 0 0 0 1 0 1 0 1 1 0 0 0 0 1 0 1 1 0 0 1 1 0 1 0 1 0 0 0 0 1 1
 0 0 1 1 0 1 1 1 0 1 1 1 1 0 1 1 1 1 1 0 0 1 0 1 0 0 0 1 1 0 1 1 1 0 1 0 0
 1 1 1 0 0 0 1 0 0 0 0 1 1 1 1 1 0 0 1 0 0 1 0 1 0 1 0 0 1 1 0 0 1 1 1 0 1
 1 1 0 1 0 1 1 1 1 1 0 1 1 0 1 1 1 1 0 1 0 1 0 0 1 1 1 1 0 1 0 0 0 1 1 0 1
 1 1 1 1 1 0 1 0 1 0 0 0 0 0 0 1 1 0 1 0 1 1 1 1 1 0 1 0 0 1 0 1 1 1 0 0 0
 1 1 0 1 1 1 0 0 1 0 0 0 0 1 0 0 0 1 1 0 1 1 1 0 1 1 1 0 1 1 0 0 1 0 0 1 0
 0 1 0 1 0 0 0 1 1 1 0 0 0 1 0 1 1 1 0 0 0 1 1 1 0 1 1 1 1 1 1 1 0 1 1 1 1
 0 1 1 1 0 0 1 1 1 1 0 0 1 0 0 1 1 0 0 0 1 1 1 0 0 0 1 1 0 1 1 0 0 1 0 1 0
 1 0 0 0 1 0 1 0 1 0 1 1 0 0 0 0 1 0 1 1 0 1 0 1 0 1 1 0 0 1 1 1 0 0 1 1 1
 1 0 0 0 0 0 1 1 0 0 1 1 1 1 1 1 0 0 1 1 1 1 0 1 0 0 1 0 1 0 0 0 0 1 1 1 1
 0 1 0 0 1 1 1 0 0 1 0 1 1 1 0 0 0 0 0 0 1 1 0 1 1 1 1 1 0 0 1 0 1 1 0 1 1
 1 0 0 0 0 1 1 0 0 1 1 0 0 1 1 1 0 1 1 1 1 0 0 0 1 1 0 0 0 0 0 0 1 0 1 0 0
 0 0 1 0 1 1 1 1 0 0 0 1 1 1 0 1 0 0 1 1 1 0 1 0 1 1 0 0 0 0 0 1 0 0 1 0 1
 1 1 0 1 0 1 1 1 0 0 0 1 1 0 1 1 0 1 0 0 0 0 1 0 1 1 0 1 0 0 1 1 0 1 1 1 1
 1 1 1 0 0 1 0 0 0 1 1 1 1 0 1 0 0 0 1 0 0 1 1 0 0 1 1 1 0 0 1 0 1 1 0 1 1
 0 1 0 0 1 1 1 1 1 0 1 1 1 1 0 0 1 1 0 0 0 0 0 1 1 1 0 0 1 0 1 1 1 0 0 1 0
 1 1 0 0 1 0 0 1 1 1 0 1 0 1 0 1 0 0 1 1 1 0 0 1 1 1 0 1 1 0 1 0 1 1 1 0 0
 1 1 0 0 0 1 0 0 1 1 1 0 1 1 1 1 1 1 1 0 1 0 1 0 1 1 0 1 0 0 1 1 1 0 0 0 0
 0 1 1 0 1 1 1 0 1 1 1 0 1 1 1 1 0 0 1 1 0 1 1 1 1 0 0 0 1 0 1 0 0 0 1 1 0
 0 1 1 0 0 0 1 0 1 0 1 0 1 0 1 1 0 1 1 1 0 1 1 1 0 0 0 0 0 0 0 0 0 1 0 1 1
 0 0 1 0 1 0 1 1 1 0 0 1 1 1 0 1 0 0 0 1 1 1 0 1 1 0 1 0 1 0 1 1 1 0 0 0 0
 0 0 0 0 0 1 0 1 0 1 1 1 0 0 0 1 1 0 0 0 0 0 1 1 1 1 0 0 1 0 0 1 0 0 1 1 1
 1 0 1 0 0 0 1 1 1 1 0 1 1 1 1 0 1 0 1 1 1 1 1 0 1 1 0 1 1 1 1 0 0 1 0 1 1
 0 1 1 0 0 0 1 0 0 1 0 1 0 1 1 1 1 0 0 0 0 1 1 1 0 0 1 0 1 0 1 1 1 0 1 0 1
 0 1 0 1 1 0 1 1 1 1 1 1 0 1 0 0 1 0 0 1 1 1 0 1 1 1 1 1 1 1 1 0 0 0 1 0 1
 0 1 1 0 0 0 1 1 0 1 1 1 0 1 0 1 1 0 1 1 0 1 1 1 0 1 0 1 1 1 1 0 0 1 1 0 0
 0 1 0 0 0 1 0 0 1 1 0 0 0 0 1 0 0 0 1 1 0 0 1 0 1 1 1 1 0 0 0 1 0 1 1 0 0
 1 1 0 0 0 0 1 0 1 0 0 1 0 0 0 0 1 1 0 1 0 0 0 1 0 1 1 0 1 1 1 1 0 1 0 0 1
 0 1 0 1 0 1 1 1 1 0 1 1 1 0 0 1 1 0 1 0 0 1 0 0 1 1 1 1 1 0 0 1 1 0 0 0 0
 1 0 0 0 1 0 0 0 1 1 1 1 0 1 1 0 0 1 1 1 1 0 0 1 0 0 1 1 1 0 1 1 1 1 1 0 1
 0 1 1 1 1 1 0 1 1 1 0 1 0 0 1 1 1 0 0 0 1 0 0 0 0 1 0 0 0 0 0 1 1 1 0 0 0
 1 0 1 1 1 0 0 0 0 1 1 1 0 0 1 0 0 0 1 0 1 1 0 1 0 1 0 0 0 0 1 1 1 1 1 0 1
 1 1 1 0 0 0 0 0 0 1 1 0 0 1 0 1 0 1 1 1 1 0 0 1 1 0 1 0 0 1 1 0 0 1 0 1 1
 1 1 0 0 0 0 0 1 0 1 1 0 0 1 0 1 1 1 1 1 0 1 0 1 0 1 1 0 1 1 0 1 1 0 0 1 0
 1 1 1 0 1 0 1 0 0 1 1 0 0 0 1 1 0 1 1 1 1 1 0 0 1 0 0 0 1 0 1 0 0 0 0 0 1
 1 0 1 0 0 0 1 1 0 0 0 0 1 1 1 1 0 1 0 1 0 0 0 0 1 1 0 1 1 1 0 1 1 1 1 0 0
 0 1 1 0 0 1 1 1 0 1 0 1 1 1 0 1 0 1 1 0 0 1 1 1 0 1 1 1 0 1 0 1 1 1 1 1 1
 0 1 0 1 0 1 0 0 1 0 0 1 1 1 1 1 1 0 1 1 1 0 0 0 1 0 1 0 0 0 1 0 0 1 1 1 0
 0 0 1 0 1 0 1 1 0 1 1 0 0 1 1 0 0 0 1 0 1 1 0 0 1 0 1 1 0 0 0 1 1 1 0 0 1
 0 0 0 0 1 1 0 1 1 0 0 0 0 0 1 0 0 1 1 1 0 0 0 0 0 1 1 0 0 0 1 0 1 1 0 1 1
 0 0 1 1 1 0 1 0 1 0 0 1 0 0 0 0 1 1 1 1 0 0 1 1 1 0 1 0 1 0 1 0 0 0 1 0 1
 0 1 1 0 0 0 0 0 1 0 1 0 0 0 0 1 1 1 0 1 0 0 1 1 0 0 1 0 0 0 1 1 1 1 0 1 0
 0 0 1 0 0 1 0 0 1 1 0 0 0 1 1 1 0 1 1 0 0 0 1 1 0 1 0 1 0 1 0 0 1 1 0 0 1
 0 1]