[[347 545]
 [300 808]]
              precision    recall  f1-score   support

           0       0.54      0.39      0.45       892
           1       0.60      0.73      0.66      1108

    accuracy                           0.58      2000
   macro avg       0.57      0.56      0.55      2000
weighted avg       0.57      0.58      0.56      2000

[0 1 1 1 0 0 0 1 1 0 1 1 1 1 1 1 1 1 1 0 1 1 0 1 1 1 1 1 1 0 1 1 0 1 1 1 0
 1 0 1 1 1 0 1 0 1 0 0 1 1 1 0 1 1 1 1 1 0 1 1 0 1 0 1 1 1 1 1 1 0 0 1 0 1
 1 0 0 1 0 0 0 1 1 0 1 1 0 1 1 0 0 1 1 1 1 0 1 0 1 1 1 1 0 1 1 0 0 1 1 1 1
 1 1 0 1 1 1 0 1 1 0 0 1 1 1 1 1 1 1 1 1 0 0 1 1 0 1 1 1 0 1 0 0 0 0 1 0 1
 1 1 1 0 1 1 0 1 0 1 1 1 1 0 1 1 1 0 1 0 1 0 0 1 1 1 0 0 0 0 1 1 1 0 1 0 1
 0 0 1 1 1 0 1 1 1 1 1 1 1 1 0 1 1 1 1 1 0 1 1 0 1 1 1 0 0 0 1 0 0 1 0 0 0
 1 1 0 1 1 0 1 1 0 1 1 0 0 1 1 1 1 1 0 1 1 0 1 1 1 0 0 1 1 1 1 1 1 1 0 1 1
 1 1 1 1 1 1 1 0 1 0 1 1 1 0 0 0 1 0 1 1 1 1 1 1 0 1 1 1 0 0 1 1 0 1 1 0 0
 1 0 1 1 1 1 1 0 1 1 1 1 0 1 1 1 1 1 1 1 1 1 1 1 1 1 1 0 1 1 1 1 0 0 0 1 1
 1 1 1 0 0 1 0 1 1 1 1 1 1 0 1 1 1 1 1 1 1 1 1 1 1 1 1 0 0 1 0 0 1 1 1 1 0
 1 1 0 1 0 0 1 1 0 0 1 1 0 1 1 1 1 1 0 1 1 1 0 0 1 0 1 1 0 1 0 1 0 1 0 1 1
 1 1 1 1 0 0 1 0 1 0 1 1 1 0 1 1 0 1 0 1 1 0 1 0 1 1 1 1 0 1 1 0 0 1 0 0 1
 1 1 1 1 1 0 1 1 1 1 1 0 1 0 1 1 1 0 1 0 1 1 0 1 1 1 1 1 0 1 1 1 0 0 1 1 1
 1 1 1 0 0 0 0 1 1 0 1 0 1 1 1 1 0 0 0 0 1 1 0 0 1 1 1 0 1 1 0 1 1 1 1 1 1
 1 1 1 1 1 1 0 1 1 1 0 1 1 1 1 0 0 1 1 0 1 1 1 1 1 1 0 0 0 1 0 1 1 1 1 0 0
 1 0 0 1 1 1 1 0 1 1 1 1 0 0 1 0 1 0 0 1 1 1 1 0 1 1 1 1 1 1 1 1 0 1 1 1 0
 1 0 1 0 1 0 1 1 1 1 1 0 1 1 1 0 1 0 1 0 1 0 0 0 0 1 0 1 1 1 1 1 0 1 1 1 1
 1 1 0 0 1 1 0 1 1 0 1 0 0 1 0 0 1 1 1 1 0 0 1 1 1 1 1 0 1 0 0 1 0 1 1 1 0
 1 0 1 1 0 0 1 1 0 1 0 0 1 1 0 0 1 1 0 0 1 1 1 1 1 0 0 1 1 0 1 0 0 1 1 1 1
 1 1 1 1 1 0 0 1 1 1 0 1 0 0 1 1 0 1 0 0 1 1 1 0 1 1 1 0 1 1 1 1 0 1 1 0 1
 0 1 0 0 0 1 0 1 1 1 1 1 1 1 0 1 0 1 1 1 0 1 1 1 1 1 1 0 0 1 0 1 1 1 1 0 0
 1 0 1 1 1 0 1 1 0 0 0 0 1 1 1 1 1 1 1 0 1 1 0 1 1 0 0 1 1 1 1 0 1 1 0 1 0
 0 1 0 0 1 1 1 0 1 0 1 1 1 1 1 1 1 1 1 1 0 1 1 1 1 1 1 1 1 1 0 1 1 1 1 0 0
 1 0 1 1 0 0 1 1 0 1 1 0 1 0 1 1 1 1 1 0 0 1 1 0 1 0 1 0 1 0 0 0 0 1 0 0 1
 1 0 1 1 1 1 0 0 1 0 1 1 0 0 0 0 0 0 1 1 1 1 1 1 1 1 1 0 0 1 1 1 1 1 1 1 1
 1 1 1 1 1 0 1 0 1 1 0 1 0 1 1 1 1 0 0 1 1 1 1 1 1 1 0 0 1 1 1 1 1 1 1 1 1
 1 1 1 0 1 1 1 1 1 1 1 1 0 1 1 1 1 1 0 1 1 1 1 1 1 0 1 1 1 1 0 0 1 1 1 0 1
 0 0 0 1 1 1 1 1 1 0 1 1 1 1 0 1 1 1 1 0 1 1 1 1 1 0 0 1 0 1 1 1 1 1 1 1 0
 0 0 1 1 0 1 1 0 1 0 1 1 1 1 0 1 1 1 1 0 1 0 1 1 1 1 0 1 0 1 1 1 0 1 1 1 0
 1 1 1 1 1 1 0 1 0 1 1 1 1 1 1 1 1 1 1 0 0 1 1 0 1 1 1 1 1 1 1 1 1 0 0 0 1
 1 0 1 0 0 1 0 0 1 0 1 0 0 1 1 1 1 1 0 0 0 0 1 1 1 0 1 1 0 1 1 1 0 0 0 0 1
 1 1 1 0 0 0 1 1 1 0 1 1 1 0 1 1 1 1 0 0 1 0 1 1 0 1 1 0 1 1 1 1 1 1 0 1 0
 1 1 1 1 1 1 0 1 1 1 0 0 1 0 0 1 0 0 1 1 0 1 1 1 0 0 1 1 1 0 1 1 1 1 1 1 1
 1 1 1 1 1 1 1 0 1 1 1 1 0 0 1 1 1 1 0 0 1 1 0 1 1 1 1 0 1 0 1 1 0 0 1 1 1
 0 0 1 1 1 1 1 1 0 0 1 1 1 0 1 1 1 1 1 1 1 1 1 1 1 0 1 1 0 1 1 1 1 1 1 1 1
 1 1 1 0 0 0 1 1 1 0 0 1 1 0 0 1 1 1 0 1 1 0 0 1 0 1 0 0 1 1 1 1 1 0 1 1 1
 1 1 1 0 1 1 1 0 1 1 1 1 0 0 1 1 1 0 1 1 1 1 1 1 1 1 1 0 0 0 1 1 1 1 0 0 1
 0 0 1 1 1 0 1 1 1 1 1 1 1 1 0 1 0 1 1 0 0 1 1 1 1 1 1 1 0 0 0 1 1 0 1 0 1
 1 1 0 1 1 1 0 1 1 0 1 0 1 1 1 1 1 0 1 0 0 1 1 0 1 1 1 0 1 1 1 0 0 1 0 1 1
 1 1 0 1 1 1 1 1 1 0 0 0 1 1 1 1 1 1 1 0 1 1 1 1 1 1 1 1 1 1 1 1 0 1 1 1 1
 1 0 1 1 0 0 1 1 0 1 1 0 0 0 0 1 0 1 0 1 1 1 1 1 0 1 1 1 1 1 0 1 1 1 0 0 1
 1 0 1 1 1 1 0 1 1 1 1 1 1 1 0 1 1 1 0 1 1 1 0 0 0 1 1 1 1 1 1 0 1 1 1 1 1
 0 1 1 1 1 1 0 1 1 1 1 0 0 1 0 1 1 1 1 1 1 1 1 0 0 1 0 0 0 1 1 1 1 0 1 1 0
 1 1 1 1 1 1 1 1 1 1 0 0 1 1 1 0 1 0 0 0 1 1 1 1 0 1 0 1 1 1 0 1 0 1 0 0 1
 0 0 1 1 0 0 0 1 1 0 0 1 1 1 1 1 0 0 0 0 1 1 0 1 1 1 1 0 1 1 1 1 0 0 1 1 0
 1 0 0 1 1 0 0 1 0 0 1 1 1 1 1 1 1 1 1 1 1 1 0 1 0 1 0 0 0 1 0 0 1 1 1 1 0
 1 1 0 0 0 0 1 1 1 1 0 1 0 1 0 0 0 1 1 1 0 0 0 1 1 0 0 1 0 1 1 0 0 1 1 1 1
 1 1 0 1 1 1 0 1 0 0 0 1 1 0 1 0 0 1 0 1 1 1 0 1 1 0 1 1 0 1 0 1 0 1 1 0 1
 1 1 0 0 1 1 1 1 1 1 0 0 1 0 0 1 1 1 0 1 0 1 1 0 1 1 1 0 0 1 0 1 0 1 1 1 0
 0 0 0 1 0 1 0 1 1 0 0 0 1 1 1 1 0 1 0 0 1 1 0 0 1 1 1 1 1 1 0 1 1 1 1 1 0
 0 1 1 1 1 0 0 0 0 1 0 1 1 0 1 1 1 0 1 1 1 0 1 0 1 1 1 1 1 1 1 1 1 1 0 0 1
 0 1 1 0 1 1 0 1 1 0 1 0 1 1 0 1 0 1 1 1 1 1 1 1 1 1 0 1 1 1 1 1 1 1 0 1 1
 1 1 1 1 1 1 0 0 1 1 0 1 1 1 0 1 0 0 1 1 1 1 1 1 1 1 0 1 1 1 1 1 1 0 1 1 1
 1 1 0 1 0 1 1 1 1 0 0 1 1 1 0 0 1 1 0 1 0 0 1 1 0 1 0 0 0 0 1 1 0 0 1 0 1
 1 1]