[[427 504]
 [482 587]]
              precision    recall  f1-score   support

           0       0.47      0.46      0.46       931
           1       0.54      0.55      0.54      1069

    accuracy                           0.51      2000
   macro avg       0.50      0.50      0.50      2000
weighted avg       0.51      0.51      0.51      2000

[0 1 1 0 1 1 1 1 0 1 1 1 1 1 1 1 1 0 1 1 1 1 1 1 1 0 1 1 1 1 0 1 1 1 0 1 0
 1 0 1 0 1 0 0 0 0 0 1 0 0 1 1 1 0 1 0 0 1 0 1 1 1 0 1 1 1 1 0 1 0 1 0 1 1
 0 1 0 1 1 0 1 1 1 1 1 0 0 1 0 0 1 1 1 0 0 0 0 0 1 0 0 0 0 1 1 0 1 1 1 0 1
 1 1 1 1 0 0 1 0 0 1 0 0 1 1 1 1 1 1 0 1 0 1 1 0 0 1 0 0 1 1 1 0 1 1 0 0 1
 0 0 1 0 0 0 0 0 1 1 1 1 0 1 1 1 1 1 0 0 0 0 0 0 1 0 0 0 1 1 0 1 1 0 1 0 1
 1 1 1 1 1 1 0 0 1 0 1 1 0 1 0 0 1 1 0 1 0 0 1 1 1 1 1 0 0 1 1 1 0 1 1 1 0
 0 1 0 1 0 1 1 0 1 1 1 0 1 0 1 1 0 0 1 1 1 0 1 0 1 0 0 0 1 1 1 0 1 1 1 1 1
 1 1 1 1 0 0 0 0 0 1 0 0 0 1 0 0 0 1 1 1 1 1 1 0 1 1 1 0 1 0 0 1 0 0 0 0 0
 1 1 1 1 0 1 1 0 1 1 0 0 0 1 1 1 1 1 0 0 1 0 0 1 1 0 0 1 1 0 0 1 1 0 1 1 0
 0 1 1 1 0 1 1 1 0 1 0 0 0 0 1 0 1 0 0 0 0 1 0 0 0 1 0 1 0 1 1 1 0 0 1 0 0
 1 0 1 0 1 0 1 1 0 0 0 1 1 0 1 1 0 0 1 0 0 1 1 1 1 0 1 0 1 0 1 1 1 0 0 0 0
 0 1 0 0 0 1 1 1 1 1 1 1 1 0 1 0 0 0 0 0 0 0 1 1 1 1 1 1 0 1 1 1 1 1 1 1 1
 0 1 0 0 1 0 0 1 1 1 1 1 0 1 0 1 0 0 0 1 0 1 1 1 0 1 0 1 0 0 0 1 1 1 1 1 1
 0 1 1 1 0 1 0 0 1 1 0 1 0 0 0 0 0 0 1 1 1 1 1 1 1 1 0 1 1 0 1 1 1 1 0 0 1
 1 0 1 1 0 1 1 0 1 1 1 1 0 1 0 1 1 1 1 0 1 1 0 0 0 1 1 1 1 1 0 1 1 0 0 1 0
 1 0 0 0 1 0 1 1 1 0 1 0 0 1 0 0 1 1 0 1 1 1 1 1 1 1 1 0 1 0 0 0 0 1 1 1 0
 0 0 0 1 1 1 0 0 1 1 1 0 0 1 1 0 1 1 0 0 0 1 1 1 0 1 1 0 1 0 0 1 0 1 1 0 0
 1 0 0 0 0 1 1 1 0 0 0 0 1 1 0 1 1 0 1 0 1 1 1 0 0 1 0 0 1 0 1 1 0 0 1 0 1
 1 1 1 0 1 1 0 0 0 0 1 0 0 0 1 0 0 0 1 1 1 0 0 1 0 0 1 1 1 1 1 0 0 1 0 1 1
 1 0 0 1 1 0 1 0 1 1 0 1 0 1 1 1 1 1 1 0 1 1 0 0 0 1 1 1 1 1 1 0 1 1 1 0 0
 1 0 1 0 1 1 0 0 0 0 1 1 1 0 1 1 0 0 1 1 0 0 1 1 1 1 1 0 1 1 0 1 1 0 1 1 0
 0 1 1 0 0 0 0 0 1 1 1 1 0 0 0 1 0 1 0 0 1 1 0 1 1 0 0 0 1 0 1 0 0 0 1 0 1
 1 1 1 1 1 0 1 0 0 0 0 1 1 1 0 0 0 0 0 1 1 0 1 1 1 1 0 0 0 0 1 0 0 1 1 1 1
 1 1 1 0 0 0 0 0 0 0 0 0 0 1 0 0 1 1 1 0 0 1 1 1 0 1 1 0 0 0 1 1 0 0 0 0 0
 0 0 0 1 0 1 1 0 1 1 1 1 0 1 0 0 1 1 1 0 1 0 1 1 0 1 0 0 0 0 1 1 1 0 1 0 1
 1 0 0 1 1 1 0 1 0 0 0 0 1 1 1 0 1 1 1 1 1 1 0 1 1 0 0 1 0 1 0 1 1 0 0 0 0
 1 1 1 1 0 1 1 0 1 1 1 0 0 1 0 0 1 0 0 1 1 1 1 1 0 1 0 0 1 1 0 0 1 1 0 0 1
 1 0 1 0 0 1 0 0 1 0 1 0 1 1 0 0 0 1 1 1 0 1 1 1 1 0 0 0 1 1 0 1 1 1 1 1 1
 1 1 0 0 0 1 1 0 1 1 1 1 0 1 0 1 1 1 1 0 1 0 1 1 1 0 1 1 1 1 1 1 1 0 1 0 0
 0 1 1 0 0 1 1 0 0 0 1 0 0 0 0 1 1 0 0 0 0 1 0 0 1 0 1 0 1 0 1 1 0 1 0 0 0
 1 1 0 1 1 1 0 1 0 0 1 1 0 1 0 0 1 1 1 1 1 1 1 0 0 0 0 0 0 1 1 0 0 1 0 0 0
 1 1 0 0 1 1 0 0 1 1 1 1 0 0 1 1 1 1 0 1 0 0 1 0 1 0 1 1 1 0 1 1 1 1 0 0 0
 1 1 0 0 0 1 1 0 1 1 1 0 1 1 0 0 0 0 1 0 0 1 1 0 1 0 1 1 1 1 0 0 1 0 0 0 1
 1 1 0 1 1 1 0 0 0 1 0 0 1 0 1 1 1 0 0 1 1 1 0 1 0 1 0 1 0 0 0 0 1 0 0 0 1
 1 0 0 1 1 1 0 0 1 0 1 0 0 0 1 1 1 1 0 0 1 0 0 1 0 0 0 1 1 0 1 1 1 1 0 1 0
 1 1 0 1 0 0 1 0 1 1 1 1 0 1 0 0 0 0 1 1 1 1 1 1 0 1 0 1 1 1 1 1 1 0 1 0 1
 0 0 0 0 0 0 1 0 0 1 0 1 1 1 0 0 1 1 1 1 1 1 0 0 1 1 0 0 1 0 1 0 0 1 1 0 0
 1 1 1 1 1 1 0 0 1 0 1 1 0 1 1 1 1 0 1 0 1 0 0 0 0 1 0 0 0 1 0 0 1 1 0 1 0
 1 1 0 0 1 1 1 1 1 0 0 0 0 1 1 0 0 1 0 1 1 0 0 0 0 0 1 1 1 0 0 1 1 1 0 1 1
 0 0 1 1 1 0 1 0 1 1 1 1 1 0 1 0 1 1 1 0 1 0 0 1 1 1 1 0 0 1 0 1 1 1 1 0 1
 0 1 1 1 1 1 1 1 0 0 1 1 0 1 0 0 1 1 0 1 1 0 1 0 0 0 1 0 0 0 1 0 0 0 1 0 0
 0 1 0 1 1 0 1 0 0 1 0 0 1 0 1 1 0 0 1 1 1 0 1 0 0 0 1 1 1 0 1 0 0 1 0 0 0
 0 1 1 0 1 1 1 0 1 0 0 1 0 1 1 1 0 1 0 1 1 0 1 0 0 1 0 1 0 0 0 1 1 1 1 1 1
 0 1 1 1 0 0 1 0 0 0 0 1 0 0 1 1 1 0 0 0 1 1 1 0 0 0 1 1 0 1 0 0 0 0 0 0 0
 0 1 0 1 1 1 0 1 1 0 1 0 1 0 0 0 0 0 0 1 1 1 0 0 1 0 1 0 1 0 0 0 1 1 0 0 1
 0 0 1 0 0 1 1 0 1 0 1 0 0 0 0 0 0 1 1 0 0 1 1 1 1 1 0 1 1 0 0 1 1 0 0 1 1
 0 1 0 0 1 1 1 1 0 1 1 1 1 0 0 0 0 1 0 1 0 0 0 0 0 1 0 0 0 0 0 1 0 1 0 0 1
 0 1 1 1 0 0 1 1 1 1 0 1 0 1 1 1 1 1 0 1 0 1 1 1 0 0 0 1 0 1 1 1 1 0 0 1 1
 1 1 0 1 0 1 1 0 0 1 1 0 1 1 1 0 0 1 0 1 1 1 0 0 1 0 0 0 1 0 1 0 1 1 1 1 0
 0 1 0 0 0 1 1 1 1 1 1 0 0 0 1 0 1 1 1 0 0 0 1 1 0 1 1 0 1 1 0 1 0 1 0 0 1
 1 1 1 1 1 1 0 1 0 1 0 0 0 0 0 0 0 1 0 1 0 0 1 0 1 1 1 1 1 1 0 0 1 0 1 1 1
 1 0 0 0 1 0 0 1 1 1 1 1 1 1 1 0 0 1 0 1 0 0 1 1 0 0 1 1 1 1 1 0 1 1 1 0 0
 1 1 1 1 1 0 0 0 1 0 0 1 1 1 0 0 1 1 1 0 1 1 1 1 1 1 0 1 0 0 1 0 1 1 1 0 1
 1 0 0 1 1 0 1 1 0 0 1 1 1 1 1 0 0 1 0 0 0 1 0 0 1 0 1 1 0 1 0 0 0 1 1 0 1
 1 1]