[[46 41]
 [52 61]]
              precision    recall  f1-score   support

           0       0.47      0.53      0.50        87
           1       0.60      0.54      0.57       113

    accuracy                           0.54       200
   macro avg       0.53      0.53      0.53       200
weighted avg       0.54      0.54      0.54       200

[1 1 1 1 0 0 0 0 1 0 0 0 1 1 1 0 1 0 1 0 1 1 1 0 1 0 1 1 0 0 0 0 1 0 0 0 0
 0 0 0 0 0 0 1 1 0 1 1 1 1 1 0 0 0 0 1 1 0 1 1 0 0 1 0 1 0 0 1 1 0 1 1 0 1
 1 0 1 0 0 1 1 0 1 1 0 0 1 0 1 0 1 0 1 0 1 0 0 1 1 0 1 1 1 1 0 0 0 0 1 0 1
 0 0 0 1 0 0 1 1 0 1 1 1 0 1 0 1 1 1 1 1 1 0 0 1 0 1 0 0 0 1 1 0 0 0 1 0 1
 0 0 0 0 1 1 1 1 1 1 1 1 0 1 1 1 0 1 0 1 0 1 0 0 0 1 0 1 1 0 0 1 0 1 0 0 1
 1 1 1 1 1 0 1 1 1 1 0 0 0 0 0]