[[41 45]
 [55 59]]
              precision    recall  f1-score   support

           0       0.43      0.48      0.45        86
           1       0.57      0.52      0.54       114

    accuracy                           0.50       200
   macro avg       0.50      0.50      0.50       200
weighted avg       0.51      0.50      0.50       200

[1 0 0 1 1 1 0 1 1 0 1 0 1 1 1 0 0 0 0 0 0 1 1 0 0 1 0 0 1 1 0 1 1 0 1 1 1
 0 0 1 1 1 1 0 0 0 1 1 1 0 0 1 1 0 1 0 0 0 0 0 0 1 1 1 0 1 1 1 1 0 1 0 0 0
 0 1 0 1 0 1 1 1 0 0 0 1 1 1 1 1 1 0 1 1 0 0 0 1 0 1 1 1 0 1 0 1 1 1 0 1 0
 1 0 0 1 1 1 1 1 1 0 0 0 1 1 1 1 1 1 1 0 1 0 0 1 1 0 1 1 0 1 0 1 0 1 0 1 0
 0 1 1 0 0 1 0 0 1 1 0 1 0 0 1 0 0 0 0 0 1 0 1 0 1 0 0 1 1 0 0 1 1 0 1 1 0
 1 1 0 0 0 0 0 0 1 0 1 1 0 0 0]