[[41 63]
 [36 60]]
              precision    recall  f1-score   support

           0       0.53      0.39      0.45       104
           1       0.49      0.62      0.55        96

    accuracy                           0.51       200
   macro avg       0.51      0.51      0.50       200
weighted avg       0.51      0.51      0.50       200

[0 0 1 0 1 0 1 1 1 1 0 1 1 1 0 1 0 0 1 1 0 1 0 1 1 0 1 1 0 1 1 1 1 1 1 1 1
 1 1 1 1 0 1 1 1 1 0 1 1 0 1 1 0 1 1 0 1 1 0 0 1 1 0 1 0 0 0 0 1 0 1 1 1 1
 0 1 0 0 0 0 1 1 0 1 1 1 0 1 0 1 1 1 0 1 1 0 0 1 1 1 0 0 1 1 0 0 1 0 1 1 1
 0 1 1 0 1 1 0 1 1 0 1 1 0 1 0 0 0 1 1 1 0 0 1 1 1 1 1 1 0 1 1 0 0 1 0 1 0
 0 1 1 0 1 1 1 1 0 0 1 0 0 1 0 1 1 1 0 0 1 1 1 1 0 0 0 0 1 1 1 1 1 0 1 0 1
 1 1 1 1 0 0 1 0 1 1 0 1 0 0 1]