[[53 48]
 [52 47]]
              precision    recall  f1-score   support

           0       0.50      0.52      0.51       101
           1       0.49      0.47      0.48        99

    accuracy                           0.50       200
   macro avg       0.50      0.50      0.50       200
weighted avg       0.50      0.50      0.50       200

[1 1 0 0 0 0 0 0 1 0 0 0 0 1 0 1 1 1 0 0 0 1 1 0 0 0 1 0 1 1 0 1 0 1 0 1 1
 1 0 0 1 0 1 0 0 1 0 0 0 0 1 0 1 1 0 1 1 0 1 0 0 0 1 1 1 0 0 0 1 1 1 0 1 0
 1 0 1 0 1 1 0 0 0 1 1 1 0 1 1 0 1 0 0 0 1 0 1 1 0 1 1 0 0 0 0 0 1 0 1 0 0
 1 1 1 1 1 0 1 0 0 1 0 1 0 0 0 1 1 1 1 0 1 1 0 0 1 1 1 0 1 0 1 1 1 0 0 1 1
 0 0 0 0 0 0 0 0 0 1 1 1 1 0 0 0 0 0 0 0 1 0 0 1 1 1 1 0 0 0 1 1 1 1 1 0 0
 1 0 1 0 0 1 0 1 0 1 1 0 0 1 1]