[[51 53]
 [44 52]]
              precision    recall  f1-score   support

           0       0.54      0.49      0.51       104
           1       0.50      0.54      0.52        96

    accuracy                           0.52       200
   macro avg       0.52      0.52      0.51       200
weighted avg       0.52      0.52      0.51       200

[0 1 1 0 1 0 1 1 0 1 0 0 0 0 0 0 1 0 1 0 1 1 1 0 1 1 0 0 1 0 1 1 1 0 1 1 1
 0 1 0 1 1 0 1 1 0 0 0 0 0 1 0 1 1 1 1 0 0 1 1 1 0 1 1 1 0 1 0 0 1 0 0 1 1
 1 0 1 0 0 1 1 1 1 1 1 0 0 1 0 0 1 1 1 1 0 1 0 1 0 1 0 1 0 0 0 1 0 1 0 1 1
 1 1 0 1 1 0 1 0 0 1 0 1 1 1 1 1 1 0 0 1 0 0 0 0 1 0 0 1 0 1 0 0 0 1 0 1 1
 0 1 1 0 1 1 1 0 0 0 1 1 0 1 1 0 1 1 1 0 0 0 0 1 0 0 1 1 1 0 1 1 1 0 1 1 0
 0 0 1 1 0 0 0 0 0 0 0 0 0 1 1]