[[51 47]
 [59 43]]
              precision    recall  f1-score   support

           0       0.46      0.52      0.49        98
           1       0.48      0.42      0.45       102

    accuracy                           0.47       200
   macro avg       0.47      0.47      0.47       200
weighted avg       0.47      0.47      0.47       200

[0 1 1 1 1 1 1 0 0 0 0 0 1 1 1 0 1 1 1 1 1 1 0 0 1 1 0 0 1 0 1 0 0 0 1 1 1
 1 1 0 0 0 0 1 0 1 0 0 0 0 1 1 0 0 1 1 1 0 0 0 1 0 0 1 0 1 0 1 1 0 0 0 1 1
 0 0 1 1 1 0 0 1 0 1 0 0 1 0 0 1 0 0 0 0 0 0 0 1 1 0 1 0 1 0 0 1 1 0 0 0 0
 0 0 0 1 1 0 0 1 1 1 0 0 0 1 0 0 1 1 0 0 0 1 1 0 1 1 1 1 0 0 0 1 1 1 0 1 0
 1 1 1 0 0 0 0 0 1 1 0 0 1 0 0 0 0 0 0 0 1 0 1 1 0 0 1 0 1 0 0 1 0 0 0 1 1
 1 1 1 0 1 0 1 0 0 0 0 0 1 0 1]