[[48 51]
 [53 48]]
              precision    recall  f1-score   support

           0       0.48      0.48      0.48        99
           1       0.48      0.48      0.48       101

    accuracy                           0.48       200
   macro avg       0.48      0.48      0.48       200
weighted avg       0.48      0.48      0.48       200

[0 1 0 1 0 0 0 0 0 1 0 0 0 1 0 1 1 1 1 0 1 1 0 0 0 1 0 0 0 1 1 1 0 0 1 0 0
 0 1 1 1 0 1 0 1 0 0 0 0 0 0 1 0 0 0 0 1 1 0 1 0 1 0 0 1 0 0 0 1 1 1 0 1 1
 1 1 1 0 0 1 0 0 1 1 1 0 1 1 1 1 1 0 1 0 1 0 0 0 0 0 0 1 0 0 1 0 1 0 0 0 0
 0 0 1 0 0 0 0 1 1 1 0 0 1 1 1 1 1 1 0 1 0 1 1 0 1 1 0 1 1 1 0 0 0 1 1 1 1
 1 0 0 1 0 0 0 0 0 1 1 1 1 1 1 1 0 0 1 0 1 1 1 0 1 0 1 0 0 1 1 1 1 0 1 0 0
 0 0 1 1 1 0 0 1 0 1 1 0 1 1 1]