[[456 479]
 [501 564]]
              precision    recall  f1-score   support

           0       0.48      0.49      0.48       935
           1       0.54      0.53      0.54      1065

    accuracy                           0.51      2000
   macro avg       0.51      0.51      0.51      2000
weighted avg       0.51      0.51      0.51      2000

[1 1 0 0 1 1 1 0 1 0 1 1 0 0 1 0 1 1 1 0 1 0 1 0 1 1 1 0 0 1 1 1 1 0 1 1 1
 1 1 0 0 1 1 0 0 0 0 1 0 1 0 0 1 0 0 0 0 1 1 0 0 1 0 0 1 0 0 1 1 1 0 1 1 0
 0 1 1 0 0 0 1 0 1 1 0 0 1 0 0 1 1 1 0 0 1 0 1 1 1 0 0 0 1 1 0 1 0 1 1 1 1
 0 1 1 1 1 1 1 0 0 1 1 0 0 1 0 0 0 1 1 1 0 1 1 0 1 0 1 0 1 1 0 1 1 1 0 1 1
 0 1 0 0 1 0 0 1 1 0 1 1 1 1 0 0 0 0 0 1 1 0 1 1 0 0 1 0 1 0 1 1 1 1 0 0 1
 1 0 1 1 0 0 1 1 1 0 0 0 0 1 1 0 1 1 1 1 1 1 1 0 0 0 0 0 1 0 0 1 1 0 1 1 1
 1 1 0 1 0 1 0 0 1 0 1 1 1 1 0 1 1 1 1 1 1 1 1 1 1 0 0 0 0 0 0 1 0 0 0 1 0
 0 0 1 1 1 1 1 0 0 1 0 1 1 1 1 1 1 0 1 0 1 1 0 1 1 1 1 1 1 0 1 1 1 1 1 0 1
 1 1 1 0 1 0 0 1 1 1 0 1 0 1 1 0 0 0 1 0 1 1 1 1 1 1 0 0 0 0 0 1 1 1 1 1 0
 1 0 0 0 1 0 0 0 0 0 1 0 0 1 1 0 0 0 0 0 1 0 1 0 1 0 0 0 1 1 1 1 0 1 1 0 0
 1 0 0 0 0 1 1 1 1 0 0 1 1 1 0 0 1 0 0 0 0 1 1 0 1 0 0 1 1 1 1 1 1 0 1 1 1
 0 1 0 1 0 1 0 1 1 0 1 0 0 1 1 1 1 1 0 1 0 0 1 0 1 1 1 1 1 1 1 1 1 1 0 1 1
 0 0 0 1 1 1 0 1 1 0 0 1 1 1 0 0 0 0 1 0 0 0 1 0 1 0 1 0 0 0 0 1 1 0 0 0 0
 0 1 0 1 1 1 1 0 0 0 1 1 1 1 1 0 0 0 0 1 1 0 0 1 0 1 1 1 0 1 1 0 0 1 1 0 0
 0 0 0 1 1 0 1 1 0 1 0 1 0 1 1 0 0 1 1 1 0 0 1 1 0 1 1 0 1 0 1 1 1 1 0 0 0
 0 0 0 0 1 1 0 1 0 1 0 1 0 0 0 1 1 0 0 1 0 1 0 0 1 0 1 0 0 0 0 1 1 0 0 1 0
 1 1 1 0 0 1 0 0 1 0 0 1 1 1 0 0 0 0 0 0 0 1 0 0 0 1 0 1 1 0 1 1 1 0 0 0 1
 0 1 0 0 1 1 1 1 1 1 0 0 1 1 1 1 1 0 0 1 1 0 1 0 0 0 1 0 1 0 1 1 1 1 0 1 1
 1 1 1 1 0 0 1 0 0 0 0 0 1 0 1 0 0 0 0 1 1 1 0 0 0 0 1 1 0 0 1 0 0 1 0 0 0
 0 0 1 1 1 1 0 1 0 0 1 0 1 1 1 0 1 1 1 0 1 0 1 0 1 0 1 1 1 0 0 1 0 0 0 1 1
 0 0 0 1 0 1 0 1 1 0 0 1 1 1 1 0 1 0 0 1 0 1 0 0 1 1 0 1 1 1 0 0 0 1 0 1 0
 0 1 1 0 1 0 0 0 0 0 0 1 0 0 1 0 1 1 1 1 1 1 1 1 0 0 1 1 0 0 0 1 0 0 0 1 0
 1 1 0 0 1 1 1 1 0 1 0 0 0 0 1 0 0 1 1 0 1 1 1 0 1 1 0 1 1 1 0 1 0 0 1 1 1
 1 0 0 0 1 0 0 1 1 0 1 0 1 1 1 0 0 1 1 0 1 0 1 0 1 0 0 0 1 0 0 0 0 0 0 1 1
 0 0 1 1 0 0 0 0 1 1 1 0 1 0 0 1 1 1 0 1 1 0 1 1 0 1 0 1 0 0 0 1 0 1 1 1 1
 1 1 1 0 1 1 0 0 0 1 0 1 1 0 1 1 1 0 0 0 0 0 0 0 0 0 1 1 0 1 0 1 0 1 1 0 1
 0 1 1 0 0 1 0 0 1 0 1 1 0 1 1 0 0 1 1 1 0 0 0 0 1 0 0 0 1 0 1 1 1 1 0 0 0
 0 1 1 1 1 1 0 1 1 1 0 0 1 1 1 0 0 1 0 0 0 0 0 0 1 1 1 1 1 0 1 1 1 0 1 1 0
 0 1 1 0 0 1 0 1 0 1 0 0 1 0 0 1 1 1 1 1 1 0 0 1 1 0 1 1 0 0 0 1 1 0 1 0 1
 0 1 1 1 1 1 0 1 1 1 0 0 1 0 1 0 0 1 1 0 0 0 0 0 0 1 0 1 0 1 0 1 1 0 0 0 0
 1 0 1 1 0 1 1 0 0 1 1 1 0 1 0 0 1 1 1 1 1 1 1 1 1 1 1 0 0 0 1 1 1 1 0 1 1
 0 1 1 1 1 0 0 0 1 0 1 1 1 0 0 0 0 0 1 1 0 0 1 0 1 0 1 1 0 1 1 1 1 0 0 0 0
 0 0 0 0 1 0 0 0 0 1 1 1 1 1 0 1 0 0 0 0 0 0 0 0 1 0 1 1 0 1 0 0 1 0 0 1 1
 1 0 1 0 1 0 1 0 1 0 1 0 0 1 1 0 0 0 0 1 0 1 0 0 1 0 0 1 0 0 0 1 1 0 0 1 0
 1 0 1 0 1 1 1 1 0 0 0 1 0 0 1 0 1 1 1 1 1 0 1 1 1 0 1 1 1 0 0 0 1 1 0 1 1
 1 1 0 1 1 1 1 0 0 1 0 1 0 1 0 0 1 1 0 1 1 0 1 0 1 0 0 1 1 0 0 1 0 0 1 0 1
 1 0 1 0 0 0 1 1 0 1 0 0 1 0 0 1 1 1 1 0 0 1 0 1 1 0 1 1 0 1 1 0 0 1 1 1 1
 0 0 0 1 1 0 0 0 1 1 0 0 1 1 1 1 0 1 1 0 1 1 0 0 0 0 0 1 1 0 1 0 0 1 1 1 0
 0 1 1 1 1 0 0 0 1 0 0 1 0 1 1 1 1 0 1 1 1 1 0 0 1 1 1 1 1 0 0 0 1 1 1 1 1
 0 1 1 1 1 0 0 1 0 0 0 0 0 0 1 1 0 1 0 0 1 1 1 0 0 0 0 0 0 1 1 1 0 1 1 1 0
 0 1 1 0 0 1 0 1 0 1 1 1 1 1 0 0 1 0 1 1 0 1 1 1 1 1 1 1 1 1 0 0 1 1 1 1 0
 1 0 1 1 0 0 0 0 0 0 0 1 1 1 0 0 1 0 0 0 1 1 1 0 1 1 0 0 1 1 1 0 0 0 0 1 0
 0 0 0 1 0 1 1 0 1 0 1 0 0 0 1 0 1 1 1 1 1 1 1 0 1 0 0 0 1 1 1 1 1 1 1 1 1
 1 0 1 0 1 0 0 0 1 1 0 0 1 1 0 0 1 0 1 1 1 0 0 1 1 1 1 0 0 0 1 1 1 1 0 1 1
 0 0 0 0 0 1 1 0 0 0 1 0 1 1 1 1 1 0 0 0 1 1 1 0 1 0 1 0 0 0 0 1 0 0 0 0 0
 0 0 1 0 1 1 1 0 1 0 1 1 0 1 0 0 0 1 0 1 0 0 0 0 1 1 0 0 1 1 1 1 1 0 0 1 1
 0 1 0 0 1 1 1 1 1 1 0 1 0 0 1 0 1 1 1 0 1 0 1 0 1 0 0 1 0 0 1 0 0 1 0 0 0
 1 0 0 1 0 0 0 0 1 0 1 0 0 1 1 1 0 1 1 1 1 0 1 1 1 1 0 0 0 1 1 0 0 0 1 0 0
 1 1 0 1 1 1 1 0 0 1 1 1 1 1 0 0 0 1 0 1 1 0 1 0 1 1 1 1 0 1 0 0 0 1 1 0 1
 0 1 1 1 0 1 0 1 1 1 0 0 1 0 1 1 0 0 0 1 0 0 1 1 1 1 1 0 0 1 0 1 1 1 0 1 0
 0 0 1 0 0 0 0 1 1 1 0 1 1 1 0 0 1 0 1 0 0 0 1 0 1 1 1 1 0 0 0 0 1 0 0 1 1
 0 0 1 0 1 1 1 1 1 1 1 0 1 1 0 0 0 0 0 0 1 1 1 0 0 1 1 0 0 1 1 0 1 1 0 1 0
 0 0 1 0 0 1 0 1 0 0 0 0 0 0 0 0 1 0 1 1 0 0 1 1 0 1 0 1 1 1 1 1 1 0 0 0 0
 0 1 0 1 1 0 1 0 0 1 0 0 0 0 1 0 0 0 1 1 1 0 1 0 0 1 0 1 0 0 0 0 1 1 1 0 0
 0 0]