[[45 50]
 [48 57]]
              precision    recall  f1-score   support

           0       0.48      0.47      0.48        95
           1       0.53      0.54      0.54       105

    accuracy                           0.51       200
   macro avg       0.51      0.51      0.51       200
weighted avg       0.51      0.51      0.51       200

[1 1 0 1 0 1 1 0 0 0 1 0 0 1 0 0 1 0 1 0 0 1 0 1 1 1 1 0 0 0 0 0 1 0 0 1 0
 1 0 0 1 0 0 1 1 0 0 1 0 1 0 0 1 1 1 1 0 0 0 0 0 1 1 0 1 1 0 0 0 0 1 1 0 1
 0 1 0 0 1 0 0 1 1 1 0 0 0 1 1 0 0 1 1 0 0 1 0 1 1 1 0 0 0 1 0 0 0 0 1 1 0
 1 1 0 1 1 0 1 1 1 1 1 1 1 0 1 0 0 0 1 1 1 1 1 0 1 1 1 0 1 1 0 1 1 1 0 1 0
 1 1 0 1 1 0 1 0 1 0 1 1 1 0 0 1 1 0 1 1 1 0 1 0 0 0 1 0 1 1 1 1 1 1 0 1 1
 1 0 0 1 1 0 0 1 0 1 1 0 1 1 0]