[[443 483]
 [493 581]]
              precision    recall  f1-score   support

           0       0.47      0.48      0.48       926
           1       0.55      0.54      0.54      1074

    accuracy                           0.51      2000
   macro avg       0.51      0.51      0.51      2000
weighted avg       0.51      0.51      0.51      2000

[1 1 1 1 0 0 1 1 1 1 1 0 1 0 0 1 0 1 1 1 0 1 1 0 1 0 1 0 0 0 0 0 0 0 1 1 0
 0 1 0 0 1 0 0 0 1 0 0 0 1 1 0 1 0 0 1 1 0 1 1 0 0 0 0 0 0 1 0 1 1 0 1 1 1
 1 0 0 0 1 1 0 1 0 0 1 0 1 0 0 0 0 1 0 1 1 0 0 1 0 0 1 0 1 1 0 0 1 1 1 1 0
 1 1 1 0 1 0 0 1 0 1 1 0 1 0 1 1 1 0 0 0 0 0 0 0 1 0 0 1 1 0 0 1 0 0 1 0 0
 1 0 1 1 1 0 1 1 0 0 1 1 1 1 1 0 1 1 1 0 0 1 0 1 0 1 1 1 1 1 1 1 0 0 0 0 1
 1 1 0 1 0 1 1 0 0 1 0 1 0 1 0 1 1 0 1 1 1 1 0 0 1 0 0 0 0 0 1 1 1 1 1 1 1
 0 1 1 0 1 1 0 0 1 1 0 0 0 1 0 1 1 0 1 1 0 0 1 0 1 1 0 0 0 1 0 0 0 1 0 0 1
 0 1 0 0 0 1 0 0 1 1 1 0 0 1 1 0 1 1 0 1 1 0 0 0 0 1 1 1 1 0 1 0 0 0 0 0 0
 1 1 1 0 1 1 1 1 0 0 1 0 1 0 0 0 1 1 1 0 1 1 1 1 1 1 0 1 0 1 1 1 1 0 0 0 0
 1 1 0 0 1 1 1 0 1 1 1 0 0 0 0 0 0 0 1 1 0 1 0 1 0 0 1 0 1 1 1 1 1 0 1 1 0
 1 0 0 1 0 0 0 0 0 0 0 0 1 0 1 0 1 0 0 0 0 1 0 1 1 1 1 1 1 1 1 1 0 0 1 1 1
 0 1 0 0 0 1 0 0 1 1 0 1 0 0 1 0 0 1 1 1 1 0 1 0 1 1 1 0 1 1 0 1 0 0 1 1 0
 1 1 1 1 1 0 0 1 0 0 0 0 1 1 1 0 1 1 1 0 0 1 1 1 0 1 1 1 1 0 0 0 0 0 1 0 1
 0 1 1 1 1 0 0 0 0 1 0 0 0 1 1 0 1 1 0 1 1 1 1 0 0 1 1 1 1 0 1 0 0 1 1 0 0
 0 1 0 1 1 1 0 1 0 1 0 0 1 1 0 0 0 0 0 0 1 1 1 0 1 0 1 0 0 0 1 1 0 1 0 1 0
 1 0 1 0 0 1 1 1 1 1 1 0 1 1 1 1 1 0 1 1 1 1 1 1 0 0 1 0 1 0 0 0 1 0 0 0 1
 0 0 0 1 1 0 1 1 1 1 1 1 1 1 1 1 0 0 1 0 1 0 0 0 0 0 0 0 1 0 0 1 0 1 0 0 1
 0 1 0 1 0 1 1 0 1 1 1 0 0 1 1 1 0 1 0 1 0 0 1 1 1 0 1 1 1 1 1 1 1 0 1 0 0
 0 0 0 1 1 1 0 0 0 0 1 1 0 0 1 0 0 1 1 0 0 0 0 1 1 1 1 1 0 0 1 1 1 1 0 1 0
 0 1 1 1 0 1 1 1 0 1 1 1 1 0 0 1 1 1 0 1 0 0 0 0 1 0 1 1 0 0 1 0 1 0 1 1 1
 0 1 1 0 1 0 1 1 1 1 1 0 0 0 0 0 1 1 1 0 1 0 0 1 0 1 1 1 1 0 1 0 1 0 1 0 0
 1 1 1 1 1 0 1 0 1 0 0 1 0 0 1 0 0 0 1 1 0 0 1 0 0 0 0 1 0 0 1 0 1 1 1 0 0
 0 1 0 1 1 1 0 0 1 1 1 1 1 0 1 0 1 1 1 1 1 0 0 1 1 0 1 1 1 0 1 0 1 0 1 1 0
 1 1 1 0 0 0 0 1 0 1 0 1 0 0 0 1 1 0 0 0 0 1 0 0 1 0 1 0 0 1 0 0 1 0 0 0 0
 0 0 0 1 0 1 0 0 1 0 1 0 0 0 0 0 1 0 1 0 0 0 0 0 0 1 1 1 1 1 1 1 1 1 1 1 0
 0 1 1 1 0 0 1 0 1 0 0 0 0 1 0 0 1 0 0 1 1 1 0 0 0 1 0 1 1 0 0 1 0 0 0 1 1
 1 1 1 1 1 1 1 1 1 1 0 1 0 0 1 1 1 1 1 1 1 1 1 0 0 1 1 0 0 0 0 0 0 0 0 0 1
 1 1 1 1 0 0 1 0 1 0 0 0 0 1 0 1 0 1 1 1 1 0 0 0 0 0 0 0 1 0 1 0 1 0 0 1 0
 1 1 0 1 0 0 1 1 1 0 1 0 1 0 0 1 0 1 0 1 0 0 1 0 1 1 1 1 0 1 0 1 0 1 0 1 1
 1 1 1 1 0 0 1 0 1 0 0 1 1 1 1 0 0 0 1 1 1 1 0 1 1 0 1 1 1 0 1 1 1 1 1 0 1
 1 1 1 0 1 0 1 0 0 0 0 0 0 0 1 1 0 0 1 0 0 1 1 1 1 1 1 0 0 0 1 1 1 1 0 1 0
 1 1 0 0 0 1 0 0 1 1 0 0 0 0 1 0 0 0 1 0 1 0 1 1 1 1 0 0 1 1 0 1 0 1 1 0 0
 1 1 0 0 0 1 0 1 0 0 0 0 1 0 0 1 0 1 1 0 1 1 0 0 1 1 1 1 1 0 1 0 1 0 0 0 0
 0 0 0 0 0 1 1 1 1 1 1 1 1 1 0 1 0 1 1 1 1 1 0 0 1 1 0 1 0 1 1 1 1 1 0 1 0
 0 1 1 1 1 1 1 0 0 1 1 0 0 0 1 0 0 0 0 1 0 1 1 0 1 1 1 0 0 1 1 0 1 0 0 0 1
 0 1 0 0 1 1 1 1 1 1 1 1 1 1 1 0 1 1 1 1 0 1 0 0 0 1 0 1 1 1 1 0 1 0 1 1 0
 1 1 1 0 0 0 0 1 1 0 1 1 1 0 0 0 0 0 1 0 1 0 1 0 1 0 1 1 0 0 1 1 1 1 1 1 1
 0 1 1 1 1 0 0 1 0 1 0 0 1 1 1 0 0 1 0 1 0 1 1 1 1 0 0 1 0 1 1 0 1 1 0 1 0
 0 1 1 0 0 1 0 1 1 0 0 0 1 1 1 1 0 1 1 1 0 0 0 1 1 0 1 0 0 0 1 1 1 1 1 0 1
 1 0 1 1 0 0 0 1 0 1 0 0 1 1 1 0 1 0 0 0 1 1 0 1 1 1 0 1 1 0 0 1 0 1 0 0 1
 0 0 1 1 1 0 1 0 1 0 0 0 1 1 0 0 0 1 1 1 0 1 1 0 1 0 0 1 0 1 1 0 0 1 0 1 1
 0 1 1 0 0 1 0 1 0 1 1 0 0 0 0 0 0 0 1 1 1 1 1 0 1 1 0 1 1 0 1 0 0 0 1 1 0
 1 1 1 0 0 1 1 0 1 0 0 0 1 1 0 0 0 1 1 1 0 1 1 0 0 1 1 1 0 1 0 0 1 0 0 0 1
 0 0 1 0 0 1 1 1 1 1 1 1 0 1 1 0 0 0 0 0 1 0 1 1 1 1 1 0 1 0 1 1 1 0 0 1 1
 1 0 0 0 1 0 0 0 1 0 0 0 0 1 1 0 1 0 0 0 0 0 1 0 0 1 1 1 0 0 0 0 0 1 1 0 1
 1 0 0 0 0 1 0 1 1 1 1 0 1 1 1 0 1 0 0 0 0 0 0 1 0 1 0 1 1 1 1 1 1 0 1 1 0
 1 0 0 0 0 1 1 0 0 1 1 0 0 0 1 1 0 1 1 1 1 0 1 1 0 1 1 1 0 1 0 1 1 1 0 0 1
 0 0 1 0 0 0 0 1 0 1 1 0 0 0 1 1 1 0 1 1 0 1 0 0 0 1 0 1 1 0 1 0 1 0 1 0 1
 1 1 1 1 0 1 0 1 0 1 1 1 1 1 1 1 0 0 0 1 0 1 0 0 0 0 1 0 0 0 1 1 1 1 0 0 1
 0 0 0 0 1 1 1 0 1 0 0 1 1 1 0 0 0 0 0 1 1 0 1 0 1 1 0 0 0 0 1 1 0 0 1 1 1
 1 1 1 1 0 1 1 1 1 1 1 1 1 1 1 1 1 1 1 0 1 1 1 1 1 1 1 0 0 1 1 1 0 0 1 1 1
 1 0 1 1 1 1 0 1 1 0 1 1 0 1 0 0 1 0 1 1 0 0 0 1 1 0 1 1 0 0 1 0 1 1 0 1 0
 0 0 0 1 0 0 1 1 1 1 1 1 1 0 1 1 1 1 0 0 1 1 1 1 0 0 1 0 0 1 0 0 1 0 1 1 1
 0 0 1 1 0 1 0 0 1 0 0 1 1 1 1 1 0 1 0 0 0 1 0 1 1 1 0 0 0 0 1 0 0 1 1 0 1
 0 0]