[[47 45]
 [54 54]]
              precision    recall  f1-score   support

           0       0.47      0.51      0.49        92
           1       0.55      0.50      0.52       108

    accuracy                           0.51       200
   macro avg       0.51      0.51      0.50       200
weighted avg       0.51      0.51      0.51       200

[0 1 0 0 0 1 0 0 0 0 0 1 1 0 1 1 0 0 0 1 1 0 0 0 0 1 0 0 1 1 1 0 0 1 0 1 0
 1 0 1 1 1 1 0 0 0 0 0 1 0 0 0 0 1 0 0 0 0 1 0 1 1 0 0 0 0 1 0 0 0 1 0 1 1
 1 1 1 1 1 0 0 0 1 1 1 0 0 0 0 1 1 1 0 1 0 0 1 1 1 1 0 1 0 1 1 0 0 1 1 0 1
 0 0 1 0 0 0 0 0 1 1 0 1 0 1 0 0 0 1 1 0 0 0 1 1 1 0 1 0 1 1 1 1 0 1 1 1 1
 1 0 1 0 1 1 0 1 1 0 1 1 1 0 0 0 0 0 1 0 0 0 1 1 1 1 0 1 0 1 1 0 1 0 1 1 1
 0 1 1 1 0 0 0 1 1 1 1 0 1 1 0]