[[56 48]
 [51 45]]
              precision    recall  f1-score   support

           0       0.52      0.54      0.53       104
           1       0.48      0.47      0.48        96

    accuracy                           0.51       200
   macro avg       0.50      0.50      0.50       200
weighted avg       0.50      0.51      0.50       200

[0 0 0 1 0 0 1 0 0 1 0 1 1 1 0 1 0 1 1 1 1 1 0 1 0 0 1 1 1 1 1 0 0 0 0 1 1
 1 1 0 0 0 0 0 1 1 0 1 0 0 1 0 1 0 1 1 1 0 0 0 1 1 1 1 0 0 1 1 0 0 0 0 0 1
 1 0 1 1 1 1 0 0 1 1 0 0 0 0 0 1 0 0 1 0 0 0 0 1 0 0 0 0 1 1 0 0 1 0 0 0 0
 1 0 0 1 0 0 1 0 1 1 0 1 0 0 1 0 0 0 1 1 0 0 1 1 1 1 0 1 0 1 0 0 1 1 1 0 1
 0 0 0 1 1 1 1 1 1 1 0 0 0 0 0 1 0 1 0 0 0 0 0 1 1 0 0 0 1 0 0 1 1 0 0 1 0
 1 1 0 1 0 0 0 1 1 0 1 1 0 1 1]