[[45 61]
 [38 56]]
              precision    recall  f1-score   support

           0       0.54      0.42      0.48       106
           1       0.48      0.60      0.53        94

    accuracy                           0.51       200
   macro avg       0.51      0.51      0.50       200
weighted avg       0.51      0.51      0.50       200

[0 0 1 1 1 1 0 0 1 1 0 1 0 0 1 0 0 0 1 1 1 1 1 1 1 1 0 1 1 1 1 1 0 0 0 1 0
 1 0 1 1 1 1 1 1 0 1 0 0 1 0 0 1 0 1 0 1 0 1 1 0 1 1 0 1 1 1 0 0 1 1 0 0 1
 1 1 1 1 0 1 0 0 1 1 0 0 0 1 0 0 1 1 0 1 1 1 0 1 0 1 1 0 1 0 1 0 0 1 0 0 0
 1 1 1 1 1 0 1 0 1 1 1 0 0 0 0 0 0 1 1 0 1 0 1 1 0 1 1 0 1 1 1 1 0 1 1 1 1
 1 0 1 0 1 0 1 0 1 0 0 1 1 0 1 0 0 1 1 1 1 1 0 0 1 0 1 0 1 1 1 1 0 1 1 1 1
 0 0 1 0 0 1 1 0 0 0 0 1 1 1 1]