[[447 478]
 [533 542]]
              precision    recall  f1-score   support

           0       0.46      0.48      0.47       925
           1       0.53      0.50      0.52      1075

    accuracy                           0.49      2000
   macro avg       0.49      0.49      0.49      2000
weighted avg       0.50      0.49      0.50      2000

[0 0 1 1 0 1 1 0 1 1 1 1 1 0 1 1 0 0 1 0 0 1 0 1 0 0 0 0 0 0 1 0 0 0 0 0 0
 0 1 1 1 1 0 0 1 1 1 1 1 1 1 1 0 1 0 0 0 0 1 0 0 1 0 1 1 1 0 1 1 1 0 1 1 1
 1 0 0 0 0 0 1 1 0 0 1 0 1 1 0 1 0 0 0 1 1 0 1 1 1 0 1 1 1 1 1 1 1 0 1 0 0
 0 0 1 1 1 1 0 0 1 1 0 1 0 0 0 0 1 1 0 1 0 0 0 0 1 0 0 0 0 1 1 1 0 1 1 0 0
 1 1 0 1 0 1 0 1 0 1 1 1 0 1 1 0 0 1 0 0 0 0 0 0 1 1 0 0 0 1 0 1 1 1 0 1 1
 0 0 0 1 0 1 0 0 1 1 0 0 0 1 1 1 1 1 0 1 0 1 0 0 0 0 1 1 1 1 1 0 0 0 1 1 0
 0 0 1 1 0 0 0 0 1 1 0 1 0 1 0 0 1 1 1 1 0 1 0 1 0 1 0 0 0 0 1 0 1 1 1 0 1
 0 1 0 0 1 1 0 1 0 0 0 1 1 1 0 0 1 0 1 1 1 1 0 0 1 0 0 0 0 0 0 0 0 0 1 1 0
 0 1 0 1 1 1 1 1 1 0 0 0 1 1 1 0 1 1 1 0 1 1 1 0 1 0 1 1 0 0 0 1 0 1 0 0 0
 0 1 1 0 0 0 0 1 1 1 1 1 0 1 0 1 1 1 0 0 0 0 1 1 1 1 1 0 1 0 1 0 0 0 1 1 1
 1 1 0 1 1 1 0 0 1 0 0 0 1 1 1 0 1 0 1 1 1 1 1 0 1 0 1 0 1 0 0 1 0 0 0 0 1
 1 1 1 0 1 1 1 0 1 0 1 1 1 1 1 0 1 0 1 0 1 0 0 1 0 0 1 0 1 0 1 1 1 0 0 0 1
 0 1 1 1 1 0 0 0 1 0 1 0 1 1 0 0 0 1 1 1 0 1 0 1 0 0 0 1 0 1 1 1 0 0 1 1 0
 0 1 1 1 0 1 0 1 0 1 1 0 0 0 1 0 1 1 1 1 1 0 1 0 1 0 1 0 0 0 0 1 1 1 0 0 0
 1 1 1 1 1 1 1 1 0 1 0 0 1 1 0 1 1 1 0 0 1 1 0 0 0 0 0 0 1 1 0 0 0 1 0 1 1
 1 1 1 1 0 0 0 0 1 0 0 0 0 0 1 1 0 1 0 1 0 0 1 1 0 1 0 1 0 1 0 0 0 0 1 0 0
 1 1 1 1 1 1 1 0 0 0 1 0 0 1 0 1 1 1 1 0 0 1 1 1 0 0 0 0 0 1 1 0 1 0 1 1 1
 0 0 0 1 1 1 0 1 0 0 0 1 0 1 1 0 0 1 1 1 0 0 1 1 1 0 1 1 0 0 1 0 0 1 1 1 0
 0 1 0 1 0 0 0 0 1 0 0 0 1 0 0 0 1 0 0 0 0 1 0 0 1 1 1 0 0 0 1 0 1 1 1 0 0
 0 1 0 1 1 0 0 1 0 0 0 1 0 1 1 0 1 0 1 0 1 1 1 0 0 1 1 0 1 1 1 1 1 0 0 1 1
 1 1 0 1 1 1 1 0 1 0 0 0 1 1 0 1 1 0 0 0 1 1 1 1 0 1 1 0 1 1 1 0 0 0 1 0 1
 1 1 1 0 1 1 1 0 0 0 1 0 0 0 0 0 1 0 1 0 0 0 1 0 0 0 1 1 0 1 1 0 1 0 1 0 1
 1 1 1 0 0 1 0 0 1 1 1 0 1 1 0 1 0 0 1 0 0 1 0 0 0 0 1 1 0 1 0 0 0 0 0 1 1
 1 1 1 1 0 0 1 1 0 0 1 0 1 1 1 1 1 1 1 0 0 1 0 0 1 0 1 1 0 0 0 1 1 1 0 0 1
 1 0 1 0 1 1 0 1 0 1 1 0 1 0 0 0 0 1 0 0 0 1 1 0 0 1 1 0 0 0 1 0 0 1 1 0 0
 0 0 0 0 0 1 1 0 0 0 0 1 1 1 1 0 1 0 0 1 0 1 0 0 1 0 0 0 1 0 0 1 0 1 0 0 0
 1 1 1 1 0 1 0 0 1 0 1 1 1 1 1 0 0 1 1 0 1 1 1 1 1 1 0 0 0 0 0 1 1 0 0 0 1
 1 0 0 1 1 0 1 1 1 1 1 0 1 0 1 1 1 0 1 0 0 1 1 0 1 1 1 0 1 0 0 0 0 1 1 0 0
 1 0 0 1 0 0 0 0 1 0 0 0 1 0 1 1 1 0 0 0 0 1 1 1 0 0 0 1 0 0 0 0 0 1 1 0 0
 1 0 1 0 1 1 1 0 0 1 0 0 1 1 0 1 0 1 1 1 1 1 1 0 0 1 1 1 1 1 0 1 0 1 0 1 1
 0 1 0 0 1 0 0 1 0 1 0 1 1 1 1 1 1 0 1 0 1 0 1 1 0 1 1 0 1 0 1 0 0 0 0 1 0
 0 0 1 0 1 1 1 0 0 0 0 1 0 0 1 0 1 1 0 1 1 0 1 1 0 0 0 1 0 0 0 1 0 0 0 0 1
 0 1 0 0 1 1 1 1 0 0 1 0 1 1 1 1 0 0 0 1 0 1 1 0 0 1 1 1 1 0 0 0 0 1 1 0 0
 0 1 1 1 0 0 0 1 0 1 0 1 0 0 0 0 0 1 1 0 1 1 1 1 1 1 1 1 1 1 0 0 0 0 0 0 1
 0 1 1 0 1 1 0 1 0 1 0 0 1 0 0 0 1 0 1 1 0 0 0 1 1 0 1 1 0 1 1 0 1 1 0 0 1
 0 0 0 0 1 1 1 0 0 0 1 0 0 1 0 1 0 1 0 1 1 0 0 1 1 1 1 0 0 0 0 1 0 0 0 1 1
 1 1 1 0 1 0 1 1 0 0 1 0 1 0 0 0 1 1 1 1 0 0 0 1 0 0 0 1 1 0 1 1 1 0 0 1 1
 1 1 0 1 1 0 0 1 0 0 1 1 0 1 0 0 1 1 0 1 0 1 0 0 1 1 1 1 0 1 0 0 1 0 0 0 1
 1 1 1 0 0 1 1 1 1 0 1 1 1 1 1 0 1 1 1 0 1 1 1 1 1 1 0 1 1 0 1 1 1 0 1 1 0
 1 1 1 1 1 1 1 0 1 0 1 1 0 0 1 1 0 0 0 1 1 0 1 0 1 0 0 1 0 0 0 0 1 1 0 0 1
 0 0 0 0 1 0 0 0 1 1 0 0 1 0 0 1 0 0 0 1 1 0 1 1 1 0 0 1 0 1 0 0 0 0 1 0 0
 0 0 1 1 0 0 1 1 0 1 1 1 0 1 0 1 1 0 1 1 1 1 0 1 0 1 1 1 1 0 1 0 1 1 1 1 1
 0 0 0 1 0 1 1 0 1 0 0 1 0 1 1 0 1 1 0 1 0 1 0 1 0 1 0 1 1 0 0 1 1 1 0 0 0
 1 0 0 0 1 0 1 1 1 1 0 0 0 0 1 1 1 0 1 1 0 1 0 0 1 0 0 0 1 1 1 1 0 0 0 0 0
 1 0 1 1 0 0 1 1 1 1 1 0 1 1 0 0 0 0 1 0 1 1 1 1 0 0 1 0 1 0 1 0 0 1 1 0 1
 0 1 0 0 0 1 0 1 1 1 0 1 1 0 0 1 1 0 1 0 1 0 1 0 0 0 1 1 0 1 0 0 0 1 1 0 0
 1 0 1 0 0 1 0 0 1 1 1 1 1 0 1 1 1 0 1 0 1 0 1 1 1 0 1 0 0 0 0 0 0 0 1 0 0
 1 0 0 1 0 1 0 0 1 1 1 1 0 1 0 0 0 1 0 0 1 1 0 0 0 0 1 1 1 1 0 1 0 0 1 0 0
 1 1 1 1 1 0 1 1 1 1 0 1 1 1 1 1 0 0 1 0 0 1 1 1 1 0 0 0 1 0 0 1 0 0 0 1 1
 1 0 0 0 0 0 1 1 1 1 0 1 0 0 0 1 0 1 1 0 1 1 1 1 0 1 1 1 0 0 1 1 1 1 0 1 0
 0 1 0 1 1 0 1 0 0 0 1 1 1 0 0 0 0 1 1 0 0 0 0 0 1 0 0 0 1 1 1 0 1 1 0 0 1
 0 0 1 0 0 1 1 0 1 0 0 1 0 1 0 0 0 0 0 0 1 0 0 0 0 0 1 0 0 0 1 0 0 0 0 0 1
 1 0 1 0 0 1 1 1 0 1 0 0 0 1 1 1 0 0 1 0 0 0 0 1 1 1 0 1 1 0 1 0 0 1 0 1 1
 1 0 1 0 1 1 0 1 1 1 1 0 0 1 1 0 1 1 0 1 1 1 1 0 1 0 1 0 1 0 1 1 1 1 1 1 0
 1 0]