[[48 58]
 [44 50]]
              precision    recall  f1-score   support

           0       0.52      0.45      0.48       106
           1       0.46      0.53      0.50        94

    accuracy                           0.49       200
   macro avg       0.49      0.49      0.49       200
weighted avg       0.49      0.49      0.49       200

[1 1 0 1 0 0 0 0 0 1 1 1 0 1 0 0 0 0 1 1 0 0 1 1 0 0 0 0 1 1 0 1 0 0 1 1 1
 1 1 0 0 0 1 0 1 1 0 0 0 0 1 0 1 0 1 0 1 0 1 0 1 1 1 0 1 1 1 1 1 0 1 0 1 0
 1 0 0 0 1 0 1 1 0 1 1 1 0 0 1 0 0 1 1 1 0 0 0 1 0 0 1 1 1 1 0 1 1 0 0 1 0
 1 1 0 0 0 1 1 1 0 1 1 0 0 1 0 1 0 1 0 1 0 0 1 0 0 0 1 1 1 0 0 0 0 1 1 1 1
 1 1 1 0 0 1 0 0 0 1 0 1 1 1 0 1 0 0 0 1 1 1 1 1 1 1 1 1 1 0 0 1 0 0 0 0 1
 1 1 1 1 1 0 0 1 0 1 1 1 1 1 1]