[[55 39]
 [53 53]]
              precision    recall  f1-score   support

           0       0.51      0.59      0.54        94
           1       0.58      0.50      0.54       106

    accuracy                           0.54       200
   macro avg       0.54      0.54      0.54       200
weighted avg       0.54      0.54      0.54       200

[0 0 1 0 0 1 1 0 0 1 0 0 1 0 1 0 0 0 1 1 1 1 0 0 0 0 1 1 0 0 1 0 0 0 0 1 0
 1 1 1 0 1 0 1 1 0 1 1 1 1 1 0 0 1 0 0 0 1 1 0 0 0 0 1 0 0 1 1 0 0 0 0 0 0
 1 0 0 1 1 1 1 0 0 0 1 0 0 1 0 1 0 1 1 0 0 1 0 1 1 1 1 1 1 0 0 0 1 0 0 0 1
 1 0 1 0 1 0 1 0 1 1 1 0 0 1 1 1 1 1 1 0 0 0 0 1 0 1 1 0 1 1 1 1 0 0 0 0 1
 1 0 0 0 1 0 1 0 0 0 0 0 0 1 0 1 0 1 0 0 0 1 1 1 0 0 1 0 1 0 1 0 1 0 1 0 1
 1 0 0 1 0 0 0 0 1 0 0 1 0 1 1]