[[50 35]
 [65 50]]
              precision    recall  f1-score   support

           0       0.43      0.59      0.50        85
           1       0.59      0.43      0.50       115

    accuracy                           0.50       200
   macro avg       0.51      0.51      0.50       200
weighted avg       0.52      0.50      0.50       200

[0 1 0 1 0 0 1 0 1 1 1 1 0 1 0 1 1 0 1 0 1 1 1 0 1 1 1 0 0 0 0 0 0 0 0 1 1
 1 0 0 0 1 0 0 0 0 0 0 0 0 0 1 0 1 1 1 1 0 1 1 0 1 1 0 0 0 0 1 1 1 1 1 1 0
 1 0 1 0 0 1 0 1 1 1 0 0 0 0 0 0 1 1 0 1 0 0 1 1 0 0 1 1 0 1 1 0 0 0 1 0 1
 0 0 1 0 0 0 0 1 0 0 0 0 1 1 0 0 0 0 1 1 0 1 0 1 0 0 1 0 1 1 0 1 0 0 1 1 1
 0 0 0 0 0 0 1 1 0 0 0 1 0 1 0 1 0 0 0 1 0 1 1 1 1 0 0 1 1 1 0 1 1 0 0 0 0
 0 0 0 0 0 0 0 1 0 0 0 0 1 0 0]