[[52 45]
 [52 51]]
              precision    recall  f1-score   support

           0       0.50      0.54      0.52        97
           1       0.53      0.50      0.51       103

    accuracy                           0.52       200
   macro avg       0.52      0.52      0.51       200
weighted avg       0.52      0.52      0.51       200

[1 1 1 1 0 1 1 1 0 1 0 1 0 0 1 1 0 1 1 1 0 0 1 1 1 1 1 0 0 1 0 0 0 0 0 1 0
 0 0 1 0 0 1 1 1 0 0 1 0 1 0 1 0 1 1 0 0 1 1 0 1 1 0 0 0 1 0 0 0 0 1 1 1 0
 0 0 1 1 0 1 1 0 1 1 0 1 0 0 0 0 0 0 1 0 0 1 0 0 0 1 1 1 1 0 0 1 0 1 1 1 0
 0 1 0 0 0 0 1 0 0 0 1 0 1 0 1 0 0 1 0 1 0 0 1 0 0 1 1 1 1 1 1 1 0 0 0 0 1
 0 1 1 0 1 0 0 0 0 0 0 0 1 1 0 0 0 0 1 0 1 1 1 1 0 0 1 1 1 1 1 0 0 0 1 1 0
 1 1 1 1 1 0 0 1 0 0 0 1 0 0 1]