[[61 34]
 [42 63]]
              precision    recall  f1-score   support

           0       0.59      0.64      0.62        95
           1       0.65      0.60      0.62       105

    accuracy                           0.62       200
   macro avg       0.62      0.62      0.62       200
weighted avg       0.62      0.62      0.62       200

[1 1 1 0 0 0 0 0 1 1 1 1 1 0 0 0 1 0 0 1 1 1 1 0 0 0 0 0 1 0 1 0 1 0 0 0 0
 1 1 1 0 0 1 0 0 1 1 1 0 0 0 0 0 1 1 0 1 0 0 0 1 0 0 1 0 0 1 0 0 0 1 0 0 0
 0 0 1 1 1 1 1 1 0 0 1 1 1 1 0 0 1 1 0 1 1 1 0 1 0 1 1 0 0 1 1 0 0 0 0 1 0
 0 0 1 1 1 0 0 0 0 0 0 1 1 0 1 0 1 1 1 0 1 1 0 0 0 1 1 1 1 1 0 0 0 1 1 1 0
 1 0 1 1 0 0 0 1 1 0 0 1 1 0 1 0 1 0 1 0 0 0 1 0 1 0 1 0 1 1 0 0 0 1 1 0 1
 1 0 1 1 1 1 0 0 1 1 0 1 0 1 0]