[[46 42]
 [62 50]]
              precision    recall  f1-score   support

           0       0.43      0.52      0.47        88
           1       0.54      0.45      0.49       112

    accuracy                           0.48       200
   macro avg       0.48      0.48      0.48       200
weighted avg       0.49      0.48      0.48       200

[1 1 0 1 0 0 1 1 0 0 0 0 1 0 0 0 0 1 1 1 1 1 1 0 1 1 1 1 1 0 1 1 0 1 0 0 0
 1 0 1 1 0 0 0 0 1 0 0 0 0 1 0 0 1 0 1 0 0 0 1 0 0 1 0 0 1 0 1 1 1 0 0 1 0
 0 0 1 0 1 1 1 1 0 0 1 0 0 0 0 1 0 0 0 0 0 0 0 0 0 1 1 0 0 1 0 0 1 1 0 1 1
 1 0 0 1 1 0 1 1 0 1 1 1 1 1 1 0 1 1 0 1 1 1 1 0 0 0 0 0 1 1 1 1 0 0 0 0 1
 1 0 1 0 1 0 1 0 0 1 1 0 0 1 1 0 0 1 1 1 0 0 0 0 0 0 0 1 1 1 0 1 1 0 0 1 0
 0 0 0 0 1 0 0 1 0 0 1 0 1 1 0]