[[197 279]
 [207 317]]
              precision    recall  f1-score   support

           0       0.49      0.41      0.45       476
           1       0.53      0.60      0.57       524

    accuracy                           0.51      1000
   macro avg       0.51      0.51      0.51      1000
weighted avg       0.51      0.51      0.51      1000

[1 0 1 1 0 1 1 1 1 0 1 1 1 0 1 1 1 1 0 0 0 1 0 0 1 0 0 0 0 0 1 1 1 1 1 0 0
 0 1 0 1 0 0 0 1 0 1 1 0 1 1 1 1 0 1 0 1 1 1 1 1 1 1 1 1 1 1 0 0 0 0 1 1 0
 0 1 1 0 1 0 1 1 0 0 0 0 0 1 0 0 1 0 1 1 0 0 0 0 1 1 0 1 0 0 0 1 0 1 0 0 0
 1 1 1 1 1 1 1 1 0 1 1 1 0 0 1 0 0 1 1 0 1 1 1 1 0 1 0 1 0 1 1 1 1 0 1 0 1
 0 1 1 1 0 1 0 1 1 1 1 0 0 1 1 1 1 1 1 0 0 1 1 1 1 0 1 1 1 0 1 0 0 1 1 1 1
 1 1 1 1 1 1 1 1 1 1 0 1 1 0 1 0 1 1 0 1 0 1 0 1 0 1 0 0 1 0 1 1 0 1 0 1 0
 0 1 0 1 0 1 1 1 1 1 0 1 0 1 0 0 1 0 1 1 1 1 1 0 1 0 1 0 0 1 0 1 1 1 1 1 1
 1 0 0 1 0 0 0 1 1 0 0 1 0 1 1 0 0 0 0 1 0 1 0 0 0 1 0 1 1 1 0 0 0 1 0 1 1
 1 0 1 1 0 1 1 1 0 1 1 0 1 1 1 1 1 0 0 1 1 1 0 1 1 0 1 1 1 0 1 1 0 1 1 0 0
 1 1 0 1 0 1 0 0 1 1 0 1 1 1 0 0 1 1 1 0 1 0 1 0 0 1 1 1 0 1 1 1 0 1 1 1 0
 1 1 0 0 1 1 1 0 0 1 0 1 0 1 1 1 1 1 1 1 1 1 1 1 1 0 1 0 1 0 0 0 0 0 1 0 0
 1 0 1 0 1 0 0 1 1 0 0 1 0 0 1 1 0 1 1 1 1 1 1 1 1 0 0 1 1 0 1 1 1 1 0 0 0
 1 1 0 1 1 0 0 0 0 1 1 0 1 0 0 1 1 1 1 0 1 0 1 0 0 0 0 1 1 1 1 1 0 0 1 0 0
 0 1 1 1 0 0 1 1 0 1 1 1 1 1 0 0 1 1 0 1 0 0 0 1 0 1 1 0 0 1 1 0 0 1 0 0 0
 1 1 1 0 1 1 1 1 1 1 1 1 1 0 1 0 0 0 1 0 0 1 1 0 0 1 1 0 1 0 1 0 1 0 1 1 1
 1 1 1 0 1 1 1 1 1 0 1 1 0 0 1 1 0 1 1 1 0 0 0 0 1 0 1 1 1 1 0 0 1 1 1 1 1
 0 0 1 0 1 1 1 1 1 1 1 1 1 1 1 1 1 0 0 1 0 0 1 0 0 1 1 1 0 0 1 0 0 1 1 0 1
 1 1 1 0 0 1 1 1 1 1 1 0 0 1 1 1 1 1 1 0 0 1 1 1 0 1 1 1 0 1 0 0 0 0 1 1 0
 1 0 1 1 1 1 0 1 1 1 1 1 0 0 1 1 1 0 1 0 0 1 0 1 0 0 1 0 0 1 0 1 0 0 1 0 1
 1 1 1 1 0 0 1 0 1 1 0 1 1 1 1 0 0 1 1 1 1 0 0 1 1 0 1 0 1 1 0 1 0 0 1 1 1
 0 0 1 1 1 0 0 1 1 1 1 1 1 0 1 0 1 1 1 1 0 0 0 1 1 1 0 0 0 1 1 1 1 0 1 1 1
 0 1 1 1 0 1 1 1 1 0 0 0 0 0 1 1 0 1 1 1 1 0 1 1 1 0 0 0 1 0 1 1 1 1 0 1 1
 0 0 1 0 0 1 0 1 0 0 0 1 1 1 1 1 1 1 1 0 0 1 0 1 0 1 1 1 1 1 1 1 0 0 1 1 1
 1 0 0 1 1 0 1 0 1 1 0 1 1 1 0 1 0 1 0 0 1 1 0 1 0 1 0 1 1 0 0 0 0 1 0 0 1
 1 1 1 0 0 0 0 0 1 0 0 0 0 1 1 1 1 0 0 1 0 0 0 0 0 1 1 1 1 0 0 0 1 1 1 0 0
 1 0 0 1 1 0 1 1 1 1 0 1 0 0 0 1 1 1 1 1 1 1 0 1 1 0 1 1 1 0 1 1 1 0 1 0 0
 1 1 0 1 0 0 1 1 1 0 0 0 0 0 1 0 1 0 1 1 1 1 0 1 0 0 0 1 1 0 1 1 1 1 0 1 1
 1]