[[52 52]
 [42 54]]
              precision    recall  f1-score   support

           0       0.55      0.50      0.53       104
           1       0.51      0.56      0.53        96

    accuracy                           0.53       200
   macro avg       0.53      0.53      0.53       200
weighted avg       0.53      0.53      0.53       200

[1 1 1 1 0 1 1 1 0 1 0 0 1 0 0 0 0 1 1 1 0 1 0 0 0 0 0 1 1 1 0 0 0 0 0 1 1
 0 1 0 0 1 1 0 1 1 0 1 0 1 1 1 0 0 1 1 1 0 1 0 1 1 1 0 1 0 0 1 1 0 0 0 0 1
 0 0 0 0 1 1 1 0 1 0 0 1 1 1 1 1 0 1 0 0 1 0 1 1 1 1 0 0 0 0 1 0 1 1 1 1 0
 0 1 1 0 1 1 1 1 1 0 0 1 1 0 1 1 1 0 0 1 1 1 0 0 1 1 1 0 1 1 1 0 0 0 0 1 0
 1 0 0 1 1 1 1 1 0 0 1 0 1 1 0 1 0 0 0 1 0 1 1 1 0 1 0 1 1 0 0 1 0 1 0 1 1
 0 0 0 0 0 0 1 1 1 1 1 0 0 0 0]