[[54 47]
 [52 47]]
              precision    recall  f1-score   support

           0       0.51      0.53      0.52       101
           1       0.50      0.47      0.49        99

    accuracy                           0.51       200
   macro avg       0.50      0.50      0.50       200
weighted avg       0.50      0.51      0.50       200

[0 1 0 1 0 0 0 1 1 1 0 1 1 0 1 0 0 1 0 0 0 0 1 0 0 1 1 1 1 0 1 0 0 0 0 0 0
 1 1 1 1 0 0 1 1 0 0 0 0 0 1 0 0 0 1 0 1 0 1 1 1 1 1 1 1 0 1 1 0 1 1 0 0 1
 0 0 0 0 1 1 0 0 1 0 1 0 1 0 0 1 1 0 0 1 0 1 1 1 0 1 1 1 0 1 0 1 0 1 0 0 0
 0 0 0 0 0 0 0 1 1 1 0 0 1 1 1 1 0 1 0 1 1 0 1 0 0 0 1 0 1 1 0 1 0 1 1 1 1
 1 0 0 0 1 1 0 1 1 0 0 0 0 1 1 1 0 0 0 1 1 1 1 0 0 1 0 1 1 0 0 0 0 0 0 0 0
 1 1 1 0 0 0 1 0 1 0 0 1 1 0 0]