[[43 61]
 [41 55]]
              precision    recall  f1-score   support

           0       0.51      0.41      0.46       104
           1       0.47      0.57      0.52        96

    accuracy                           0.49       200
   macro avg       0.49      0.49      0.49       200
weighted avg       0.49      0.49      0.49       200

[0 1 1 0 1 0 1 0 1 1 1 1 0 1 1 1 1 1 0 1 1 1 0 1 1 0 0 0 1 1 1 0 1 0 1 1 0
 0 1 0 1 0 0 0 1 0 1 0 0 0 1 1 0 1 0 1 0 0 0 1 0 1 0 0 0 1 1 0 0 1 0 1 0 1
 1 1 1 1 1 1 0 0 1 0 1 1 1 0 1 0 1 1 0 0 1 1 0 1 1 0 1 0 0 1 0 0 0 0 0 1 1
 1 1 0 1 0 0 0 0 1 0 1 1 0 0 1 0 0 1 1 0 1 1 1 1 1 1 1 0 1 1 1 1 1 1 1 1 1
 0 0 1 1 1 1 1 1 1 1 1 0 1 1 0 1 0 0 1 0 1 1 0 0 1 1 0 1 1 0 0 1 1 0 1 1 1
 0 1 0 1 0 0 1 1 0 1 1 0 1 0 0]