[[47 52]
 [54 47]]
              precision    recall  f1-score   support

           0       0.47      0.47      0.47        99
           1       0.47      0.47      0.47       101

    accuracy                           0.47       200
   macro avg       0.47      0.47      0.47       200
weighted avg       0.47      0.47      0.47       200

[0 0 1 1 0 0 1 0 1 0 0 0 1 1 0 0 1 1 1 1 0 1 0 1 1 1 1 0 1 0 0 1 0 1 0 1 1
 1 0 1 1 0 1 1 1 0 1 1 1 0 0 0 1 0 0 0 1 1 1 1 0 0 0 0 0 1 0 0 1 1 1 0 1 0
 0 1 0 0 0 1 1 1 1 0 0 1 0 0 0 1 1 0 0 1 1 1 0 0 1 1 1 0 1 0 0 0 0 0 1 1 1
 1 1 0 1 1 1 0 1 1 1 1 1 0 0 0 1 0 1 0 1 1 1 1 0 0 1 0 0 0 1 1 0 1 1 0 0 0
 1 1 0 0 0 0 0 1 1 0 1 0 0 1 0 0 1 1 1 0 1 1 0 1 0 1 0 0 1 0 1 1 1 0 0 0 0
 1 1 0 0 0 1 0 0 1 0 0 0 0 0 0]