[[446 491]
 [476 587]]
              precision    recall  f1-score   support

           0       0.48      0.48      0.48       937
           1       0.54      0.55      0.55      1063

    accuracy                           0.52      2000
   macro avg       0.51      0.51      0.51      2000
weighted avg       0.52      0.52      0.52      2000

[1 0 1 0 0 0 1 1 0 1 0 0 0 1 1 1 0 1 0 1 0 1 0 0 1 1 0 1 0 1 1 1 0 0 0 0 0
 1 1 0 0 1 1 0 0 0 0 1 0 1 0 1 1 1 0 0 0 0 0 1 1 1 1 0 0 0 1 1 1 0 0 0 1 1
 0 1 1 1 1 0 1 1 0 0 1 0 0 1 1 0 0 0 0 1 1 1 1 1 1 1 1 0 0 1 1 1 1 0 0 0 0
 0 0 1 0 1 0 0 1 1 1 1 1 1 1 1 0 1 0 0 1 0 1 0 0 1 0 0 0 0 1 0 1 1 0 0 1 1
 0 1 1 1 1 1 0 1 0 1 0 1 0 1 0 0 1 0 0 1 0 1 1 1 1 1 1 0 1 1 0 1 0 0 1 1 1
 1 1 1 0 1 0 1 0 1 0 1 1 0 0 0 1 0 1 0 0 1 0 0 0 1 0 0 1 1 0 1 0 1 1 1 1 1
 0 1 0 0 1 1 1 0 1 1 0 0 1 0 1 1 0 0 1 0 0 0 1 0 0 1 1 0 0 0 0 0 0 0 0 1 0
 0 1 0 1 1 0 0 0 1 1 0 1 0 1 0 1 1 0 1 0 0 1 0 1 1 0 1 1 0 0 0 0 0 0 0 0 1
 1 1 0 1 1 1 1 1 0 0 0 1 1 0 1 0 0 0 1 1 1 0 1 1 1 1 0 0 1 1 1 1 1 1 0 1 0
 0 1 1 0 0 1 1 0 0 1 1 1 0 0 1 1 1 1 0 1 1 0 0 1 1 0 1 0 1 0 1 1 1 1 1 1 0
 1 1 0 1 1 0 0 0 1 1 1 1 1 0 0 1 1 1 1 1 0 1 1 1 1 0 1 1 0 1 1 1 0 1 1 1 1
 1 0 1 0 1 0 0 0 1 1 1 0 1 1 1 1 0 1 1 1 1 0 0 0 0 1 1 0 1 1 1 0 0 1 1 1 1
 0 0 1 0 0 0 0 0 1 0 1 1 1 1 0 1 1 0 0 1 1 0 1 0 1 0 0 1 0 0 1 0 0 0 0 0 0
 1 0 1 0 1 1 1 0 1 0 0 1 1 0 0 1 0 1 0 0 1 1 1 1 1 1 0 0 1 0 1 0 0 1 1 0 0
 0 0 1 1 1 0 0 0 0 1 1 1 0 0 1 1 0 1 0 0 1 1 0 1 1 0 1 1 0 0 1 0 1 1 0 1 0
 0 1 1 1 0 1 0 1 0 1 0 0 1 1 1 1 1 0 1 0 0 1 0 0 0 1 0 1 0 1 0 1 1 0 0 0 1
 1 0 1 0 0 1 0 0 0 1 0 0 0 1 0 1 0 0 0 1 0 1 1 0 1 0 0 1 1 0 1 0 1 0 1 1 0
 1 0 0 0 0 1 1 1 1 0 0 1 0 1 1 1 1 0 1 0 0 1 0 1 1 0 1 1 0 1 0 0 0 0 0 1 1
 1 0 0 1 0 1 0 1 1 1 1 0 1 0 0 1 0 0 0 0 1 1 0 0 1 1 0 1 0 1 0 0 1 1 1 1 0
 0 1 1 0 0 0 0 0 1 1 1 1 0 0 1 0 1 1 0 0 0 1 0 1 1 1 1 0 1 0 1 0 1 0 0 1 0
 1 1 0 1 1 1 1 1 1 1 1 0 0 1 1 1 1 0 0 1 1 0 1 1 0 1 1 0 0 0 1 1 1 1 1 0 1
 0 1 0 0 1 0 1 0 1 1 1 0 1 1 1 1 1 0 1 0 1 0 0 1 0 1 1 0 1 0 1 0 0 1 1 0 1
 1 0 1 0 0 1 0 0 0 1 0 1 0 1 0 1 0 0 1 0 0 1 1 1 1 0 1 0 1 0 1 0 0 1 1 0 0
 1 0 1 1 0 0 0 1 0 1 1 1 1 1 0 1 0 0 0 0 1 0 0 0 1 1 0 1 0 1 1 1 1 0 0 1 0
 0 1 1 0 0 1 1 0 1 1 1 1 0 0 1 1 1 1 1 1 1 0 1 1 0 1 0 0 0 1 1 0 1 1 1 0 0
 0 1 0 1 0 1 0 1 1 1 1 0 0 1 1 0 0 0 0 0 0 0 0 1 1 1 1 0 1 1 1 1 0 0 0 0 1
 0 0 1 1 0 1 1 0 1 0 1 0 0 1 1 0 1 1 0 0 0 1 1 0 1 1 0 1 1 1 1 0 1 1 1 1 1
 0 1 0 0 0 0 0 0 0 1 0 0 0 1 0 0 1 1 1 1 1 0 0 1 0 0 0 1 0 1 1 1 1 1 0 0 1
 1 0 0 0 1 0 1 1 0 0 1 0 1 0 1 0 0 1 0 1 1 0 1 1 1 1 0 0 1 1 1 0 0 1 1 1 0
 1 1 0 1 0 0 1 0 1 1 1 1 1 1 0 1 1 0 1 1 0 0 1 0 0 1 1 0 1 0 0 1 0 0 1 0 0
 1 1 1 0 0 1 0 1 0 0 0 0 0 1 1 0 1 1 1 0 0 1 1 1 0 0 1 1 0 0 1 0 0 1 1 0 0
 1 1 1 1 0 1 0 0 0 1 1 0 1 1 0 0 0 1 1 0 1 1 0 1 0 1 1 1 0 1 0 1 0 1 1 0 1
 1 0 0 0 0 0 1 1 0 1 1 0 0 1 1 0 0 1 0 0 1 0 0 0 0 0 0 1 0 1 0 0 0 0 1 0 0
 0 0 1 0 1 1 1 0 0 1 1 0 1 1 1 0 1 0 1 0 0 0 0 1 1 1 1 1 1 0 0 0 1 1 1 0 0
 1 0 0 1 0 1 1 0 1 1 0 0 1 1 1 1 1 0 1 0 1 0 0 0 0 1 0 1 1 1 0 0 1 1 1 1 0
 0 1 0 1 1 0 0 1 1 1 1 0 0 0 1 0 0 1 1 0 0 1 1 0 0 1 1 0 0 1 1 0 0 1 0 1 1
 1 1 1 1 1 0 1 1 0 0 0 1 1 1 0 1 0 1 1 1 0 1 1 0 1 0 1 1 1 1 0 1 0 0 0 1 1
 1 0 1 1 0 0 0 1 1 0 0 1 0 1 1 0 1 0 1 0 1 1 1 0 0 0 0 1 0 1 1 1 1 1 1 0 1
 0 1 1 1 1 0 1 1 1 0 1 1 0 1 1 0 0 0 0 1 0 1 1 0 0 0 0 1 1 1 1 1 0 1 0 1 1
 0 1 1 1 1 1 0 1 1 1 1 1 1 0 1 1 0 0 1 1 1 1 0 1 1 1 0 0 1 0 0 0 0 1 0 0 1
 1 1 0 0 0 1 1 1 1 1 1 1 1 1 0 1 1 1 1 1 1 1 0 0 1 0 0 1 1 1 0 1 1 0 1 1 1
 0 1 0 0 0 1 1 1 0 0 0 1 0 1 0 1 0 1 0 1 0 1 0 1 1 1 0 0 1 1 0 1 1 0 1 1 0
 0 1 0 1 1 1 1 1 0 1 0 1 0 0 0 1 1 1 0 1 1 0 0 0 0 0 1 1 0 1 0 0 1 0 1 0 0
 0 1 0 1 0 0 1 1 1 1 1 1 1 1 1 1 0 0 0 1 0 0 1 0 1 1 0 1 1 1 1 1 0 0 0 1 0
 0 1 1 0 1 0 1 0 1 0 1 1 1 0 1 1 1 1 1 1 0 0 0 1 0 1 0 0 1 0 1 0 1 1 0 1 0
 1 0 0 1 0 1 0 0 1 0 0 1 1 1 1 0 0 1 0 0 1 0 0 1 0 1 1 0 1 0 1 1 1 1 1 1 0
 0 0 1 0 1 1 0 1 0 0 0 0 0 1 0 0 0 1 1 1 1 1 0 1 1 1 0 0 1 1 1 1 0 0 0 1 1
 0 1 1 1 0 1 1 0 1 1 1 0 1 0 1 0 1 0 0 1 0 0 0 0 1 1 1 1 1 0 1 1 0 0 0 0 1
 1 0 0 0 0 1 0 1 0 1 1 1 1 1 1 1 1 0 1 0 0 0 0 0 1 0 1 0 1 1 1 1 0 0 0 0 0
 1 0 1 1 0 1 0 0 0 0 0 0 1 0 0 1 0 1 1 1 1 0 0 1 0 1 1 0 1 1 0 1 1 1 0 1 1
 1 0 1 0 0 0 1 0 1 1 1 0 1 1 0 1 1 1 0 1 1 1 0 1 1 1 1 1 0 0 0 0 0 0 0 1 1
 1 1 0 1 1 0 1 0 0 0 1 0 1 1 1 0 0 0 0 1 0 1 1 0 1 0 0 0 0 0 1 1 0 1 1 1 0
 1 1 1 1 0 0 1 0 0 0 0 1 1 1 0 1 1 0 1 0 1 1 1 0 0 1 1 1 1 0 1 1 0 0 1 1 1
 0 1 1 0 0 0 1 0 1 1 1 0 1 0 1 0 0 0 1 0 0 1 0 0 0 1 0 0 1 1 0 0 0 1 1 1 1
 0 1]