[[53 47]
 [51 49]]
              precision    recall  f1-score   support

           0       0.51      0.53      0.52       100
           1       0.51      0.49      0.50       100

    accuracy                           0.51       200
   macro avg       0.51      0.51      0.51       200
weighted avg       0.51      0.51      0.51       200

[1 0 0 0 0 0 1 0 1 1 0 0 0 1 1 0 0 0 0 1 0 0 0 0 0 1 0 0 0 1 0 1 1 0 1 1 0
 0 1 1 0 0 0 1 1 0 1 1 1 0 1 0 1 0 0 0 1 1 0 1 1 0 1 1 1 1 1 1 1 0 0 1 1 1
 1 0 1 0 1 1 1 0 1 0 0 1 1 1 1 1 0 1 0 1 1 1 0 0 1 0 0 0 1 1 1 0 0 0 1 0 1
 0 0 0 0 1 0 1 0 0 1 1 0 0 0 0 1 0 0 0 0 1 0 0 1 1 0 1 1 1 0 0 1 1 0 0 1 1
 1 1 0 0 0 1 0 1 0 1 0 0 1 0 0 1 1 0 0 1 1 0 1 0 1 1 0 0 0 1 0 1 0 0 0 0 0
 1 1 1 0 0 1 0 0 0 1 1 1 1 0 1]