[[54 41]
 [61 44]]
              precision    recall  f1-score   support

           0       0.47      0.57      0.51        95
           1       0.52      0.42      0.46       105

    accuracy                           0.49       200
   macro avg       0.49      0.49      0.49       200
weighted avg       0.49      0.49      0.49       200

[1 0 1 0 0 0 1 0 0 1 1 1 1 1 1 1 0 1 0 0 0 0 0 1 1 1 0 0 0 0 0 0 0 1 1 0 0
 1 1 1 1 1 0 1 0 0 1 1 1 1 0 0 1 1 1 1 0 1 1 1 0 0 0 0 0 1 1 0 0 0 1 0 0 1
 0 0 0 1 1 1 1 0 1 0 0 0 1 1 0 0 0 1 1 1 0 0 0 0 0 0 0 1 1 0 0 1 1 1 0 0 0
 0 1 1 1 0 0 0 0 0 1 1 1 0 1 1 0 1 1 1 0 0 0 1 0 0 0 1 0 0 0 0 0 0 0 1 0 0
 1 0 0 1 1 0 0 1 0 0 1 1 1 1 0 0 0 0 0 0 1 1 1 0 0 0 0 0 0 1 1 0 0 0 1 0 0
 0 1 0 0 0 0 1 0 1 1 0 0 0 0 1]