[[51 45]
 [47 57]]
              precision    recall  f1-score   support

           0       0.52      0.53      0.53        96
           1       0.56      0.55      0.55       104

    accuracy                           0.54       200
   macro avg       0.54      0.54      0.54       200
weighted avg       0.54      0.54      0.54       200

[1 1 1 0 1 1 1 1 0 1 0 1 1 0 0 0 0 1 1 1 1 1 0 1 1 1 0 0 0 1 0 0 1 0 0 0 1
 1 1 1 0 1 0 0 1 0 0 0 1 1 0 1 1 0 1 0 1 1 0 1 1 0 1 0 0 1 0 0 1 1 0 1 1 1
 1 1 1 0 1 0 0 1 0 1 0 0 0 0 0 0 1 1 0 1 1 0 1 0 1 1 1 1 0 0 1 1 0 0 1 0 1
 1 0 1 1 0 0 1 1 1 1 1 1 0 1 0 1 0 0 1 0 0 0 1 0 0 0 1 1 0 0 0 1 1 1 1 1 0
 0 1 0 1 0 0 1 1 1 1 1 0 0 0 0 0 0 1 1 1 0 0 1 0 1 0 1 0 1 0 1 1 1 0 1 0 1
 0 0 0 1 0 0 0 0 0 0 0 0 0 0 1]