[[57 55]
 [43 45]]
              precision    recall  f1-score   support

           0       0.57      0.51      0.54       112
           1       0.45      0.51      0.48        88

    accuracy                           0.51       200
   macro avg       0.51      0.51      0.51       200
weighted avg       0.52      0.51      0.51       200

[0 1 1 1 0 0 1 1 1 1 0 1 0 0 0 1 1 1 0 0 1 0 0 1 0 1 1 0 0 0 0 1 1 1 0 1 1
 0 0 1 0 1 0 0 1 1 1 0 0 1 1 0 0 0 0 0 0 0 0 0 1 1 1 1 1 1 1 1 1 1 1 1 0 1
 0 0 0 0 1 1 0 1 1 1 1 1 1 1 1 0 0 1 0 1 0 0 0 0 0 1 1 0 0 0 0 1 0 0 0 1 0
 0 0 0 1 0 0 1 0 0 1 0 1 0 1 0 0 0 0 1 1 1 1 0 0 1 1 0 1 1 0 1 1 0 0 1 1 1
 0 0 0 0 0 1 1 0 0 1 1 1 1 1 0 1 0 0 0 0 1 1 0 1 1 0 1 0 0 1 1 1 0 0 0 0 1
 0 1 1 1 0 0 0 1 1 1 0 1 0 1 1]