[[56 47]
 [48 49]]
              precision    recall  f1-score   support

           0       0.54      0.54      0.54       103
           1       0.51      0.51      0.51        97

    accuracy                           0.53       200
   macro avg       0.52      0.52      0.52       200
weighted avg       0.52      0.53      0.52       200

[0 1 1 1 0 0 1 1 1 0 0 1 1 1 1 1 0 0 1 1 1 1 0 0 0 0 1 0 1 1 0 0 1 0 0 1 0
 0 0 0 0 0 0 1 1 1 0 1 1 0 1 1 1 0 0 1 1 0 0 1 1 1 0 1 1 1 0 1 1 0 1 1 1 0
 1 0 0 1 0 1 0 0 0 1 0 0 1 0 0 1 1 0 1 0 1 1 1 0 1 1 0 0 1 0 0 0 1 1 0 1 0
 1 1 0 0 1 0 0 1 0 0 1 0 1 1 1 1 0 1 0 0 0 0 1 0 1 0 0 0 0 0 0 0 1 0 0 0 1
 1 0 1 1 0 0 1 0 0 0 1 0 1 0 0 1 0 0 0 1 1 1 0 1 1 0 1 0 1 0 0 1 1 0 1 0 0
 1 0 0 0 1 0 1 0 1 1 1 0 1 0 0]