[[48 55]
 [50 47]]
              precision    recall  f1-score   support

           0       0.49      0.47      0.48       103
           1       0.46      0.48      0.47        97

    accuracy                           0.48       200
   macro avg       0.48      0.48      0.47       200
weighted avg       0.48      0.47      0.48       200

[1 1 0 0 0 1 1 1 1 1 0 1 1 1 0 1 0 0 1 0 1 1 0 0 0 1 0 1 1 0 0 1 0 0 1 0 1
 1 0 1 0 1 0 0 1 1 0 0 1 1 0 1 0 0 0 1 0 0 1 1 0 0 0 1 0 1 0 0 1 1 1 0 1 1
 0 0 1 1 1 0 1 0 0 0 0 0 0 1 0 1 1 1 1 0 0 0 1 1 1 1 0 0 1 1 0 1 0 1 1 1 0
 1 1 0 0 0 1 0 1 1 0 1 0 0 1 1 0 1 1 0 1 0 1 1 0 1 1 0 1 1 0 0 0 1 0 0 1 0
 0 0 0 0 0 0 1 0 1 0 1 0 0 1 1 1 1 0 1 0 0 1 0 1 0 1 0 0 1 1 0 1 1 1 0 1 0
 1 0 1 0 0 0 1 0 1 1 1 1 1 0 1]