[[415 488]
 [509 588]]
              precision    recall  f1-score   support

           0       0.45      0.46      0.45       903
           1       0.55      0.54      0.54      1097

    accuracy                           0.50      2000
   macro avg       0.50      0.50      0.50      2000
weighted avg       0.50      0.50      0.50      2000

[0 0 0 1 1 1 1 0 0 1 0 0 1 1 0 1 0 1 0 0 1 1 1 0 1 1 1 0 0 0 0 1 1 1 1 0 1
 0 0 0 0 1 1 1 0 1 0 1 1 0 0 0 1 0 0 1 1 0 1 0 1 1 1 1 1 0 1 1 1 0 0 0 0 1
 0 1 1 1 1 1 1 0 0 1 1 0 0 1 0 1 0 1 1 0 0 0 1 1 0 0 0 1 0 0 1 1 0 1 0 0 1
 0 0 1 0 1 1 1 0 1 0 1 0 0 1 0 1 0 0 0 1 0 1 0 1 1 0 1 0 1 1 1 1 0 1 0 1 1
 0 1 1 0 1 1 1 1 1 0 1 0 0 0 1 1 0 1 1 0 0 0 1 1 1 1 1 1 0 1 1 0 1 1 1 0 0
 0 1 0 0 1 1 0 0 1 1 1 0 1 0 0 1 1 1 0 1 1 0 0 1 0 0 1 1 0 0 1 1 0 1 1 0 0
 0 0 0 0 1 0 0 1 0 1 1 1 0 0 0 0 0 0 1 1 1 0 1 1 1 1 1 0 1 1 1 0 0 0 0 1 1
 1 0 0 0 0 1 1 1 1 1 1 0 1 0 1 1 1 0 0 0 1 0 0 1 1 1 1 1 1 0 0 1 0 1 0 0 1
 0 1 1 0 1 0 1 1 1 1 0 1 0 0 0 0 0 1 1 1 1 1 0 0 1 1 0 0 0 1 1 1 0 0 1 1 1
 1 1 0 1 0 0 1 0 0 1 0 1 0 0 1 1 1 0 1 0 1 1 0 0 1 1 0 0 0 1 0 0 1 1 0 0 1
 1 1 1 0 0 0 0 1 1 0 1 0 1 0 0 0 0 0 1 1 1 1 0 1 1 1 1 1 1 1 1 1 1 1 1 0 0
 0 1 1 1 1 0 0 1 0 1 1 1 0 0 1 1 0 1 0 0 1 0 1 0 0 1 1 1 1 1 1 1 1 0 1 0 0
 1 1 0 0 1 1 1 1 1 1 1 1 0 1 0 0 0 1 1 0 0 0 0 0 0 1 0 1 1 1 0 1 0 1 0 0 1
 1 1 1 0 1 1 0 1 0 0 0 0 1 0 1 0 0 1 0 0 0 0 1 0 1 0 1 0 0 0 1 1 0 0 1 1 1
 1 0 1 0 0 0 1 0 1 1 0 1 0 1 1 1 0 1 0 1 0 0 1 1 1 0 0 0 1 1 1 1 0 0 0 1 0
 1 1 1 0 1 0 0 1 0 1 1 0 1 0 0 1 1 0 1 1 1 0 1 1 1 0 1 1 0 0 0 0 1 1 1 1 1
 1 0 1 1 0 1 0 0 1 1 0 0 0 0 0 1 1 0 0 0 0 1 1 1 0 1 0 1 1 1 0 0 0 0 1 1 0
 1 1 1 1 1 0 1 0 0 0 0 1 1 1 1 0 0 1 0 0 0 1 0 0 1 1 0 1 0 1 1 1 0 1 1 1 1
 1 0 0 1 1 1 1 1 0 0 1 0 0 1 0 1 0 0 0 1 0 1 0 0 0 0 0 1 0 0 0 1 0 0 0 0 1
 1 1 1 1 1 0 1 1 0 0 1 1 0 1 1 1 1 0 1 0 0 0 0 0 0 0 1 0 0 1 1 1 0 0 0 1 0
 0 0 0 0 1 1 1 1 1 0 1 1 0 0 0 1 0 1 1 1 1 0 1 0 1 0 1 0 1 1 1 1 1 1 0 0 0
 1 1 1 0 1 0 0 0 1 1 1 0 1 1 1 0 1 0 1 0 0 1 0 1 0 1 0 1 1 1 1 0 0 1 0 1 0
 1 1 1 1 0 1 1 0 0 1 0 0 0 0 1 1 1 1 1 0 0 1 1 1 1 1 0 1 1 1 1 0 0 0 1 1 0
 0 0 0 1 0 0 1 1 1 0 1 0 1 0 1 0 1 0 0 0 1 0 0 1 1 0 1 1 1 0 0 1 0 1 1 0 0
 0 1 0 1 0 0 0 0 1 1 0 1 1 0 0 0 1 0 0 1 1 1 1 1 1 0 1 1 1 1 0 1 0 1 0 1 0
 0 1 1 1 0 0 0 1 1 1 0 0 1 1 0 0 0 1 0 1 0 0 1 0 0 0 1 0 1 0 1 0 0 1 0 0 0
 0 1 1 1 0 1 1 1 1 1 1 0 0 1 1 0 1 0 0 1 0 0 1 0 1 0 1 0 0 0 0 0 0 1 1 1 0
 1 1 1 1 1 1 0 1 0 1 0 1 1 1 1 0 1 1 0 1 1 1 1 0 0 0 0 0 1 0 0 0 1 0 1 0 0
 0 1 0 1 1 1 1 1 1 1 1 1 1 0 1 0 1 1 0 0 0 1 1 0 1 1 0 1 1 0 0 1 1 1 0 1 1
 1 1 0 1 1 0 0 1 1 1 1 1 0 1 0 1 1 0 1 0 1 1 0 1 1 0 1 1 0 0 1 0 1 0 0 0 1
 0 0 1 0 0 1 0 0 1 1 1 0 0 1 0 1 0 0 1 1 1 1 0 0 0 1 1 0 1 1 0 0 1 1 1 1 0
 0 1 0 1 0 0 1 1 1 1 0 0 1 1 0 0 0 0 1 0 0 1 1 0 0 0 0 1 0 1 1 1 0 1 1 1 0
 1 0 1 1 0 0 1 0 0 1 1 0 0 1 0 0 0 1 0 0 0 1 0 0 1 0 1 1 0 1 1 1 0 1 1 1 0
 0 1 1 0 0 0 1 0 0 1 1 1 0 0 1 1 1 1 1 1 0 0 1 0 0 1 1 1 1 1 1 1 0 0 1 0 0
 1 1 1 0 1 0 1 0 0 0 1 1 1 1 1 1 1 1 0 1 1 0 1 1 1 1 0 0 0 1 1 0 0 0 1 1 1
 0 0 1 0 0 0 1 1 1 0 1 0 1 1 0 1 1 0 0 1 0 0 0 0 1 0 1 1 1 1 1 0 1 0 0 0 0
 0 1 0 0 1 1 1 1 0 0 1 1 1 1 1 1 1 0 0 1 0 0 0 1 1 1 1 1 0 1 0 1 1 1 1 1 1
 0 0 0 1 0 0 0 1 0 1 0 0 0 1 1 1 0 1 1 0 0 1 1 1 1 0 1 0 1 1 0 1 0 1 0 0 0
 1 1 1 1 1 0 0 1 1 0 0 1 1 1 0 0 1 1 1 0 1 1 1 1 1 1 0 1 0 0 1 1 0 1 0 1 0
 0 1 1 1 1 0 1 0 1 0 1 1 0 0 0 0 1 0 0 1 0 1 0 0 0 0 1 1 0 0 0 0 0 1 0 1 1
 0 1 1 1 1 0 1 1 0 0 1 0 0 1 1 1 1 1 1 0 1 1 0 1 1 1 0 0 0 1 1 1 0 0 1 0 1
 0 0 1 0 1 1 0 1 0 1 1 1 0 0 1 1 0 1 1 0 1 0 0 0 0 1 0 0 1 1 0 1 1 0 1 0 1
 0 1 0 0 1 0 0 1 1 1 1 1 1 0 0 1 0 1 0 0 1 0 0 1 1 0 0 1 1 0 0 1 0 0 1 0 0
 1 0 1 0 0 0 0 0 1 1 1 0 0 1 1 0 1 0 1 0 1 1 1 1 0 1 1 1 0 1 1 1 1 1 0 0 0
 0 0 1 0 0 0 0 1 1 1 1 0 0 1 1 1 1 1 1 1 1 0 0 1 1 0 0 1 1 0 1 1 1 0 0 1 1
 0 1 1 0 0 1 1 1 1 1 1 0 1 0 0 0 1 0 0 0 1 1 0 1 1 0 0 1 0 0 0 0 1 0 1 1 0
 1 0 0 0 1 1 1 0 0 1 0 1 1 1 1 1 0 1 1 0 1 1 0 0 1 0 0 1 1 1 0 1 1 0 0 0 1
 0 0 0 1 1 1 1 0 1 1 0 0 1 1 1 0 0 1 1 1 0 1 1 1 0 0 1 0 0 0 0 0 0 0 0 1 0
 1 1 1 0 0 1 1 0 0 0 1 1 0 1 0 1 1 0 0 1 1 0 1 1 1 1 0 0 1 1 1 0 1 0 1 1 0
 0 1 1 0 0 0 1 0 1 0 0 1 0 1 1 0 0 1 0 1 0 1 1 1 0 1 0 0 0 1 1 1 0 1 0 1 1
 0 0 0 0 1 1 0 1 1 0 0 0 0 1 0 1 1 0 1 1 1 1 1 0 1 0 0 1 1 0 1 0 1 1 1 0 0
 0 0 0 1 1 1 0 1 1 1 1 1 1 1 1 1 0 1 1 1 0 0 1 0 0 1 0 0 1 1 0 1 1 1 0 1 1
 0 0 0 0 1 0 1 1 0 0 0 1 1 1 1 1 0 0 0 1 0 0 0 0 0 1 1 1 0 0 0 1 1 0 1 0 1
 1 1 1 0 0 0 0 0 0 0 0 1 1 0 1 1 1 1 0 1 1 1 1 1 1 1 1 0 0 1 0 0 0 0 0 1 1
 1 0]