[[47 52]
 [49 52]]
              precision    recall  f1-score   support

           0       0.49      0.47      0.48        99
           1       0.50      0.51      0.51       101

    accuracy                           0.49       200
   macro avg       0.49      0.49      0.49       200
weighted avg       0.49      0.49      0.49       200

[1 1 0 0 1 0 1 0 0 1 1 0 1 0 0 1 1 0 1 1 0 1 1 1 0 1 0 0 0 0 1 0 1 1 1 1 0
 0 1 0 0 0 0 0 1 1 0 1 1 0 0 1 1 1 1 1 1 0 1 0 1 1 0 1 0 0 1 0 1 1 1 0 1 0
 1 0 1 1 0 0 1 0 1 0 1 0 1 0 1 0 1 1 1 1 1 0 1 1 0 1 0 1 0 1 0 0 1 0 1 0 0
 0 0 0 0 1 1 1 0 0 0 1 1 0 1 0 0 0 0 1 1 1 1 0 1 0 1 0 0 0 0 1 0 1 0 1 1 0
 0 1 0 0 1 0 1 0 1 1 0 1 1 0 1 1 0 1 1 0 0 0 0 1 0 0 0 0 1 1 0 1 1 0 0 1 0
 1 0 1 0 1 1 1 0 0 1 1 1 1 1 1]