[[47 47]
 [54 52]]
              precision    recall  f1-score   support

           0       0.47      0.50      0.48        94
           1       0.53      0.49      0.51       106

    accuracy                           0.49       200
   macro avg       0.50      0.50      0.49       200
weighted avg       0.50      0.49      0.50       200

[1 1 0 1 0 0 0 0 0 0 0 0 1 0 1 1 0 1 1 0 1 0 1 0 0 1 0 0 1 1 1 0 0 1 1 1 1
 1 0 0 1 0 0 1 1 1 1 0 0 1 0 1 1 0 0 0 0 1 1 0 1 0 0 0 1 0 1 1 1 0 1 1 1 1
 1 0 0 1 0 1 0 1 0 1 0 1 1 0 1 0 1 0 0 1 1 1 1 1 0 1 1 0 1 0 1 0 1 1 1 0 1
 0 1 1 0 1 0 1 0 1 1 1 1 0 1 1 0 0 1 1 0 1 0 1 0 1 0 1 1 1 0 1 1 0 0 0 0 1
 0 0 0 0 1 0 0 1 0 0 1 1 1 0 0 1 0 0 0 0 1 0 0 0 0 1 0 0 1 0 0 0 1 1 1 0 0
 1 0 0 0 1 0 0 1 0 1 0 1 0 1 0]