[[57 44]
 [49 50]]
              precision    recall  f1-score   support

           0       0.54      0.56      0.55       101
           1       0.53      0.51      0.52        99

    accuracy                           0.54       200
   macro avg       0.53      0.53      0.53       200
weighted avg       0.53      0.54      0.53       200

[0 1 0 0 1 0 1 1 1 0 1 1 0 1 1 0 1 0 0 0 0 0 1 0 1 0 1 0 1 0 0 1 0 0 1 0 1
 1 0 0 0 0 1 0 1 0 1 0 0 0 1 1 1 1 1 1 1 0 0 1 0 1 1 0 0 0 1 0 1 0 0 1 0 0
 1 0 1 1 0 1 0 0 0 0 1 0 1 1 0 1 0 0 1 1 0 0 0 1 0 0 0 0 0 1 1 1 0 0 1 0 0
 1 0 0 0 0 1 1 0 1 1 1 0 0 1 1 0 1 0 1 0 0 1 0 1 1 1 1 1 0 1 1 1 0 1 0 0 1
 0 1 1 0 1 0 1 0 0 1 0 0 1 0 1 1 1 0 1 0 0 1 0 1 0 0 0 0 1 1 0 0 1 0 0 0 1
 0 1 0 0 0 1 0 1 1 1 1 0 1 0 1]