[[58 34]
 [59 49]]
              precision    recall  f1-score   support

           0       0.50      0.63      0.56        92
           1       0.59      0.45      0.51       108

    accuracy                           0.54       200
   macro avg       0.54      0.54      0.53       200
weighted avg       0.55      0.54      0.53       200

[1 0 0 0 1 1 1 0 1 0 1 1 0 1 0 1 0 1 1 0 1 1 0 1 1 1 1 0 0 1 1 0 1 1 0 0 0
 0 0 1 0 0 1 1 1 0 1 0 0 1 1 0 1 1 1 0 1 0 0 0 1 0 0 1 0 0 0 1 1 1 0 0 1 0
 0 0 0 1 0 0 0 1 0 0 0 0 0 0 1 0 1 1 0 0 0 0 1 1 1 0 1 0 0 0 0 0 1 1 0 0 1
 1 1 0 0 0 0 1 0 0 1 0 0 0 0 0 0 1 0 1 1 1 0 0 0 0 0 1 1 0 0 0 1 0 1 0 0 1
 0 1 0 1 0 1 0 1 0 0 1 0 1 0 0 0 0 0 1 0 1 0 0 0 0 1 0 1 1 0 1 1 1 0 0 0 0
 0 1 1 0 0 0 1 0 0 0 0 1 0 1 1]