[[44 50]
 [49 57]]
              precision    recall  f1-score   support

           0       0.47      0.47      0.47        94
           1       0.53      0.54      0.54       106

    accuracy                           0.51       200
   macro avg       0.50      0.50      0.50       200
weighted avg       0.50      0.51      0.50       200

[1 0 1 1 1 1 1 0 1 1 1 0 1 1 1 0 0 1 0 1 1 1 0 0 0 0 1 0 0 1 0 1 0 0 0 0 1
 0 1 1 1 1 0 0 1 0 0 1 0 1 1 0 1 0 0 1 0 1 1 1 1 0 0 0 0 1 0 1 1 1 0 1 0 0
 0 1 1 0 0 0 0 0 0 0 1 1 1 1 1 1 1 0 1 0 1 1 0 0 0 0 1 0 1 0 1 1 0 0 1 0 0
 1 1 1 0 0 1 0 0 1 0 1 1 1 1 0 1 0 1 1 1 1 0 1 1 0 0 1 0 1 1 1 0 0 0 1 0 1
 0 1 1 0 1 1 1 1 0 1 1 0 1 0 1 1 0 0 0 0 1 0 1 1 1 0 0 0 1 1 0 0 0 1 1 1 1
 0 1 1 1 0 0 1 1 1 0 0 1 0 1 0]