[[322 595]
 [293 790]]
              precision    recall  f1-score   support

           0       0.52      0.35      0.42       917
           1       0.57      0.73      0.64      1083

    accuracy                           0.56      2000
   macro avg       0.55      0.54      0.53      2000
weighted avg       0.55      0.56      0.54      2000

[0 0 1 0 1 1 1 0 1 0 1 0 1 1 1 1 1 0 1 1 1 1 1 1 1 1 1 1 1 0 1 0 1 1 1 0 1
 1 1 1 1 1 1 1 1 1 1 1 1 1 1 0 1 1 1 1 1 1 0 1 0 0 1 1 1 0 1 1 1 0 1 0 1 1
 1 0 0 0 1 1 1 1 0 1 1 0 0 1 1 1 1 1 1 0 1 1 0 1 1 1 1 0 1 1 0 1 0 0 1 1 1
 1 1 1 1 1 0 0 0 1 1 0 1 1 1 1 1 1 1 1 0 0 1 1 1 0 1 1 0 1 1 1 1 0 1 1 1 0
 1 0 1 1 0 1 1 0 1 0 1 0 1 1 0 0 1 1 1 1 1 1 1 1 0 1 1 0 1 1 0 0 1 0 1 0 1
 0 1 0 0 1 1 1 0 1 0 1 1 1 0 1 1 1 1 0 1 1 0 1 0 1 1 1 0 1 1 1 0 1 0 1 1 1
 1 1 0 1 0 1 0 1 1 0 1 0 1 0 1 1 0 1 0 1 0 1 1 0 1 1 0 0 1 0 1 1 0 1 0 1 0
 1 0 1 1 1 1 1 0 1 1 0 1 1 1 1 0 1 0 0 1 1 0 1 1 0 1 1 1 0 1 0 1 1 1 1 0 1
 1 1 1 1 1 0 1 0 0 1 0 0 0 1 1 1 1 0 1 1 1 1 1 1 1 1 1 1 0 1 1 1 1 0 1 1 1
 1 1 1 0 1 1 1 1 1 0 0 1 0 1 0 1 1 1 1 1 0 1 1 1 1 1 1 0 1 1 0 1 1 0 0 1 1
 1 1 0 1 1 1 1 0 1 1 0 1 1 1 0 1 1 0 1 1 1 1 0 1 0 1 1 1 1 0 0 1 1 0 1 1 0
 1 0 1 1 1 1 1 1 1 1 0 1 1 0 1 1 1 1 1 0 0 1 1 1 1 1 1 0 0 0 1 0 1 0 1 0 0
 0 1 1 1 1 1 1 0 1 1 1 1 0 0 1 0 1 0 1 0 1 1 1 1 1 1 1 1 1 1 0 1 0 1 0 1 1
 1 1 1 1 1 1 0 1 1 0 1 0 0 1 0 0 1 1 1 1 1 1 1 0 1 1 1 0 1 0 0 1 1 1 0 0 1
 1 0 1 1 1 1 0 1 1 1 1 0 1 0 1 1 1 0 0 1 1 1 0 1 0 1 0 0 1 1 1 1 1 1 1 1 1
 1 1 0 1 1 0 0 1 1 0 1 1 0 1 1 1 1 0 1 1 0 1 1 1 1 1 1 1 1 1 1 0 0 1 1 1 1
 0 1 0 1 1 1 1 0 1 0 1 0 1 1 0 1 1 1 0 0 1 1 0 1 0 1 0 0 1 1 1 1 1 0 0 1 1
 1 1 1 1 0 1 1 1 1 1 0 1 1 1 1 1 0 1 1 1 0 1 0 1 0 0 0 1 0 1 1 1 1 0 0 1 1
 0 1 0 1 0 1 0 1 1 0 0 1 1 1 0 1 0 1 0 0 1 1 0 0 0 1 0 1 0 1 1 0 1 0 0 1 1
 0 1 0 0 0 0 1 1 1 0 1 1 0 1 1 1 1 0 1 0 1 1 1 1 1 1 1 0 1 0 1 0 1 1 1 1 1
 1 1 0 1 1 0 0 1 1 1 1 1 1 0 0 1 0 1 1 1 1 1 1 1 1 1 0 0 0 0 1 1 1 1 1 1 1
 1 1 0 1 1 0 1 1 1 1 1 1 0 1 1 0 1 0 1 1 1 1 1 0 0 0 0 1 1 0 1 1 0 0 0 0 0
 1 0 1 1 1 1 1 1 0 1 1 1 0 1 1 1 1 1 1 1 1 1 1 1 0 0 1 1 0 0 0 0 1 1 1 0 0
 1 1 1 1 1 1 1 1 1 1 1 0 0 0 0 1 0 0 0 1 0 1 1 1 1 1 1 1 1 1 1 1 0 1 1 1 1
 0 1 1 0 0 0 1 1 1 1 1 1 1 1 1 1 0 1 1 1 0 0 1 0 1 0 1 1 1 1 1 1 1 1 0 0 1
 0 1 0 1 1 0 1 1 1 1 1 0 0 1 1 1 0 1 1 1 1 0 1 1 0 1 1 1 1 1 1 1 0 1 1 1 0
 1 1 1 1 1 1 1 0 0 1 0 1 1 1 1 1 1 1 1 1 0 1 1 0 0 0 0 1 1 0 1 0 0 1 1 1 1
 1 1 1 1 1 1 0 1 1 1 1 1 0 1 0 0 0 1 1 0 1 1 1 1 1 0 1 1 0 1 1 1 1 0 1 1 1
 0 1 0 0 1 1 1 1 0 1 0 0 0 1 0 0 1 1 1 1 0 1 1 0 1 0 0 0 1 1 0 0 1 1 1 1 0
 1 1 0 1 1 0 1 1 1 0 1 0 1 1 0 1 1 0 1 0 1 0 1 1 0 0 1 0 0 1 1 0 1 0 1 1 0
 1 1 0 0 1 1 1 0 0 1 1 1 1 1 1 1 0 1 1 1 0 1 0 0 1 0 0 1 1 0 0 1 1 1 1 0 1
 1 1 0 0 1 1 1 0 1 1 0 1 1 1 0 1 1 1 1 0 1 1 1 0 1 1 1 0 1 1 1 1 1 1 1 0 1
 1 0 1 0 0 1 0 0 1 1 1 1 1 0 0 0 1 1 1 1 0 0 0 1 0 0 1 0 1 1 1 1 1 1 1 0 0
 0 1 1 1 1 0 1 1 0 0 1 1 1 1 1 1 1 1 0 0 1 1 1 1 1 0 0 1 1 0 1 0 0 1 1 0 1
 0 0 1 1 1 1 1 0 1 1 1 0 1 1 1 0 1 1 1 1 0 1 1 1 1 1 0 1 1 1 1 1 1 1 0 1 1
 0 1 0 1 1 1 1 1 0 1 1 1 1 1 1 1 1 1 1 1 0 1 1 0 1 0 1 0 0 0 1 0 1 1 0 0 1
 1 1 1 1 0 0 1 1 0 1 1 1 1 0 1 1 1 1 0 1 1 1 1 1 1 0 1 1 1 1 1 0 1 1 1 1 1
 1 1 0 1 1 1 0 1 0 1 1 1 0 1 1 0 1 1 1 1 1 0 1 0 0 1 1 1 1 0 0 1 0 1 1 1 1
 1 1 1 0 1 1 1 1 1 1 1 1 0 0 1 0 1 1 1 1 1 1 1 0 1 1 1 1 1 0 1 0 0 1 0 1 1
 1 1 1 1 1 1 0 1 0 0 1 0 1 1 0 1 1 1 1 1 1 1 1 0 1 1 1 1 1 1 1 0 1 1 0 1 1
 1 0 1 0 1 0 1 1 0 0 1 0 0 1 1 0 1 1 1 1 0 0 1 1 0 1 0 1 1 0 1 1 1 1 1 1 1
 0 1 1 1 0 1 1 1 1 1 0 0 1 1 0 1 0 1 1 1 1 0 1 1 1 1 1 0 1 1 1 1 1 1 1 0 1
 1 1 1 0 1 1 1 0 0 1 0 1 1 1 0 0 1 0 0 1 0 1 0 0 1 1 0 1 0 1 1 1 0 1 1 1 0
 0 0 1 1 1 1 1 0 0 1 1 1 0 1 1 0 1 1 0 1 0 0 1 1 1 1 1 1 0 0 1 1 1 1 0 1 0
 0 0 1 1 1 1 1 1 1 1 0 0 0 1 1 1 0 1 1 1 1 1 0 1 1 0 1 1 1 1 1 1 1 1 1 1 1
 0 1 0 0 0 1 1 0 1 1 1 1 1 1 0 1 1 1 1 1 0 1 1 1 1 1 1 1 0 1 0 0 1 0 1 1 1
 1 1 1 0 1 0 1 0 1 0 1 1 1 0 1 0 1 0 0 1 0 0 0 0 0 1 1 1 1 1 1 1 1 0 1 0 1
 1 1 1 1 0 0 0 0 1 1 0 1 1 1 1 1 1 0 1 1 1 1 1 1 1 1 1 1 0 1 1 0 1 0 1 1 0
 0 1 1 1 1 1 1 1 1 0 1 1 1 0 0 0 1 1 1 1 1 1 1 1 1 1 1 1 1 1 0 1 0 1 1 1 0
 1 0 0 1 1 0 0 1 1 0 1 0 0 0 1 1 1 0 0 1 1 0 1 1 1 0 1 1 0 1 1 1 1 0 1 1 1
 1 1 1 1 0 1 0 1 1 1 1 1 1 0 1 1 0 1 0 1 1 1 0 1 0 0 1 1 0 1 1 1 1 0 0 1 1
 0 0 1 0 0 0 1 1 1 0 0 1 0 0 1 1 1 1 1 1 1 0 1 1 0 1 0 1 1 1 0 1 1 0 1 1 1
 0 0 0 0 1 1 1 1 1 1 0 1 0 0 1 1 0 1 0 1 1 1 1 1 1 0 1 1 1 1 1 1 1 0 1 0 1
 1 0 1 1 1 0 0 0 1 1 0 0 1 0 1 1 1 1 1 1 1 1 1 1 1 1 0 1 1 1 1 1 1 1 1 1 1
 0 0]