[[63 27]
 [66 44]]
              precision    recall  f1-score   support

           0       0.49      0.70      0.58        90
           1       0.62      0.40      0.49       110

    accuracy                           0.54       200
   macro avg       0.55      0.55      0.53       200
weighted avg       0.56      0.54      0.53       200

[1 0 0 0 1 1 1 1 0 1 0 1 0 0 0 0 0 0 1 0 1 0 0 0 1 1 0 0 0 1 0 0 0 0 0 1 0
 1 0 0 0 1 1 1 0 0 0 0 0 1 1 0 1 1 1 0 0 0 0 0 0 0 1 0 1 1 0 1 0 1 1 0 1 1
 0 1 0 1 0 0 0 1 1 0 1 0 0 0 1 0 1 0 0 1 0 1 0 0 1 1 1 0 0 0 0 0 0 0 0 0 0
 0 0 0 0 0 0 0 0 0 0 0 0 1 0 0 1 0 0 0 0 1 0 1 0 0 0 1 1 1 1 0 1 0 0 0 1 0
 0 0 1 1 1 1 1 0 0 1 0 0 0 0 1 0 0 1 1 0 0 0 1 0 1 1 0 0 1 1 0 1 0 1 0 1 0
 1 0 0 0 0 0 0 0 0 0 0 0 1 0 0]