[[52 46]
 [41 61]]
              precision    recall  f1-score   support

           0       0.56      0.53      0.54        98
           1       0.57      0.60      0.58       102

    accuracy                           0.56       200
   macro avg       0.56      0.56      0.56       200
weighted avg       0.56      0.56      0.56       200

[1 1 0 0 1 0 0 0 1 1 0 0 1 0 0 0 1 1 0 0 0 1 1 1 1 1 1 1 1 1 1 0 0 1 1 0 1
 0 1 0 0 0 1 0 1 1 1 1 0 1 0 1 1 1 0 1 1 1 1 1 0 0 0 1 1 0 0 1 1 0 0 1 0 0
 1 0 0 1 1 1 0 1 0 0 1 0 0 1 0 0 1 1 0 1 1 0 0 1 1 1 0 0 1 0 1 1 1 1 0 0 0
 1 1 1 1 0 1 1 1 1 1 1 1 0 1 0 0 0 1 1 0 0 1 1 0 0 0 0 0 0 0 0 0 1 0 1 0 0
 0 0 1 1 1 1 1 0 1 1 1 1 0 0 0 0 1 1 1 1 1 0 1 1 0 1 0 0 0 1 0 1 0 0 1 1 0
 0 1 0 1 0 1 1 1 1 0 1 0 0 1 0]