[[54 56]
 [47 43]]
              precision    recall  f1-score   support

           0       0.53      0.49      0.51       110
           1       0.43      0.48      0.46        90

    accuracy                           0.48       200
   macro avg       0.48      0.48      0.48       200
weighted avg       0.49      0.48      0.49       200

[1 1 0 0 1 1 0 1 0 0 0 1 1 1 0 0 0 1 1 1 1 0 1 1 0 0 1 0 0 1 0 1 1 1 0 1 1
 1 0 1 0 0 1 0 0 0 0 0 0 0 1 1 1 0 1 0 0 0 1 0 0 1 0 1 1 1 0 1 0 0 0 0 0 0
 0 0 0 0 0 0 1 1 0 0 1 0 1 0 0 0 1 1 1 1 0 0 1 1 1 0 1 0 1 0 0 0 0 1 1 0 0
 1 1 1 0 0 1 1 1 1 1 1 0 1 0 1 0 1 1 1 1 1 1 0 1 1 0 1 0 1 0 0 1 1 0 0 1 1
 1 1 0 1 0 1 0 0 0 1 1 1 0 0 0 0 0 0 1 1 1 0 0 1 0 0 0 0 0 0 0 1 0 0 1 1 0
 0 1 1 1 1 1 0 0 1 1 1 0 1 1 1]