[[51 40]
 [52 57]]
              precision    recall  f1-score   support

           0       0.50      0.56      0.53        91
           1       0.59      0.52      0.55       109

    accuracy                           0.54       200
   macro avg       0.54      0.54      0.54       200
weighted avg       0.55      0.54      0.54       200

[1 0 1 0 0 0 1 0 1 1 0 1 0 0 1 0 0 1 0 1 0 1 1 1 0 1 0 0 1 1 0 0 0 0 0 0 1
 1 1 0 0 0 1 0 1 0 1 1 0 1 0 0 1 1 1 1 1 0 0 0 1 1 1 0 1 1 0 1 1 1 0 0 0 1
 0 0 0 0 1 1 0 1 1 1 0 0 1 1 1 0 0 0 0 1 1 0 1 0 1 1 1 0 0 0 1 0 1 0 0 0 1
 0 1 0 0 1 1 0 1 1 0 1 0 0 0 1 1 1 1 1 1 1 0 1 1 0 0 1 1 0 1 0 1 0 1 0 0 0
 0 1 1 1 0 1 0 0 0 0 1 0 1 0 0 0 1 1 1 1 1 0 0 0 0 1 0 0 1 0 0 0 0 1 1 0 0
 0 1 0 0 1 1 1 1 1 0 1 0 1 0 0]