[[42 55]
 [53 50]]
              precision    recall  f1-score   support

           0       0.44      0.43      0.44        97
           1       0.48      0.49      0.48       103

    accuracy                           0.46       200
   macro avg       0.46      0.46      0.46       200
weighted avg       0.46      0.46      0.46       200

[0 0 1 0 0 0 1 0 0 0 1 1 0 1 0 1 1 1 1 1 0 0 0 0 1 1 1 1 0 1 0 1 1 1 0 1 1
 1 1 1 1 0 1 1 1 0 1 0 1 1 0 1 0 1 1 0 0 1 1 1 0 1 1 1 0 0 0 1 0 0 0 1 0 1
 1 1 1 1 1 1 0 1 0 0 0 0 1 1 0 0 1 1 0 1 0 0 1 0 1 1 1 0 0 1 1 0 1 0 1 1 1
 0 0 0 0 1 0 1 0 1 1 1 0 0 1 1 0 1 0 1 0 0 1 0 1 1 1 1 0 0 1 1 0 0 0 0 1 1
 0 1 0 0 1 0 0 0 0 1 0 1 1 1 1 0 0 1 1 0 0 0 1 0 0 0 1 0 0 0 0 1 0 1 0 1 0
 0 1 1 1 0 0 1 1 0 0 1 1 1 1 0]