[[47 47]
 [57 49]]
              precision    recall  f1-score   support

           0       0.45      0.50      0.47        94
           1       0.51      0.46      0.49       106

    accuracy                           0.48       200
   macro avg       0.48      0.48      0.48       200
weighted avg       0.48      0.48      0.48       200

[1 0 0 0 0 0 0 1 1 0 0 1 1 0 1 1 0 0 1 0 1 1 0 1 1 0 1 1 1 0 0 1 1 1 1 0 0
 0 1 1 1 1 1 0 1 1 1 0 0 0 0 0 1 1 1 0 0 0 1 1 1 0 1 1 1 1 1 0 1 1 0 1 1 0
 1 0 1 0 0 0 1 0 0 0 1 0 0 0 1 0 0 0 0 1 0 0 1 1 1 0 1 1 0 1 1 0 0 0 1 0 0
 0 1 0 0 0 0 1 1 0 0 0 1 0 0 1 1 1 1 0 0 1 1 1 1 0 0 1 0 0 0 0 0 1 1 0 1 0
 1 0 1 1 0 1 1 0 0 0 1 1 1 1 0 1 1 0 0 1 1 1 1 0 1 1 0 0 0 0 0 1 0 1 1 0 0
 0 0 0 0 0 0 1 0 1 0 1 0 0 0 1]