[[54 41]
 [53 52]]
              precision    recall  f1-score   support

           0       0.50      0.57      0.53        95
           1       0.56      0.50      0.53       105

    accuracy                           0.53       200
   macro avg       0.53      0.53      0.53       200
weighted avg       0.53      0.53      0.53       200

[1 1 1 1 1 0 0 0 1 0 0 1 0 1 1 0 1 1 1 0 0 0 0 1 1 0 1 0 1 0 1 0 0 0 0 0 0
 0 0 0 1 1 1 0 1 0 0 1 1 0 0 0 0 1 1 0 0 1 1 0 0 1 1 1 0 1 0 0 0 1 1 1 1 0
 1 1 0 0 0 1 0 0 0 0 1 0 1 0 1 1 0 1 0 1 0 1 1 0 1 0 1 1 0 1 0 0 0 0 0 0 1
 0 0 1 1 0 0 1 0 0 0 0 0 0 0 1 1 1 1 1 1 1 0 0 0 1 1 0 1 0 1 1 0 0 0 0 0 1
 0 1 1 1 0 1 0 0 0 1 0 1 0 1 0 1 1 1 1 0 0 1 1 1 0 0 1 1 0 0 1 0 0 1 0 0 0
 1 0 0 1 0 1 1 1 0 1 0 1 1 0 0]