[[58 43]
 [45 54]]
              precision    recall  f1-score   support

           0       0.56      0.57      0.57       101
           1       0.56      0.55      0.55        99

    accuracy                           0.56       200
   macro avg       0.56      0.56      0.56       200
weighted avg       0.56      0.56      0.56       200

[1 0 1 0 1 1 1 0 0 0 0 0 0 1 1 1 1 1 0 1 0 1 1 0 0 1 1 0 1 0 0 1 1 0 0 0 0
 1 0 1 1 0 1 0 0 0 1 0 0 1 1 1 0 0 1 0 1 0 1 0 0 1 1 1 1 1 0 0 0 0 0 1 0 1
 1 0 1 0 1 1 0 0 1 1 0 0 0 1 0 0 1 0 0 0 0 0 0 1 1 0 1 1 0 1 0 1 0 0 1 1 1
 0 1 1 1 0 0 0 0 1 0 1 0 1 1 1 1 0 1 0 1 0 0 1 1 1 0 0 1 0 0 0 0 0 0 1 0 1
 1 0 1 0 0 1 0 1 0 0 1 0 0 0 0 1 0 1 0 1 0 0 0 1 1 0 0 1 1 1 1 0 0 1 0 1 1
 1 0 1 1 0 1 1 1 0 1 1 1 1 0 0]