[[450 527]
 [502 521]]
              precision    recall  f1-score   support

           0       0.47      0.46      0.47       977
           1       0.50      0.51      0.50      1023

    accuracy                           0.49      2000
   macro avg       0.48      0.48      0.48      2000
weighted avg       0.49      0.49      0.49      2000

[0 0 0 0 1 1 0 1 0 0 1 1 0 1 0 1 0 1 0 1 1 0 0 0 1 1 1 0 1 0 1 0 0 0 1 0 1
 1 0 0 0 0 0 0 1 1 0 0 1 0 1 1 0 1 0 0 1 0 0 1 0 1 1 0 1 1 0 1 1 0 1 0 0 1
 1 1 1 0 1 1 0 0 0 0 0 1 0 0 1 0 0 1 0 0 0 0 1 0 1 1 0 1 0 1 0 1 1 1 1 1 1
 0 1 1 1 0 1 1 0 1 1 1 1 1 0 1 1 1 1 0 1 0 1 0 1 1 0 1 0 1 1 1 1 0 1 1 0 0
 0 1 0 1 0 0 1 1 1 0 0 0 0 0 0 1 0 0 1 0 0 0 1 0 0 1 0 0 1 1 1 0 0 1 0 1 1
 0 0 0 0 0 1 1 0 0 1 0 0 0 0 0 0 1 0 0 1 1 0 0 0 1 0 0 0 1 1 1 0 0 0 0 0 0
 0 0 0 0 1 0 1 1 1 0 1 0 1 1 0 1 0 0 0 1 1 1 0 1 1 0 0 1 1 1 1 0 0 0 1 0 1
 1 1 1 1 0 1 0 0 1 0 0 0 1 1 1 0 0 0 0 0 1 1 1 0 1 1 0 0 1 0 0 1 0 1 1 1 1
 1 0 0 1 0 1 0 0 1 0 0 0 1 1 1 0 0 1 0 1 0 0 0 1 0 1 1 1 1 1 1 1 1 0 1 0 1
 1 0 0 1 0 1 1 1 0 1 0 0 0 0 1 0 0 0 1 0 0 1 1 1 1 0 1 1 1 0 1 1 0 1 1 1 1
 1 0 0 1 1 0 0 0 0 1 0 0 1 1 0 0 0 0 0 0 1 0 0 1 1 0 0 0 1 1 0 1 1 0 0 0 0
 1 1 1 0 1 1 0 0 0 1 1 0 1 0 0 1 0 1 1 0 1 0 1 1 1 0 0 1 0 0 1 0 1 0 1 0 0
 1 0 1 1 0 0 1 1 1 1 1 1 1 0 0 1 1 1 0 1 1 1 1 0 0 1 0 1 1 0 1 1 1 1 1 0 1
 1 0 1 1 0 0 0 0 0 1 1 0 1 0 1 0 1 0 1 0 0 1 1 0 1 1 0 0 1 1 0 0 1 1 1 1 1
 1 1 0 1 0 1 0 0 0 1 0 1 1 0 1 1 0 1 1 1 1 1 1 1 1 1 1 0 0 1 0 0 1 1 1 1 0
 1 0 1 0 0 1 1 1 0 1 1 1 1 1 1 1 0 0 0 0 1 0 1 0 1 0 1 1 0 1 0 1 1 1 1 1 1
 1 1 1 1 0 1 1 0 1 0 0 1 1 0 1 1 0 1 1 1 0 1 0 0 1 0 1 0 1 1 0 1 0 0 0 1 0
 0 0 0 1 1 1 0 0 0 1 0 0 0 1 1 0 0 0 1 1 0 0 1 1 1 0 1 0 1 0 1 1 1 0 0 1 1
 0 1 1 0 1 1 1 0 0 0 1 0 1 0 0 1 1 0 0 0 0 0 1 0 1 1 1 1 1 1 1 1 1 0 0 1 1
 1 1 1 1 1 1 1 0 1 1 1 1 0 0 0 0 0 0 1 1 0 1 1 0 1 0 1 0 0 0 0 0 1 1 0 1 1
 1 0 1 1 1 1 1 0 1 0 1 0 1 0 1 1 0 1 0 0 0 0 1 0 0 0 1 0 0 0 1 0 0 0 1 0 1
 1 0 1 0 0 1 0 1 1 0 1 0 1 1 1 0 0 1 0 0 0 1 1 0 1 0 1 0 0 1 0 0 0 0 1 1 1
 0 0 1 0 0 0 1 1 0 1 0 0 1 0 0 1 1 1 1 1 0 1 1 1 0 0 0 0 1 0 0 1 1 1 0 1 1
 0 0 0 1 0 1 1 1 0 0 1 1 0 1 1 0 1 0 0 1 0 0 0 0 1 1 1 0 0 0 0 0 0 1 1 1 0
 0 1 1 1 1 1 1 1 1 1 0 1 1 1 1 1 0 1 1 1 0 0 1 0 0 0 1 0 1 1 0 1 1 1 1 1 1
 1 1 1 1 1 0 0 0 0 1 0 0 1 1 1 0 1 1 0 1 0 0 0 0 1 0 0 0 0 1 1 0 0 0 1 1 1
 1 1 0 1 1 1 0 0 1 1 1 1 0 1 1 1 1 0 0 1 0 0 1 1 1 0 0 1 1 0 0 0 1 1 0 1 0
 1 0 1 1 1 1 1 0 0 1 1 1 1 1 0 1 1 1 1 0 0 1 1 1 1 0 1 1 1 0 0 0 1 1 1 0 1
 1 1 0 1 0 0 0 0 1 0 0 1 0 1 1 0 0 1 0 0 1 0 1 1 1 1 0 1 1 1 1 1 1 0 0 1 1
 1 0 0 1 0 1 1 1 0 0 0 1 1 1 1 0 0 1 1 0 1 0 1 0 0 1 0 0 0 0 1 0 1 0 0 0 0
 1 0 1 0 1 1 1 1 0 1 0 1 1 0 1 0 1 0 0 0 1 1 1 0 0 0 0 1 1 0 0 0 1 0 1 1 0
 1 1 0 1 0 0 1 1 1 0 1 0 1 1 1 1 1 1 0 0 1 1 0 1 0 0 0 1 1 0 1 0 0 1 1 0 0
 1 0 1 0 0 1 0 0 1 0 0 0 1 1 0 1 0 1 1 1 1 0 0 0 0 1 0 1 1 0 1 1 0 1 0 0 1
 1 1 0 0 0 0 1 0 1 1 0 0 1 0 0 1 1 0 0 1 0 1 1 1 1 0 1 1 0 0 0 0 0 1 1 0 1
 0 1 0 1 1 0 0 1 0 0 1 1 0 0 1 0 1 1 1 1 0 0 1 0 0 0 1 0 0 0 0 1 1 0 1 0 1
 0 0 1 0 1 1 0 1 1 1 0 0 0 1 1 0 0 0 1 1 0 0 1 0 0 0 1 1 1 0 1 0 0 1 1 1 0
 1 1 0 0 0 0 0 1 1 1 1 1 0 1 1 1 0 1 0 1 0 0 0 1 0 1 1 0 1 1 1 1 0 0 0 0 0
 0 0 0 0 0 0 0 0 0 0 0 1 0 1 1 1 1 0 1 1 0 0 1 0 1 0 0 1 0 1 1 1 0 1 0 1 1
 0 1 1 1 1 0 1 1 1 0 1 1 1 1 1 1 0 1 1 0 0 1 1 1 1 0 0 1 0 1 1 1 1 1 0 1 0
 0 1 1 0 0 1 1 0 0 0 1 1 0 0 1 0 1 1 1 1 0 1 1 1 1 0 1 0 0 1 1 0 0 1 0 1 1
 1 1 0 1 0 0 0 1 1 0 1 1 0 1 0 1 0 0 0 1 0 1 1 1 1 0 1 1 1 0 0 1 1 0 0 1 0
 1 0 1 0 1 1 0 1 1 0 0 0 0 0 0 0 1 0 0 1 1 1 1 0 1 0 0 1 0 1 1 0 1 1 0 0 0
 1 0 1 1 1 1 1 1 0 1 1 0 1 0 0 1 1 0 0 0 0 0 1 1 1 0 1 0 1 1 0 1 0 0 1 1 1
 0 1 0 1 1 1 1 1 0 0 0 0 0 1 1 0 1 0 1 1 1 1 1 0 1 1 0 1 0 1 0 0 0 1 1 0 1
 0 1 0 0 1 1 1 0 0 0 0 1 1 1 1 1 1 0 0 1 0 1 0 1 0 1 1 0 0 1 1 1 0 0 0 0 1
 0 1 1 0 0 1 0 0 0 1 1 1 0 1 0 0 1 0 0 1 1 1 1 1 1 1 1 1 0 1 0 1 1 1 1 0 0
 0 1 0 1 0 0 0 0 0 0 0 0 0 0 0 1 1 1 0 1 1 0 1 1 1 0 0 1 1 1 0 1 0 1 1 0 1
 0 0 0 0 1 0 1 0 0 0 0 1 1 1 0 1 1 1 0 0 1 0 1 0 1 1 0 1 1 0 0 1 0 0 1 1 1
 0 1 1 1 1 1 1 0 1 0 0 1 0 0 1 0 0 1 1 0 0 0 1 1 0 0 1 1 0 1 0 0 0 1 1 1 0
 0 1 0 0 1 1 0 1 0 0 0 1 1 0 0 0 1 0 0 0 0 1 1 0 0 0 1 1 1 1 1 1 0 0 0 1 1
 1 1 0 1 1 1 1 1 0 0 0 1 1 0 0 0 0 1 0 1 1 0 1 1 0 0 0 1 1 1 1 0 0 0 0 1 0
 1 0 1 1 0 0 0 0 1 0 1 1 0 0 1 0 0 0 1 0 1 0 0 1 1 0 1 1 1 0 0 1 1 0 0 0 1
 1 0 1 1 1 1 1 0 0 1 0 0 0 1 1 0 1 0 1 1 1 1 1 0 1 0 0 0 1 0 0 1 0 0 1 0 1
 1 0 0 0 1 0 0 1 1 0 1 0 1 1 0 0 1 1 0 1 0 0 0 0 0 1 0 1 0 1 1 1 0 0 0 0 1
 0 1]