[[48 49]
 [51 52]]
              precision    recall  f1-score   support

           0       0.48      0.49      0.49        97
           1       0.51      0.50      0.51       103

    accuracy                           0.50       200
   macro avg       0.50      0.50      0.50       200
weighted avg       0.50      0.50      0.50       200

[1 1 1 1 0 1 0 0 0 1 1 1 1 1 0 0 1 0 1 0 0 0 0 1 1 1 1 0 0 1 0 0 0 1 1 1 0
 0 1 1 0 0 1 0 0 0 1 1 1 1 1 0 1 1 0 0 1 1 0 1 1 0 1 0 1 1 1 1 0 1 1 0 0 1
 0 1 0 1 0 1 1 0 0 0 1 0 1 0 0 1 1 0 1 1 0 0 0 1 1 1 1 0 0 0 1 0 0 0 0 1 0
 0 0 1 0 0 1 1 1 1 0 1 1 0 0 0 1 1 1 0 0 0 0 1 1 0 0 0 1 0 0 0 1 1 1 1 0 0
 1 0 0 1 1 0 0 1 0 1 0 0 1 1 1 1 0 0 1 0 1 1 0 0 0 1 0 0 0 1 0 1 0 1 1 0 1
 0 0 0 0 1 1 1 1 0 1 1 0 0 1 1]