[[49 54]
 [35 62]]
              precision    recall  f1-score   support

           0       0.58      0.48      0.52       103
           1       0.53      0.64      0.58        97

    accuracy                           0.56       200
   macro avg       0.56      0.56      0.55       200
weighted avg       0.56      0.56      0.55       200

[0 0 0 0 0 1 1 1 0 1 1 0 0 1 1 1 0 0 0 0 1 1 0 0 0 0 1 0 1 1 0 1 1 1 0 1 0
 0 1 1 0 0 1 1 0 0 1 1 0 0 0 1 0 1 1 1 0 1 0 1 1 0 1 1 1 0 1 1 1 1 1 1 1 1
 0 0 1 1 1 0 1 1 0 1 1 0 0 0 1 1 1 0 1 0 1 0 1 0 0 0 0 1 1 1 1 1 1 0 1 1 0
 1 1 0 0 0 1 1 1 0 1 0 1 1 1 0 1 1 0 1 1 0 1 0 1 1 1 0 0 0 1 1 1 0 1 1 0 0
 1 1 1 0 0 0 1 1 0 0 0 0 1 1 1 0 1 1 0 1 0 0 1 0 1 0 1 0 1 0 1 1 1 1 1 1 1
 1 1 1 1 1 1 0 0 1 1 0 0 1 1 0]