[[353 569]
 [292 786]]
              precision    recall  f1-score   support

           0       0.55      0.38      0.45       922
           1       0.58      0.73      0.65      1078

    accuracy                           0.57      2000
   macro avg       0.56      0.56      0.55      2000
weighted avg       0.56      0.57      0.56      2000

[1 1 1 0 1 1 1 0 0 0 1 0 1 0 0 1 1 1 1 1 0 1 1 1 1 0 0 0 0 1 0 0 0 1 1 1 1
 1 1 0 1 1 1 1 1 1 0 0 0 0 1 1 0 1 0 1 0 1 0 1 1 1 0 1 1 1 1 0 0 0 0 0 1 1
 0 1 1 1 0 1 0 1 1 1 1 1 1 1 0 1 1 0 1 0 1 1 0 0 0 0 1 1 0 1 0 1 1 0 1 0 0
 0 0 1 1 0 1 1 1 0 1 0 1 0 0 0 1 0 1 1 1 1 0 1 1 0 1 0 1 1 1 0 1 1 1 1 1 0
 1 1 1 0 1 0 1 0 1 0 1 1 0 1 1 0 1 0 1 1 1 1 0 1 1 1 1 1 0 0 0 1 1 1 0 1 1
 1 0 1 1 1 0 0 1 1 1 0 1 1 1 1 1 0 1 1 1 1 0 1 0 1 1 0 1 1 0 0 0 1 1 1 1 1
 1 1 1 0 0 0 1 0 1 1 0 0 1 1 0 1 1 1 0 0 1 1 0 1 1 0 0 1 1 0 0 1 1 0 0 1 1
 1 1 1 1 1 1 1 1 1 1 0 1 1 1 1 0 1 1 1 0 1 0 1 1 0 1 1 0 0 1 1 1 1 0 1 0 1
 1 1 1 0 1 0 0 1 1 1 0 1 1 1 0 1 0 1 1 1 1 0 1 1 1 0 1 0 1 1 1 1 0 1 0 1 1
 1 0 0 1 1 0 1 1 0 1 1 1 1 1 1 1 1 1 1 0 0 1 0 1 1 1 1 1 1 1 1 0 1 1 0 0 0
 0 1 1 1 1 0 0 1 1 1 1 1 1 1 1 0 1 1 1 1 1 0 1 1 0 1 1 1 1 1 1 0 1 0 1 1 1
 0 1 1 1 1 0 0 1 1 1 0 0 1 1 1 0 1 0 0 0 1 1 1 0 1 1 1 1 1 0 1 1 1 1 1 0 0
 1 1 1 0 1 1 1 1 0 1 1 0 0 0 0 0 0 0 1 1 0 0 1 1 0 1 1 1 0 0 0 1 1 1 1 1 1
 0 0 1 0 1 0 0 1 1 1 1 1 1 1 1 1 1 0 0 0 1 0 0 0 1 0 0 1 1 0 0 1 0 1 1 0 1
 1 1 1 1 1 0 1 1 1 0 1 1 1 1 0 1 1 1 1 1 1 1 0 1 0 0 1 0 1 1 1 1 1 1 1 0 1
 0 1 1 1 1 0 1 0 0 1 0 1 0 0 1 0 1 0 0 0 1 1 0 0 0 0 1 1 1 1 1 1 1 1 1 1 1
 1 0 0 1 0 0 0 1 1 0 1 1 1 0 1 1 0 0 1 1 0 0 0 1 1 0 1 1 0 1 1 1 1 0 1 1 0
 1 1 1 1 1 1 0 0 1 1 1 0 1 1 1 1 0 1 1 1 0 1 0 1 1 0 1 1 1 1 1 1 1 0 1 1 1
 1 1 1 0 1 0 1 1 0 1 1 0 0 0 0 0 1 0 1 0 1 0 1 0 1 1 1 1 1 1 1 1 1 1 1 0 0
 1 1 1 1 1 1 0 1 0 0 1 1 0 1 0 1 1 1 0 1 1 1 1 1 0 0 1 1 0 1 1 0 1 0 1 0 1
 0 1 1 1 1 0 1 1 0 1 1 1 1 0 1 1 1 1 1 1 1 1 1 1 1 1 1 0 1 0 1 1 1 0 0 0 1
 1 1 1 0 1 1 1 0 1 1 1 1 0 1 1 1 1 0 1 1 0 0 1 1 1 1 1 1 0 0 0 1 1 0 1 0 1
 0 1 1 0 0 1 1 0 0 0 1 0 1 1 1 1 0 1 1 1 0 1 1 0 1 1 1 0 1 1 1 0 1 1 0 0 1
 1 0 1 0 1 0 0 1 0 1 1 1 1 1 0 1 0 1 1 0 0 0 1 0 1 1 0 0 0 0 0 1 0 1 1 1 1
 1 1 1 0 1 1 1 1 1 0 0 1 1 1 1 0 0 1 0 1 0 0 1 0 1 1 0 1 1 1 1 0 0 1 1 1 0
 0 0 1 0 1 1 0 0 0 0 1 0 1 1 1 1 1 0 1 1 0 1 1 1 1 1 1 1 0 0 1 1 0 0 1 1 0
 0 1 1 0 1 1 1 1 1 1 1 1 1 1 0 1 0 0 1 1 0 1 1 1 1 1 0 1 1 1 1 0 0 0 1 1 1
 1 1 0 1 0 1 1 0 1 1 1 1 0 1 1 0 1 1 1 1 0 1 1 1 1 0 1 1 0 1 1 0 1 0 1 1 1
 1 1 1 0 0 1 0 1 1 1 0 1 1 1 1 1 1 0 1 1 0 1 0 1 0 1 1 1 0 1 1 1 0 1 0 0 1
 1 1 1 1 0 0 0 1 1 1 1 0 0 1 0 0 1 1 0 1 0 1 1 0 0 1 0 1 1 0 1 0 1 1 1 0 0
 0 1 1 0 1 1 1 1 0 0 0 1 0 1 1 1 1 1 1 1 1 1 1 0 1 1 1 1 0 0 0 1 0 1 1 1 1
 1 1 1 1 1 0 0 0 0 0 1 1 1 1 1 1 0 0 1 1 1 0 1 1 0 1 1 1 1 1 1 1 0 1 1 0 0
 1 1 1 1 1 1 1 1 1 1 0 1 1 0 0 0 0 1 0 1 1 1 1 1 1 1 0 1 1 1 1 1 1 1 0 1 1
 1 0 1 1 1 0 1 1 0 0 1 1 1 1 0 1 0 0 0 1 1 0 1 1 1 1 1 1 1 0 1 1 1 1 0 1 1
 0 1 1 0 1 0 1 1 0 1 1 1 1 1 1 1 0 0 1 1 1 1 1 1 0 1 1 1 1 1 0 0 1 0 1 1 0
 1 0 1 1 0 1 0 1 1 1 1 0 1 1 1 1 0 1 1 0 1 1 1 1 1 0 1 0 1 1 1 1 0 1 1 1 0
 0 1 0 1 1 1 1 1 0 1 1 1 0 1 1 0 1 1 1 1 1 0 1 0 0 1 1 0 1 1 0 0 1 1 1 1 1
 1 1 0 0 1 0 0 1 1 0 1 1 1 1 1 0 1 1 1 1 1 1 1 1 1 0 1 1 1 1 1 1 0 1 1 1 1
 0 1 1 1 1 1 0 0 0 1 1 1 1 0 1 1 1 1 0 0 1 1 0 0 1 1 1 0 0 0 1 0 1 1 0 1 1
 1 0 1 0 1 0 1 0 1 1 1 1 0 0 0 1 0 1 1 0 0 1 1 1 0 0 0 1 1 1 1 1 1 1 1 1 0
 1 1 1 1 1 1 1 1 0 1 1 0 1 1 0 1 1 1 0 0 1 0 1 1 1 1 0 1 1 0 1 1 1 1 0 0 1
 1 1 1 0 1 0 1 1 0 0 1 1 1 1 1 0 1 0 1 1 1 1 1 1 1 1 1 0 1 1 1 1 1 0 1 1 1
 1 1 1 1 1 1 0 0 0 1 1 1 0 0 1 1 0 1 1 0 1 0 1 1 1 0 0 1 1 0 0 1 1 1 0 1 1
 0 1 0 0 0 0 1 1 0 1 0 1 1 1 1 0 1 1 1 0 1 1 1 1 0 0 1 0 1 1 1 1 1 1 0 1 1
 1 1 1 1 1 0 0 0 0 1 1 0 0 1 1 0 0 0 0 1 0 1 1 1 1 0 0 1 1 1 1 1 1 1 0 1 1
 0 0 1 0 1 1 0 0 1 1 0 0 1 0 0 1 1 0 1 1 0 1 1 1 1 1 1 0 0 1 1 1 1 0 1 0 1
 1 1 1 0 0 1 0 1 1 1 1 1 1 1 0 1 1 1 1 0 1 1 0 1 1 0 1 0 1 0 1 0 1 0 1 1 1
 1 1 1 1 1 1 1 1 1 1 0 1 1 1 1 1 0 1 1 0 1 1 0 1 1 1 1 1 1 1 0 0 1 0 1 1 1
 1 0 0 1 1 1 1 0 1 0 1 1 1 1 1 1 1 1 1 1 1 0 1 1 1 1 1 1 1 0 1 1 1 0 1 1 1
 1 1 1 1 1 1 1 1 1 0 0 1 0 0 1 0 1 1 1 0 1 0 1 0 0 1 1 1 1 1 0 0 1 0 1 1 1
 1 0 0 0 1 1 1 1 1 0 0 1 1 0 0 1 1 0 1 0 1 0 1 0 1 0 1 1 1 1 1 0 1 0 1 0 1
 1 1 0 1 0 0 1 1 1 0 1 0 1 1 1 0 1 0 1 1 0 1 0 1 1 1 1 0 1 0 1 1 1 1 1 1 1
 0 1 1 0 0 1 1 1 1 1 1 1 1 1 0 1 1 0 1 1 1 1 1 0 1 1 0 1 1 1 1 0 0 1 0 1 1
 0 1 1 0 1 1 1 0 1 1 1 1 1 1 1 1 1 1 1 1 1 1 0 1 1 1 1 1 0 1 1 0 0 1 1 1 1
 1 1]