[[55 50]
 [43 52]]
              precision    recall  f1-score   support

           0       0.56      0.52      0.54       105
           1       0.51      0.55      0.53        95

    accuracy                           0.54       200
   macro avg       0.54      0.54      0.53       200
weighted avg       0.54      0.54      0.54       200

[1 0 1 0 1 0 0 1 0 1 1 0 1 1 1 0 0 1 0 0 0 1 0 0 0 0 1 1 1 1 0 1 0 1 1 0 1
 0 1 0 1 1 1 1 0 0 0 1 1 0 1 0 1 0 0 1 1 1 1 1 0 1 1 1 1 0 0 0 0 1 1 0 0 0
 1 1 1 0 1 0 0 1 1 0 1 0 1 0 1 0 1 0 1 0 1 0 1 1 1 1 0 0 1 1 1 0 1 1 0 1 0
 0 1 0 0 0 1 1 1 1 1 0 0 0 1 0 0 1 0 0 0 1 1 1 1 0 1 0 1 1 1 0 0 0 1 0 0 1
 0 1 1 1 0 0 1 0 1 1 0 0 0 0 0 0 1 0 0 0 1 0 1 0 0 0 1 1 0 1 0 1 1 1 1 0 0
 0 0 0 1 0 1 0 1 0 1 1 0 0 1 1]