[[57 40]
 [55 48]]
              precision    recall  f1-score   support

           0       0.51      0.59      0.55        97
           1       0.55      0.47      0.50       103

    accuracy                           0.53       200
   macro avg       0.53      0.53      0.52       200
weighted avg       0.53      0.53      0.52       200

[0 1 1 0 0 1 0 0 1 0 0 0 0 1 0 1 0 0 1 0 0 0 0 1 0 1 0 1 1 0 0 1 1 0 0 0 0
 0 0 0 0 1 1 1 0 1 1 1 1 0 0 1 1 0 1 0 1 1 1 0 0 1 1 0 1 0 1 0 0 1 0 1 1 1
 1 0 0 0 1 0 1 0 0 1 1 0 1 0 0 0 1 0 0 1 0 0 1 0 1 1 1 1 0 0 1 1 0 1 0 0 0
 1 1 1 0 0 1 0 1 0 1 0 0 0 1 1 0 1 0 0 0 1 0 0 0 1 0 0 0 0 1 0 0 0 0 1 1 1
 0 0 0 0 0 1 1 1 1 1 1 0 0 0 1 1 1 0 0 0 0 0 0 0 0 0 0 0 0 1 1 1 0 0 0 1 1
 1 1 0 0 1 1 0 0 1 0 1 0 1 1 1]