[[61 41]
 [47 51]]
              precision    recall  f1-score   support

           0       0.56      0.60      0.58       102
           1       0.55      0.52      0.54        98

    accuracy                           0.56       200
   macro avg       0.56      0.56      0.56       200
weighted avg       0.56      0.56      0.56       200

[0 0 1 0 0 0 0 0 0 0 1 1 1 0 1 0 1 0 1 0 1 1 0 0 0 0 0 0 0 0 0 0 1 0 0 0 0
 1 0 1 0 0 1 0 0 0 1 1 1 1 0 1 1 1 1 0 1 0 1 1 0 0 1 0 1 1 0 0 1 1 1 0 0 1
 0 1 0 0 1 1 1 1 1 0 0 0 0 1 0 1 1 1 1 0 1 0 0 0 0 0 1 1 0 1 0 1 0 1 1 0 0
 0 1 0 0 1 0 1 1 0 0 1 0 0 0 1 1 1 0 0 1 0 0 1 1 0 0 0 0 0 0 1 1 1 0 1 1 0
 1 1 0 1 0 1 0 1 0 0 1 0 0 0 1 1 1 0 0 1 0 1 1 0 1 1 1 1 1 1 0 1 0 1 0 0 0
 1 1 0 0 0 0 0 1 0 0 1 1 1 1 0]