[[44 57]
 [51 48]]
              precision    recall  f1-score   support

           0       0.46      0.44      0.45       101
           1       0.46      0.48      0.47        99

    accuracy                           0.46       200
   macro avg       0.46      0.46      0.46       200
weighted avg       0.46      0.46      0.46       200

[0 0 1 0 1 0 0 1 1 1 1 1 1 1 0 1 1 1 0 0 0 1 1 1 0 1 0 0 0 1 0 1 1 0 0 0 1
 0 1 0 1 1 0 1 1 1 1 1 1 0 1 0 0 1 0 1 0 0 1 1 0 0 0 0 0 1 0 0 0 0 0 1 0 1
 1 1 1 0 1 1 0 0 0 0 1 0 1 0 1 1 1 1 0 0 1 1 0 1 0 0 1 1 0 1 1 1 1 1 1 0 1
 0 1 1 1 1 1 0 1 0 0 1 0 1 0 0 0 1 1 0 1 1 1 0 0 1 1 0 0 0 1 1 0 0 1 1 1 0
 1 0 1 1 0 0 1 0 0 0 1 1 0 0 0 0 1 0 1 1 0 0 0 1 1 1 0 1 0 1 1 1 1 1 0 1 1
 0 1 0 0 1 0 0 1 0 0 0 0 0 1 1]