[[435 485]
 [519 561]]
              precision    recall  f1-score   support

           0       0.46      0.47      0.46       920
           1       0.54      0.52      0.53      1080

    accuracy                           0.50      2000
   macro avg       0.50      0.50      0.50      2000
weighted avg       0.50      0.50      0.50      2000

[1 0 1 1 1 1 0 0 0 1 1 1 0 1 1 0 0 0 1 1 1 1 1 1 0 1 1 1 1 0 0 0 1 0 0 1 1
 1 1 0 0 1 1 0 0 1 0 0 0 1 0 1 0 1 1 0 0 0 0 0 1 1 0 1 1 0 1 0 1 1 1 0 1 1
 0 0 0 1 1 0 1 0 1 1 1 0 0 1 0 1 1 0 0 1 0 1 1 0 0 0 1 1 1 1 1 1 1 0 1 0 0
 1 1 0 0 0 1 1 1 0 0 1 1 0 1 1 1 1 0 0 1 0 1 1 1 0 0 1 1 0 0 1 1 1 1 0 1 1
 0 0 1 0 1 0 0 1 1 0 1 0 0 1 1 0 0 0 1 0 1 0 1 1 0 1 0 0 0 0 1 0 1 0 1 1 0
 1 0 1 0 1 0 1 0 1 0 1 1 0 1 0 1 0 0 0 1 0 1 0 1 1 1 1 0 1 1 0 1 1 0 1 0 0
 0 1 0 0 1 1 0 0 0 0 0 0 0 1 0 1 0 0 1 1 0 0 0 0 0 0 1 1 1 0 1 1 1 0 1 0 1
 1 1 1 0 1 1 1 1 1 0 1 1 1 0 1 0 1 1 0 0 1 1 1 0 1 1 0 1 0 0 1 1 1 1 1 1 0
 0 0 0 0 1 0 0 1 0 1 1 1 1 0 0 1 1 0 1 0 1 1 0 0 0 0 0 1 1 1 1 1 0 1 1 1 0
 1 1 1 0 1 0 0 1 1 0 1 1 1 0 0 0 0 0 1 1 1 1 1 0 1 1 1 0 0 0 1 0 0 0 0 1 0
 0 1 0 0 0 0 1 0 0 1 1 0 1 1 0 1 1 0 0 0 0 1 0 1 1 1 0 0 1 0 1 1 1 1 0 0 0
 1 0 0 1 0 1 1 0 1 0 1 0 0 1 1 1 1 1 1 1 0 0 0 0 1 0 0 0 0 1 0 0 0 1 1 0 1
 1 0 0 0 1 1 1 0 0 0 0 1 0 0 0 0 1 0 0 1 1 1 1 1 0 1 1 0 0 1 1 1 1 0 1 1 0
 1 0 1 0 1 0 0 1 1 0 0 0 1 0 0 0 0 1 0 1 1 0 0 0 1 0 1 1 1 0 1 0 1 0 0 1 0
 1 1 1 0 1 0 0 1 0 1 1 0 0 1 1 0 1 0 1 1 0 0 0 0 0 1 1 0 0 1 0 1 1 0 0 0 1
 0 1 1 0 0 0 1 1 1 1 0 0 0 1 0 0 0 0 1 1 0 1 0 1 1 1 1 0 1 1 0 1 0 0 1 1 1
 1 1 0 1 1 0 0 1 0 0 0 0 0 1 0 0 0 0 0 1 0 0 1 1 1 1 1 1 1 0 1 0 0 1 0 1 0
 0 1 1 1 1 1 0 1 1 0 1 1 0 0 1 1 1 0 0 1 1 0 1 1 1 1 1 1 1 0 1 0 1 1 0 1 1
 1 0 1 1 0 1 1 0 1 0 0 1 0 0 1 0 0 0 0 0 1 1 1 1 1 1 1 1 0 0 0 1 1 0 1 1 0
 0 1 0 0 0 1 1 1 1 0 1 1 1 1 1 1 1 0 1 1 1 1 0 1 1 0 0 1 0 1 1 0 0 1 0 0 0
 0 1 1 0 1 1 0 0 1 0 1 1 0 0 1 0 0 1 0 1 1 1 1 1 1 0 0 1 1 1 0 0 1 0 0 0 1
 0 0 0 0 1 0 1 1 0 1 1 1 0 0 1 0 1 0 1 0 1 0 0 0 0 1 1 0 1 1 0 0 1 0 1 0 1
 1 0 1 1 0 0 0 0 0 1 1 1 0 1 1 1 0 0 0 1 1 1 0 0 0 1 1 0 1 0 1 0 0 1 1 1 0
 0 0 1 1 1 0 0 1 1 0 1 1 0 1 1 0 0 0 1 0 0 1 1 0 0 0 1 1 0 1 1 0 0 0 0 1 1
 0 1 0 1 0 1 0 0 1 0 0 0 0 1 1 1 0 1 1 1 0 1 1 0 1 0 0 0 0 0 0 1 1 1 1 1 1
 1 1 0 0 1 1 0 0 1 1 0 0 1 1 1 0 1 1 0 0 0 1 0 1 0 1 0 0 0 0 0 0 0 1 0 1 0
 0 1 0 0 1 1 0 1 0 1 0 1 1 0 1 0 0 1 0 0 0 0 1 0 0 1 1 0 0 0 0 1 1 0 1 0 0
 0 0 1 1 1 0 0 0 1 0 0 1 0 1 0 0 0 1 1 0 1 0 1 0 1 0 0 0 1 0 1 1 1 1 0 0 1
 1 0 0 1 1 0 0 0 0 0 0 0 0 1 0 1 0 1 1 1 1 1 1 0 0 0 0 0 1 0 1 0 0 0 1 1 1
 1 0 1 0 0 0 0 1 1 1 0 0 1 1 1 0 0 1 1 1 1 1 1 1 0 0 1 1 0 1 0 1 0 1 1 0 1
 0 0 0 0 1 1 1 1 0 0 0 0 0 1 1 1 1 0 0 1 1 1 0 1 0 1 0 1 1 1 0 0 1 1 1 1 0
 0 1 1 1 0 1 0 0 1 0 1 1 0 1 1 0 1 0 1 0 0 0 0 0 1 1 0 1 1 1 0 0 0 0 1 0 1
 0 1 1 1 1 0 1 1 0 0 0 0 0 0 1 1 1 0 1 1 0 0 1 0 0 1 0 1 0 1 1 1 0 1 0 1 0
 1 0 0 1 0 1 1 1 1 1 1 1 0 1 1 0 0 1 0 1 0 0 0 1 1 0 0 1 0 0 0 1 0 0 0 0 1
 0 1 1 1 0 1 0 0 1 0 1 0 1 1 1 0 0 0 1 1 1 1 1 1 0 1 1 1 1 1 0 0 1 0 1 1 1
 0 0 1 1 0 0 1 1 1 1 1 1 1 0 1 0 1 0 1 0 0 0 0 1 1 1 1 1 0 0 1 0 0 0 0 0 0
 1 0 0 0 0 1 1 1 0 0 1 1 1 1 1 0 1 1 1 0 0 1 1 1 1 0 0 1 1 1 0 0 0 1 1 1 0
 0 0 1 1 1 1 0 0 1 0 0 0 1 0 1 1 1 0 1 1 1 1 1 1 0 0 0 0 1 1 1 0 0 0 0 1 1
 0 0 0 1 0 1 0 1 0 1 0 1 1 1 0 1 1 1 0 1 1 0 1 0 0 1 1 0 1 1 0 1 0 0 0 1 0
 0 1 0 1 0 1 1 1 1 1 0 1 1 1 0 0 0 0 1 1 1 1 1 0 1 0 0 0 0 0 0 0 0 0 1 0 1
 1 0 0 0 1 1 0 1 0 0 1 0 0 1 1 1 1 1 1 0 1 1 1 1 1 0 1 1 1 0 1 1 0 1 1 1 1
 1 1 0 0 0 1 1 0 1 1 0 0 1 0 0 1 1 0 0 1 1 1 1 1 0 1 1 0 0 1 1 1 0 0 0 1 0
 0 0 0 1 1 0 1 1 1 1 1 0 0 0 0 1 1 0 1 1 1 1 1 1 0 1 0 1 1 0 0 1 0 0 1 0 0
 1 1 0 0 1 1 0 0 0 1 1 0 0 0 1 0 1 1 1 0 1 1 1 0 0 0 1 0 1 0 0 0 0 1 0 0 1
 1 0 1 0 0 0 0 1 1 1 1 1 0 1 1 0 1 1 1 0 1 1 0 1 1 0 0 1 1 0 1 0 0 0 1 1 0
 1 0 0 1 1 1 0 0 1 1 1 0 1 0 1 1 1 0 0 1 0 0 1 1 1 1 0 1 1 1 0 0 0 0 1 0 1
 1 1 1 0 1 0 1 0 1 1 1 0 1 1 0 0 0 1 1 1 0 0 0 0 0 0 1 0 1 0 0 1 1 1 0 1 1
 1 0 1 0 0 0 1 0 1 1 0 0 0 1 0 0 1 0 1 0 0 1 1 0 0 0 1 0 0 0 0 1 1 0 1 0 0
 0 1 1 1 0 0 1 0 1 1 0 0 0 1 0 0 0 1 1 1 0 1 1 1 1 1 0 1 0 0 0 0 1 0 0 1 1
 1 1 1 1 0 0 0 0 1 1 0 1 0 1 0 1 0 1 0 0 0 0 1 1 0 0 1 1 0 0 0 1 0 1 1 0 0
 1 0 1 1 1 1 1 1 0 0 0 1 1 0 1 1 0 0 1 1 1 0 0 1 1 0 1 0 1 1 0 1 1 0 1 0 0
 0 0 1 0 1 1 1 0 0 0 1 1 1 0 1 0 0 0 1 0 1 0 0 0 1 1 1 1 1 0 1 1 1 0 0 1 1
 0 1 1 1 1 0 1 0 1 1 0 0 0 0 0 1 1 0 0 1 1 0 0 1 1 1 1 1 1 1 0 0 0 0 1 1 0
 0 1 0 0 0 1 0 1 0 1 1 0 0 0 1 1 1 1 1 0 1 1 1 0 0 0 1 1 1 0 1 1 0 0 0 1 1
 1 1]