[[55 37]
 [62 46]]
              precision    recall  f1-score   support

           0       0.47      0.60      0.53        92
           1       0.55      0.43      0.48       108

    accuracy                           0.51       200
   macro avg       0.51      0.51      0.50       200
weighted avg       0.52      0.51      0.50       200

[0 1 0 0 1 1 0 1 0 1 0 0 0 0 1 1 1 1 0 0 0 0 1 1 0 0 0 1 1 0 0 0 1 1 0 1 0
 0 0 0 1 0 0 1 0 1 1 1 0 0 0 0 0 1 1 1 0 1 1 0 1 1 0 1 1 0 0 0 1 0 1 1 0 0
 0 0 1 0 0 1 0 1 0 0 1 0 0 1 0 0 0 0 1 1 0 1 0 0 0 1 0 0 1 1 0 1 0 0 1 1 1
 0 1 1 1 0 0 0 0 1 1 1 1 1 1 0 1 0 1 0 0 0 1 1 1 0 1 0 1 0 0 0 1 1 0 0 0 0
 0 0 0 0 0 1 1 0 0 1 1 1 0 1 1 1 0 0 0 0 0 0 0 0 0 1 0 0 1 0 0 0 0 0 1 0 1
 0 0 0 1 0 0 0 0 1 0 0 0 1 1 1]