[[55 35]
 [56 54]]
              precision    recall  f1-score   support

           0       0.50      0.61      0.55        90
           1       0.61      0.49      0.54       110

    accuracy                           0.55       200
   macro avg       0.55      0.55      0.54       200
weighted avg       0.56      0.55      0.54       200

[0 0 1 1 0 0 0 0 0 0 0 0 1 0 0 0 0 0 0 0 1 0 0 0 0 0 1 0 0 1 0 0 0 1 1 0 0
 0 0 1 1 1 0 1 1 0 1 0 0 1 0 0 0 0 1 0 1 0 1 1 1 1 1 1 0 0 1 0 0 0 0 1 0 1
 0 0 0 1 1 0 0 0 1 0 0 0 0 0 1 1 0 0 1 0 1 0 1 1 0 1 1 0 0 0 0 0 1 1 0 1 1
 1 0 0 0 0 0 0 0 0 1 1 0 1 1 1 1 1 1 0 0 0 0 1 1 0 1 1 0 0 0 1 1 0 1 1 1 1
 1 0 0 0 1 0 0 1 1 0 1 0 1 0 0 0 0 0 1 1 1 0 1 1 1 1 0 1 1 0 1 1 1 1 0 1 0
 1 0 0 1 0 0 1 1 1 0 0 1 1 1 1]