[[49 46]
 [50 55]]
              precision    recall  f1-score   support

           0       0.49      0.52      0.51        95
           1       0.54      0.52      0.53       105

    accuracy                           0.52       200
   macro avg       0.52      0.52      0.52       200
weighted avg       0.52      0.52      0.52       200

[0 0 0 0 0 1 1 0 1 0 0 0 0 0 0 0 0 1 0 0 1 0 0 0 1 1 0 0 0 1 1 1 1 1 1 0 0
 0 0 1 0 1 1 0 0 1 1 1 1 0 1 0 1 1 1 1 0 1 1 0 1 0 0 1 1 0 0 1 1 0 0 0 0 0
 1 1 1 1 1 1 1 1 1 0 1 0 0 0 0 1 0 0 0 0 0 1 1 1 0 0 1 0 1 0 0 1 0 1 0 0 1
 1 1 1 0 0 1 1 1 1 1 1 1 0 1 0 1 1 1 0 1 0 0 1 0 1 1 1 1 0 1 1 0 0 1 0 0 0
 1 0 0 1 1 1 1 0 1 0 0 0 1 0 0 0 0 1 1 0 1 0 0 0 0 1 1 0 0 0 1 0 1 1 1 0 1
 0 1 1 1 0 1 1 1 0 0 1 0 1 1 1]