[[46 52]
 [56 46]]
              precision    recall  f1-score   support

           0       0.45      0.47      0.46        98
           1       0.47      0.45      0.46       102

    accuracy                           0.46       200
   macro avg       0.46      0.46      0.46       200
weighted avg       0.46      0.46      0.46       200

[1 1 0 0 0 1 0 1 0 1 1 1 1 1 0 1 1 0 1 0 0 0 0 1 1 0 1 1 0 0 0 0 1 0 0 1 0
 1 0 1 0 0 0 1 1 0 1 1 0 1 1 1 0 1 1 1 0 0 1 1 1 1 1 0 0 0 0 0 1 1 0 0 1 1
 1 0 0 0 0 0 1 0 1 1 1 0 1 0 1 1 0 0 0 0 0 1 0 0 1 1 0 0 0 1 1 0 1 0 0 0 1
 0 0 1 0 1 0 0 1 1 1 1 0 1 1 0 0 0 0 1 1 0 1 0 0 0 0 1 1 0 0 0 0 1 0 0 0 0
 1 1 1 1 1 1 1 1 0 0 0 1 1 0 0 0 1 1 1 1 1 1 0 0 1 0 0 1 0 1 0 1 0 0 1 1 1
 0 0 1 1 1 0 0 1 0 0 1 1 0 1 0]