[[44 50]
 [60 46]]
              precision    recall  f1-score   support

           0       0.42      0.47      0.44        94
           1       0.48      0.43      0.46       106

    accuracy                           0.45       200
   macro avg       0.45      0.45      0.45       200
weighted avg       0.45      0.45      0.45       200

[1 0 1 0 1 0 0 0 1 1 0 1 0 0 1 1 0 1 1 0 0 0 0 0 1 1 1 0 1 0 1 1 1 0 0 1 1
 0 1 0 1 1 1 0 1 1 0 0 0 0 1 0 1 1 0 0 0 1 1 0 0 0 0 0 0 1 1 0 1 1 0 1 0 1
 1 1 0 0 0 1 0 0 1 0 0 1 1 1 1 0 0 0 0 1 1 0 1 1 0 0 0 0 1 0 0 1 0 1 1 1 1
 1 0 0 0 0 1 1 0 1 0 0 0 0 1 0 0 0 0 1 1 0 0 1 0 1 0 0 1 0 1 1 1 1 0 1 1 0
 0 0 1 0 1 0 0 0 0 0 0 0 1 1 0 1 1 0 0 0 1 1 0 1 0 1 0 1 1 1 0 1 1 1 1 0 0
 1 1 1 0 1 1 1 1 0 1 0 0 0 1 0]