[[42 55]
 [52 51]]
              precision    recall  f1-score   support

           0       0.45      0.43      0.44        97
           1       0.48      0.50      0.49       103

    accuracy                           0.47       200
   macro avg       0.46      0.46      0.46       200
weighted avg       0.46      0.47      0.46       200

[0 1 1 1 0 1 0 1 1 1 0 0 1 0 0 1 1 1 1 0 1 0 1 1 0 1 0 0 0 1 0 1 0 0 0 1 1
 1 0 1 0 1 0 0 1 1 0 1 1 0 1 1 1 1 1 1 1 0 1 0 0 0 1 0 0 0 0 0 0 0 1 0 1 0
 0 0 1 0 0 0 0 1 0 1 1 0 0 0 1 0 1 0 1 1 0 1 1 1 0 0 1 1 0 0 0 0 1 1 1 0 0
 1 1 0 0 0 1 1 0 0 0 1 1 0 1 1 1 0 0 0 1 1 0 0 0 0 0 1 1 0 0 0 0 0 0 1 0 0
 0 1 1 1 1 1 1 1 1 0 1 0 1 1 1 1 1 1 1 1 0 0 1 1 1 1 1 1 0 0 1 0 0 1 1 1 1
 1 1 0 1 1 1 0 0 1 0 0 1 1 1 1]