[[213 246]
 [232 309]]
              precision    recall  f1-score   support

           0       0.48      0.46      0.47       459
           1       0.56      0.57      0.56       541

    accuracy                           0.52      1000
   macro avg       0.52      0.52      0.52      1000
weighted avg       0.52      0.52      0.52      1000

[0 1 1 1 1 0 1 0 1 1 1 0 1 1 0 1 1 0 0 0 1 1 1 1 1 0 1 0 0 1 1 1 1 0 0 0 1
 1 0 0 1 1 0 0 1 0 1 0 0 0 1 0 1 1 1 0 1 1 0 1 1 1 0 1 1 0 1 1 0 1 1 1 1 0
 0 0 1 1 1 1 1 0 0 1 0 0 0 0 0 0 0 1 0 1 0 0 1 0 1 1 1 0 0 1 0 0 1 1 1 0 0
 0 1 1 0 1 1 0 0 0 1 0 1 0 1 0 1 0 0 0 0 0 0 1 1 0 1 1 0 1 0 0 1 1 1 0 0 0
 1 1 1 0 0 1 1 0 1 0 0 0 0 1 0 1 1 0 0 0 1 0 1 1 1 0 0 0 0 1 0 0 0 0 0 1 1
 0 0 1 0 1 0 1 1 1 0 1 1 1 0 1 0 1 0 1 1 1 1 1 0 0 1 0 0 0 0 1 0 0 1 0 0 0
 1 1 1 0 0 1 0 1 1 0 0 0 0 1 1 0 1 1 1 0 1 1 1 1 1 1 1 0 0 0 1 1 1 0 1 1 0
 0 1 0 1 1 0 0 0 0 1 1 1 1 1 0 0 1 1 1 0 0 1 0 1 1 1 1 1 1 0 1 1 1 1 1 1 0
 0 1 0 1 1 1 1 0 1 0 0 0 0 1 1 1 0 0 1 1 0 1 0 0 0 1 0 1 1 1 0 1 0 1 1 1 1
 0 1 1 1 1 1 1 0 1 1 1 1 0 1 0 1 0 1 0 1 0 0 1 1 0 1 1 0 1 0 0 0 1 0 1 1 1
 1 1 0 1 1 1 1 0 0 1 0 1 1 1 1 1 0 1 1 1 1 1 1 0 0 0 0 0 0 1 1 1 0 0 0 1 0
 1 0 1 0 0 1 0 0 0 0 0 1 1 0 0 1 1 0 1 1 1 0 0 1 0 1 1 0 1 1 1 0 1 1 0 1 0
 1 1 1 1 0 1 0 1 0 0 0 1 0 0 0 0 1 0 0 0 1 1 1 1 1 1 1 1 1 1 1 0 1 0 1 0 0
 0 1 0 1 0 1 1 0 1 0 1 0 0 1 1 0 1 0 0 0 1 1 0 1 1 0 1 0 0 1 1 1 1 1 1 1 0
 1 1 1 1 1 0 0 0 1 1 1 1 1 1 0 1 1 1 1 0 0 0 0 1 1 0 0 1 1 0 1 0 0 0 0 0 0
 1 1 1 0 1 1 1 1 1 0 1 1 1 1 0 1 1 0 0 0 1 0 1 0 1 0 1 0 1 0 0 0 0 0 1 1 1
 1 1 0 1 1 1 1 0 1 0 0 1 1 0 0 1 1 1 0 0 0 1 0 1 1 1 0 1 1 1 1 1 0 1 0 0 0
 0 1 0 0 0 1 0 0 1 1 1 0 1 1 1 1 0 1 1 1 1 1 1 1 0 1 0 1 0 1 1 0 1 1 1 0 0
 1 1 0 0 0 1 1 0 1 0 0 1 1 1 0 1 0 0 0 1 1 0 1 1 1 1 0 0 0 0 0 0 1 0 0 0 1
 1 0 0 1 1 0 1 0 0 0 1 1 0 1 0 1 1 1 0 0 0 1 1 1 0 0 1 1 1 0 1 1 0 1 1 1 1
 0 0 1 0 1 1 1 1 1 1 1 0 1 1 1 0 1 1 1 1 1 0 0 0 0 1 0 1 0 0 0 0 0 1 0 0 1
 1 1 0 0 1 1 0 0 1 1 1 0 0 1 1 1 0 1 0 0 0 0 1 1 0 0 1 1 1 1 1 1 0 1 1 0 1
 0 1 0 0 0 1 0 1 1 0 0 1 1 1 1 1 1 1 0 0 0 0 0 0 1 0 1 0 1 1 1 1 1 1 1 0 0
 1 0 0 1 0 1 0 1 1 1 0 1 0 1 1 0 1 1 1 1 1 0 1 1 0 0 0 0 0 1 0 0 1 1 0 1 1
 0 0 1 1 1 0 1 0 0 1 1 1 1 0 0 0 1 1 0 1 0 0 1 1 1 1 1 1 0 0 1 1 0 1 1 1 0
 1 0 0 1 0 0 1 1 1 0 1 1 1 1 1 1 1 0 0 1 1 1 0 1 0 0 0 0 0 0 1 1 1 0 1 1 1
 1 1 0 1 0 0 1 1 0 1 1 1 0 1 0 0 1 0 0 1 1 0 0 0 1 0 1 0 0 0 1 0 0 1 0 0 1
 0]