[[423 536]
 [494 547]]
              precision    recall  f1-score   support

           0       0.46      0.44      0.45       959
           1       0.51      0.53      0.52      1041

    accuracy                           0.48      2000
   macro avg       0.48      0.48      0.48      2000
weighted avg       0.48      0.48      0.48      2000

[0 1 1 1 0 1 0 0 1 0 0 1 0 1 0 1 1 1 0 0 1 0 1 0 0 1 0 1 0 0 1 0 1 0 0 1 1
 1 1 0 0 0 1 1 0 1 0 1 1 1 1 1 1 0 1 0 0 0 1 0 1 0 1 1 0 1 0 0 1 1 1 1 0 1
 0 0 1 1 0 1 0 1 0 1 1 1 1 1 1 1 1 0 0 1 0 1 0 0 1 1 0 1 1 1 1 1 1 0 0 1 0
 0 0 0 1 0 0 1 1 1 0 1 1 0 0 1 1 0 1 0 1 0 1 0 0 0 0 0 1 1 1 0 0 0 1 1 1 0
 0 0 1 1 1 1 0 1 1 1 0 0 1 0 0 1 0 1 0 1 0 1 1 1 1 0 0 0 1 1 1 0 0 0 1 0 0
 1 0 0 1 1 0 0 1 0 0 1 1 0 0 1 0 1 1 1 0 1 1 1 0 1 1 1 0 1 0 0 0 1 0 1 1 0
 1 1 0 1 1 0 1 1 1 0 1 1 1 0 0 0 1 0 1 0 1 1 1 0 0 1 1 1 0 1 1 0 0 1 1 1 0
 0 1 0 1 0 1 1 1 1 1 1 1 1 0 0 1 0 1 0 1 0 1 1 1 0 0 0 0 0 0 1 1 1 0 0 1 1
 0 1 0 1 0 1 1 0 0 1 1 0 1 0 0 1 0 0 0 0 1 0 0 1 1 1 0 1 0 0 0 0 1 0 0 0 0
 1 1 1 1 1 0 1 0 1 0 1 1 1 0 1 0 1 0 0 0 1 0 0 1 0 1 1 1 1 1 0 1 0 0 0 1 0
 0 0 0 1 1 1 1 0 1 1 1 1 0 0 1 0 0 1 0 1 1 1 1 0 1 0 0 0 0 1 1 0 0 1 1 1 1
 0 0 0 0 0 1 0 0 1 1 1 0 0 1 1 1 1 1 1 0 1 0 0 0 0 1 0 0 0 1 1 1 0 1 0 1 0
 1 1 0 1 0 1 0 0 1 0 1 0 1 0 1 1 0 0 0 1 0 0 1 1 0 1 1 1 1 1 1 0 1 1 1 1 1
 1 1 0 1 1 1 0 1 1 0 1 0 1 1 1 1 1 1 0 0 1 0 1 0 1 1 0 1 0 1 0 1 0 0 1 0 0
 0 1 1 0 0 1 1 0 1 0 1 1 0 0 1 1 1 1 1 0 0 1 1 1 1 1 1 1 0 0 0 1 0 1 1 1 1
 1 0 0 0 1 0 1 0 0 1 0 1 1 0 0 0 0 0 0 1 1 0 1 0 1 0 0 1 1 0 0 1 1 1 0 1 0
 0 1 0 1 0 1 0 0 1 0 1 1 0 1 1 1 0 0 0 1 0 1 0 1 1 0 0 0 1 0 0 0 1 1 1 1 1
 1 1 1 1 0 1 1 1 0 0 0 0 1 1 1 1 0 0 0 0 1 1 1 1 0 0 1 0 0 1 0 0 0 1 1 1 0
 1 1 0 1 1 0 0 1 0 0 1 1 0 0 1 1 1 1 0 0 1 1 0 0 0 1 1 1 0 1 0 1 0 1 1 1 0
 1 1 0 0 0 1 0 0 1 0 1 0 1 1 1 1 0 1 0 1 1 0 0 1 1 1 1 1 1 1 1 0 0 0 1 1 1
 0 0 0 1 0 0 1 1 0 1 1 0 0 1 1 0 0 0 1 1 0 0 0 0 1 1 1 1 1 0 1 1 0 1 1 0 0
 0 1 1 0 0 1 0 1 1 0 1 0 1 0 1 0 0 0 0 1 1 0 1 0 1 1 0 1 1 0 1 1 1 1 1 0 1
 0 1 1 0 1 0 0 0 0 1 1 0 0 0 1 1 1 1 0 0 0 0 0 1 1 0 0 0 0 0 1 1 0 0 1 0 0
 0 0 1 0 0 0 1 0 1 1 0 1 1 0 0 1 1 1 0 1 1 0 1 0 0 0 0 0 1 0 1 0 0 1 0 1 1
 0 0 1 0 0 1 0 1 1 1 1 1 0 1 1 0 0 1 1 1 1 0 0 1 1 1 1 1 1 1 1 0 1 0 0 0 0
 1 1 0 0 1 0 0 0 0 1 0 1 0 0 0 0 1 1 0 1 0 1 1 0 0 0 1 1 1 1 0 1 0 1 1 1 0
 0 0 0 1 1 0 0 0 1 0 0 1 0 1 1 0 1 1 1 0 1 0 1 0 0 1 1 0 1 1 0 1 0 0 1 1 1
 1 1 1 1 0 0 1 0 1 1 1 0 1 0 0 1 0 1 0 0 1 0 0 0 1 1 0 0 0 1 1 0 0 1 0 1 0
 1 0 1 0 1 1 0 0 1 0 0 0 0 1 1 1 0 1 1 0 1 1 0 1 0 1 1 0 1 0 0 1 1 0 1 0 0
 0 1 1 0 1 0 0 0 1 1 0 1 0 1 1 1 1 1 1 0 1 1 1 1 1 0 1 0 1 1 1 1 0 1 1 1 0
 0 0 0 1 1 1 0 1 0 1 1 1 1 1 0 1 1 0 1 0 1 0 0 0 1 0 0 1 0 0 0 0 0 0 0 1 1
 1 1 0 1 1 1 1 1 1 1 1 1 1 0 1 1 1 1 1 0 0 1 1 1 1 0 0 0 0 1 1 1 0 1 0 0 0
 1 1 0 1 1 1 0 1 1 0 0 1 1 1 1 1 1 1 0 1 0 1 1 0 1 0 0 1 1 0 0 1 0 0 1 0 1
 0 1 0 0 1 1 0 1 0 1 0 0 1 1 1 1 1 0 1 1 0 0 1 0 0 0 0 0 0 0 1 1 1 0 1 0 1
 1 1 1 1 0 1 1 0 0 1 1 1 0 0 0 0 1 1 1 0 1 1 1 0 1 0 1 1 1 1 0 0 0 1 1 0 1
 1 0 1 1 1 0 0 1 1 1 1 1 0 0 0 1 1 0 1 1 1 0 0 1 0 1 1 0 1 1 1 1 1 1 1 1 0
 0 1 0 0 0 1 0 1 0 0 1 0 1 0 1 1 0 1 1 1 1 1 0 0 0 1 0 1 0 0 1 0 1 1 1 0 0
 1 1 0 1 0 1 1 0 0 1 0 1 0 0 1 1 0 0 1 0 0 0 0 1 0 0 1 0 1 0 1 1 1 0 1 0 0
 0 1 1 0 1 1 1 1 1 0 1 0 1 1 1 0 1 0 0 1 0 1 0 0 1 1 0 1 0 0 1 1 1 0 0 0 1
 0 1 0 0 1 0 0 0 0 1 1 0 0 1 1 0 1 1 0 0 1 0 0 1 0 1 0 1 1 1 1 1 0 1 0 1 1
 1 0 0 0 0 0 0 0 1 1 0 0 0 1 0 0 1 1 1 0 0 0 1 0 1 0 0 1 1 0 1 0 0 0 0 1 0
 1 0 1 0 1 1 0 0 0 0 0 0 1 1 0 0 1 1 1 1 0 1 0 1 0 1 1 1 1 0 0 1 1 0 0 0 0
 1 1 0 1 0 1 0 0 1 1 0 1 1 1 0 0 0 1 1 0 1 0 0 0 1 1 0 1 1 0 1 0 1 1 1 1 0
 0 0 0 1 1 1 1 1 1 1 0 1 1 0 0 1 0 1 0 1 0 1 1 0 1 1 1 1 0 0 0 1 0 0 0 1 0
 0 1 1 1 0 0 1 1 1 1 1 1 1 0 1 0 0 0 0 0 1 0 0 1 1 1 1 1 1 0 0 1 1 1 1 0 1
 0 1 0 1 0 1 1 0 0 1 0 1 1 0 1 0 1 1 1 1 0 0 0 1 0 1 1 0 1 0 0 1 0 0 1 0 0
 1 1 1 0 1 1 0 1 1 0 1 1 1 0 1 1 1 0 0 1 1 0 1 1 0 1 1 1 1 1 1 1 1 1 1 1 1
 0 0 1 0 0 1 0 0 1 1 1 1 1 0 0 0 1 1 1 0 0 0 0 1 0 1 1 1 0 0 1 0 0 0 1 1 1
 0 1 0 1 1 0 0 1 0 0 1 1 0 1 1 1 0 0 1 0 1 0 0 1 0 1 0 0 1 1 1 1 1 0 0 1 0
 1 0 0 1 0 1 1 0 0 1 0 0 0 1 1 0 0 1 1 0 1 1 1 1 1 0 1 0 0 1 1 0 0 1 1 0 1
 1 0 0 0 0 1 1 0 1 0 1 1 1 0 0 0 1 1 1 0 1 1 1 0 0 0 1 0 1 1 1 0 1 1 1 1 0
 1 1 0 0 1 0 1 0 1 1 1 0 1 1 1 0 1 0 1 0 1 0 1 0 0 1 0 1 1 1 0 0 1 0 0 1 1
 0 1 1 0 1 0 1 0 0 0 1 1 1 0 0 0 1 0 1 1 0 0 1 1 0 1 0 0 0 1 1 1 0 0 1 1 0
 0 0 1 1 0 0 1 1 1 1 1 1 1 1 0 0 1 0 0 1 1 1 0 1 1 0 1 0 1 1 0 0 1 1 0 0 1
 0 1]