[[343 611]
 [271 775]]
              precision    recall  f1-score   support

           0       0.56      0.36      0.44       954
           1       0.56      0.74      0.64      1046

    accuracy                           0.56      2000
   macro avg       0.56      0.55      0.54      2000
weighted avg       0.56      0.56      0.54      2000

[1 1 1 1 0 1 0 0 0 1 1 1 0 0 0 1 1 0 1 1 1 1 0 0 1 1 1 1 0 1 1 1 0 0 1 1 0
 1 1 1 0 1 1 0 0 0 0 1 1 1 1 1 1 1 1 0 1 0 0 1 1 0 1 1 1 1 1 0 1 1 1 1 1 1
 0 1 1 1 1 1 1 1 0 1 1 1 1 1 1 1 1 1 1 1 1 1 1 0 1 0 1 1 1 1 1 0 0 0 1 1 1
 1 1 0 1 0 1 1 0 1 0 1 1 1 1 0 0 0 1 1 1 0 1 0 1 0 0 1 1 1 1 0 1 1 1 0 0 0
 1 1 1 0 0 1 1 0 1 1 1 0 1 1 1 1 1 1 0 0 0 1 1 1 1 0 0 0 1 0 0 1 1 1 1 0 1
 1 1 0 0 0 1 0 1 1 1 0 1 1 0 0 1 1 0 0 0 1 0 0 1 1 1 1 1 0 1 1 1 1 0 0 0 0
 0 1 1 1 1 1 1 0 1 0 0 1 1 1 1 1 0 0 1 0 0 1 0 0 1 1 1 1 1 0 0 1 0 1 1 1 1
 0 1 1 1 1 1 1 0 1 1 1 1 1 1 1 1 1 1 0 1 0 1 1 1 1 1 1 1 1 1 1 1 0 1 1 1 1
 1 1 1 1 1 0 0 0 0 0 0 1 1 0 1 1 1 1 1 1 1 1 1 0 1 1 0 1 1 0 0 1 0 0 1 1 1
 1 1 1 1 1 1 1 1 0 1 1 0 0 0 0 1 0 1 1 0 0 1 0 1 1 1 0 1 1 1 1 1 1 1 1 1 0
 1 0 1 1 1 1 1 0 1 0 0 0 1 0 1 0 1 1 1 0 1 0 0 1 1 1 0 1 1 1 0 1 1 1 1 1 1
 1 0 1 1 0 1 1 1 1 1 1 1 1 1 1 1 0 1 0 1 0 1 1 0 0 1 0 1 0 0 0 1 0 1 1 1 0
 1 1 0 0 1 1 1 1 1 1 1 0 1 1 1 1 1 1 1 1 1 1 0 1 1 1 0 1 0 1 1 1 1 1 1 1 0
 1 1 0 1 1 1 0 0 1 1 0 1 1 1 0 1 1 1 0 0 1 1 1 1 1 0 1 1 0 1 0 0 0 1 1 0 1
 1 0 1 1 1 0 1 0 1 1 1 1 1 0 1 1 0 0 1 1 0 1 0 0 1 1 1 0 1 0 1 1 1 1 1 1 1
 1 0 0 0 1 1 1 0 1 1 1 0 1 1 0 1 0 1 0 1 0 1 1 0 1 0 0 1 0 1 0 1 1 1 1 1 1
 1 1 1 1 0 1 1 1 1 1 0 1 1 0 0 1 0 0 1 1 1 0 0 0 1 0 1 1 0 1 0 1 1 1 0 1 1
 1 1 0 0 1 0 1 0 0 1 1 0 1 1 1 0 1 1 0 1 0 1 1 1 0 1 1 1 0 1 1 1 1 1 1 1 1
 1 1 1 0 1 1 1 1 0 1 1 1 1 1 0 1 0 1 1 1 1 1 1 1 1 1 1 1 0 0 1 1 1 1 1 0 1
 1 1 0 1 0 0 1 1 0 1 1 0 1 0 1 0 0 0 1 1 0 1 0 1 1 1 1 1 1 1 1 1 1 0 1 1 1
 1 1 0 1 1 1 0 1 0 1 1 0 1 1 0 1 1 0 0 1 1 0 1 1 0 1 1 0 1 1 1 1 1 0 1 1 1
 0 1 1 0 0 0 1 1 1 1 1 1 1 1 1 0 1 1 0 1 1 1 0 0 0 1 1 0 0 1 0 1 0 1 1 1 1
 1 1 0 1 1 1 1 0 1 1 0 1 1 1 1 1 0 1 1 1 0 1 1 0 1 0 1 1 0 0 1 1 1 1 1 0 1
 1 1 1 0 1 1 1 1 1 0 1 1 1 1 0 1 1 0 1 0 0 1 0 1 1 0 1 1 0 1 1 1 1 1 1 1 1
 1 0 0 0 0 1 1 1 0 1 1 0 0 0 0 1 1 1 0 1 0 1 1 1 1 1 1 1 1 1 1 0 0 1 0 1 1
 1 1 1 1 0 0 1 1 1 1 1 1 1 1 0 1 1 1 1 1 0 1 1 1 0 1 0 0 1 1 1 0 1 0 1 1 1
 1 1 1 1 0 1 0 1 0 1 1 1 1 1 1 1 1 1 0 1 0 0 1 1 1 0 0 0 1 1 1 1 1 1 0 0 1
 1 1 0 0 1 1 1 0 1 1 1 1 1 1 1 1 1 1 1 1 1 1 1 0 0 1 1 1 1 0 1 1 0 1 1 0 0
 1 1 1 1 1 1 1 1 1 1 0 1 0 0 1 0 1 1 1 1 1 1 1 0 1 1 1 1 1 1 1 1 1 1 1 1 1
 1 1 1 0 0 1 1 0 0 1 0 1 0 1 1 0 1 1 1 0 1 0 1 0 1 0 1 1 1 1 1 0 0 1 1 0 1
 0 0 1 1 0 1 0 1 1 1 1 1 0 1 1 1 0 1 1 0 1 1 0 1 1 1 1 1 0 1 1 1 0 0 1 0 0
 1 1 1 0 1 1 1 1 1 1 1 1 1 1 0 1 1 0 1 0 1 1 1 1 0 0 1 1 1 1 1 1 0 1 1 1 1
 1 0 1 1 1 1 1 1 1 1 1 0 0 1 1 1 0 1 1 1 1 0 1 1 0 1 1 0 1 1 1 1 1 1 1 0 1
 1 1 1 0 1 0 1 0 1 0 1 0 1 1 0 1 1 1 1 1 0 1 1 1 0 1 1 1 1 1 0 1 1 0 0 1 0
 1 0 0 1 0 1 1 0 1 1 1 0 1 0 1 1 1 0 0 1 1 0 1 1 0 1 1 1 1 0 0 1 1 0 1 1 1
 1 1 0 0 0 0 0 1 1 1 1 0 0 1 0 1 1 0 1 1 1 1 1 0 0 1 0 0 1 1 1 1 0 1 1 1 1
 1 0 0 1 1 0 1 0 0 1 1 1 1 1 1 1 0 1 0 0 1 1 1 1 0 1 0 1 1 0 0 0 1 0 1 1 1
 1 0 0 0 0 1 0 1 0 1 1 1 1 1 0 1 1 0 1 1 0 1 1 0 0 1 0 1 0 1 1 1 1 0 1 1 0
 1 0 1 1 1 0 1 1 1 1 0 1 1 1 0 1 1 0 1 1 1 0 0 1 1 1 1 1 1 1 1 1 1 1 0 1 1
 0 1 1 0 1 1 0 0 1 0 1 0 1 1 1 0 1 1 0 1 1 0 0 1 1 1 1 1 1 1 1 1 0 0 1 1 1
 0 0 0 0 1 1 1 1 1 0 1 1 0 1 0 1 1 1 1 0 0 1 1 1 1 0 0 0 1 1 1 1 1 1 1 0 1
 1 0 0 0 0 1 1 1 1 1 1 1 1 0 1 1 1 0 1 1 0 1 1 1 0 1 1 1 1 1 1 0 0 1 0 1 1
 1 1 1 0 1 0 1 1 0 1 1 0 1 1 1 0 1 1 1 0 1 0 1 1 1 1 1 0 1 1 1 1 1 1 0 1 0
 0 1 1 0 0 0 0 1 1 1 1 0 1 1 0 0 1 1 1 0 1 1 1 0 1 0 1 0 1 0 0 1 0 1 1 1 1
 1 0 1 1 1 0 1 1 0 1 1 1 1 1 1 1 1 0 1 1 0 1 1 0 1 1 0 1 1 1 0 1 1 1 1 0 0
 1 1 1 1 1 1 1 1 1 0 0 1 1 0 1 1 1 0 0 1 0 1 1 0 1 1 1 0 1 1 0 1 1 0 0 1 0
 0 1 1 1 0 1 1 1 1 1 1 0 0 1 1 1 1 1 0 1 1 1 0 1 0 1 1 1 1 1 1 0 1 1 1 0 1
 0 1 0 1 1 1 0 1 0 1 0 1 0 0 1 1 1 1 1 1 1 1 1 1 0 1 0 1 0 0 0 1 1 0 1 1 0
 1 1 1 1 1 1 1 1 0 1 0 1 1 0 0 1 1 0 1 1 0 1 1 0 1 0 1 1 1 1 0 0 1 1 1 1 1
 0 1 1 0 1 1 1 1 1 0 0 1 0 1 1 1 0 0 1 1 1 1 0 1 1 0 1 0 1 1 1 1 1 1 1 1 1
 1 1 1 0 0 0 1 1 1 0 0 0 1 1 1 0 0 1 1 1 0 1 1 0 0 1 1 1 0 0 1 1 1 1 0 1 0
 0 1 1 1 1 1 1 1 1 1 1 0 1 0 1 0 1 1 1 1 1 1 1 1 0 1 0 1 0 1 0 1 1 1 1 1 1
 1 0 0 1 1 0 0 1 0 1 1 0 1 1 0 1 1 1 1 0 1 1 1 0 1 0 0 1 0 1 1 1 1 1 1 1 0
 0 1 1 1 1 1 1 0 0 1 0 1 1 0 1 0 1 0 1 1 1 1 0 1 1 1 0 1 1 1 1 1 0 1 0 1 0
 1 1]