[[220 710]
 [129 941]]
              precision    recall  f1-score   support

           0       0.63      0.24      0.34       930
           1       0.57      0.88      0.69      1070

    accuracy                           0.58      2000
   macro avg       0.60      0.56      0.52      2000
weighted avg       0.60      0.58      0.53      2000

[1 1 1 1 1 1 1 0 1 1 1 1 1 1 0 1 1 0 1 1 1 1 1 0 1 0 1 1 1 1 1 1 1 0 1 0 1
 0 1 1 1 0 1 0 1 1 1 1 0 1 1 1 1 1 1 1 0 1 1 1 1 1 1 1 1 1 1 1 1 1 1 1 1 1
 1 1 0 1 1 1 0 0 1 1 1 1 1 1 1 1 1 1 0 1 1 1 1 1 1 1 1 1 1 1 1 0 1 1 1 0 1
 1 0 1 1 1 1 1 0 1 1 1 1 1 1 1 1 1 0 1 0 0 0 0 0 1 1 1 1 0 1 1 1 1 1 1 1 1
 1 1 1 1 1 1 1 0 1 1 1 1 1 1 0 1 1 1 1 1 1 1 1 1 1 1 0 0 1 1 1 0 1 1 1 1 1
 1 1 1 1 1 1 1 0 1 1 0 1 0 1 1 1 1 1 0 0 1 1 1 1 0 1 1 1 0 0 1 0 1 0 1 1 1
 1 1 1 1 1 0 0 1 1 1 1 1 1 0 1 1 1 1 1 0 1 1 1 1 1 0 1 1 1 1 1 1 1 0 1 1 1
 1 1 1 1 1 1 1 1 1 1 1 1 0 1 1 1 1 0 1 1 1 1 1 1 1 1 1 0 1 1 0 1 0 1 1 1 1
 1 1 1 1 0 1 1 1 1 1 1 1 1 1 1 0 1 1 0 0 1 1 1 1 1 1 1 1 1 1 0 1 1 1 1 1 0
 1 1 1 1 1 1 0 1 1 1 0 1 0 0 1 0 1 1 1 1 1 0 0 1 1 0 1 0 1 1 1 1 1 1 1 1 1
 1 1 1 1 1 1 1 0 1 1 0 1 1 1 1 1 1 1 1 1 1 1 1 1 0 0 1 1 1 0 1 1 1 1 0 0 0
 1 1 1 1 1 1 1 1 1 0 1 1 1 0 1 1 1 0 1 1 1 1 1 1 1 0 1 1 1 1 1 0 0 1 1 1 1
 0 1 1 1 1 1 0 1 1 1 0 1 1 1 1 1 1 1 1 0 1 1 1 0 1 1 1 1 1 1 1 1 1 1 1 1 1
 1 1 1 1 1 1 1 1 1 1 1 1 1 0 1 1 1 0 0 1 1 1 1 1 1 1 1 1 0 1 0 0 1 1 1 1 1
 1 0 1 1 1 0 1 1 1 1 1 1 1 1 1 1 1 1 1 1 1 1 0 1 1 1 1 0 1 0 1 0 1 1 1 1 1
 1 1 1 1 1 0 1 1 1 1 1 1 1 1 1 1 1 1 1 1 1 1 1 1 0 1 0 0 1 0 1 1 1 1 1 1 1
 1 1 0 1 1 1 1 0 1 1 1 1 1 1 1 1 1 1 1 1 1 1 1 1 1 1 0 1 1 1 1 1 1 1 1 1 1
 1 1 1 1 1 1 1 1 1 1 1 1 1 1 1 1 0 0 0 0 0 1 1 1 1 0 1 1 1 1 1 1 1 0 1 1 1
 1 1 1 1 1 1 1 0 1 1 0 1 1 1 1 1 1 1 0 1 1 1 1 1 1 1 1 1 1 1 0 1 1 1 1 1 1
 1 1 1 1 1 1 1 1 1 1 1 1 1 1 1 1 0 1 1 1 1 1 0 1 1 1 1 1 1 1 1 1 1 1 1 0 1
 0 1 1 1 0 1 1 0 1 1 0 1 0 1 1 1 0 0 0 1 1 0 1 1 1 0 1 0 1 1 1 1 1 1 1 0 0
 0 0 1 0 1 1 1 1 0 1 0 1 1 1 0 1 1 1 0 1 1 1 1 0 1 1 1 0 0 1 1 1 1 1 1 1 1
 0 0 0 1 1 0 1 0 1 1 1 1 1 1 1 0 1 1 1 1 1 1 1 1 1 1 1 1 1 1 0 0 1 1 1 1 1
 1 0 0 1 1 1 1 1 0 1 1 1 1 1 1 0 1 1 0 1 1 1 1 1 1 1 1 1 1 1 1 1 1 1 1 1 0
 1 1 1 1 1 1 1 1 0 1 0 0 1 0 1 1 1 1 1 1 1 0 1 1 1 1 1 1 1 1 0 1 1 1 1 1 1
 1 1 1 1 1 1 1 1 1 1 1 1 0 1 1 0 1 1 1 1 1 1 1 0 1 1 1 1 1 0 1 1 1 1 0 0 1
 1 1 1 0 1 0 1 0 1 1 1 1 1 1 1 1 1 1 1 1 1 0 1 0 1 1 0 1 1 1 1 1 1 1 0 0 1
 1 1 1 1 0 1 0 1 1 1 1 1 1 1 1 1 1 1 1 0 1 1 1 1 1 1 1 1 1 0 1 0 1 1 1 1 1
 1 1 1 1 1 1 1 1 1 0 1 0 1 1 0 1 0 1 1 1 0 1 1 1 1 1 1 0 1 0 0 1 1 1 1 0 1
 1 1 1 1 1 1 1 1 1 1 0 1 1 1 1 1 1 1 1 1 1 0 0 0 1 1 1 1 1 1 0 0 1 0 1 1 1
 1 1 1 1 0 1 1 1 1 1 1 0 1 1 0 1 1 0 1 0 1 1 1 1 1 0 0 1 0 1 1 1 1 1 0 1 1
 0 1 1 1 1 1 1 1 1 1 1 1 1 1 1 1 1 1 1 1 1 1 0 1 1 1 0 0 1 1 1 1 1 1 1 1 1
 0 1 1 1 1 1 1 0 1 1 1 1 1 1 1 1 1 1 1 1 1 1 0 1 1 1 1 1 1 1 1 1 1 1 1 1 1
 1 1 1 1 1 1 1 1 1 1 1 1 1 0 1 1 1 1 1 0 1 1 0 1 1 0 1 1 1 1 1 1 1 1 1 1 0
 1 1 0 1 1 1 1 1 1 1 1 1 1 1 1 1 1 1 1 1 1 1 1 1 1 1 0 1 1 0 0 1 1 0 0 1 1
 1 0 1 1 0 1 0 0 0 1 0 0 1 0 1 1 0 1 1 1 1 1 1 1 1 1 1 1 1 1 0 1 1 1 0 1 1
 1 1 1 1 1 1 1 1 0 1 1 0 1 1 1 1 1 1 1 1 1 1 1 1 1 1 0 1 1 1 1 1 1 1 1 1 1
 1 1 1 1 0 1 1 1 1 1 1 1 0 1 0 1 1 0 1 1 1 0 0 1 1 0 1 1 0 1 1 1 1 1 1 1 1
 0 1 1 1 1 1 1 1 1 0 1 1 1 1 1 1 1 0 1 1 1 1 1 1 0 1 1 1 1 0 0 1 1 1 0 1 1
 1 1 0 1 1 1 1 0 1 1 1 1 1 1 0 0 1 1 1 1 1 0 1 1 1 1 1 1 0 1 1 1 1 1 1 0 1
 1 1 1 1 1 1 0 1 1 1 1 1 1 1 0 1 0 1 1 1 1 1 0 0 1 1 1 1 1 1 0 1 1 1 1 1 1
 1 0 1 1 1 0 1 1 1 1 0 1 1 1 1 1 1 1 1 0 1 1 1 1 0 0 1 1 1 1 1 0 1 1 1 0 1
 0 1 1 1 1 1 1 1 1 1 1 1 1 1 1 1 1 1 1 1 1 1 1 0 1 0 1 1 1 1 0 1 0 1 1 1 1
 1 0 1 1 1 1 1 1 0 1 1 1 1 1 1 0 1 0 1 1 1 1 1 1 1 1 1 1 0 1 1 0 1 1 1 1 1
 1 1 1 1 0 1 1 0 1 1 1 1 1 1 1 0 1 1 1 1 1 1 0 1 1 1 0 1 0 1 1 1 1 1 0 0 0
 1 0 1 0 1 0 1 1 1 1 1 1 1 1 0 0 0 1 1 0 1 1 0 1 1 0 1 0 1 1 1 1 1 1 0 1 0
 1 1 1 1 1 1 1 1 1 1 1 1 0 0 1 1 1 1 1 1 0 1 1 1 1 1 1 1 1 1 1 1 1 1 1 1 1
 1 0 1 1 1 1 1 1 1 0 1 0 0 0 1 1 1 1 0 1 0 1 1 1 0 1 1 0 1 1 1 0 1 1 1 1 1
 1 1 1 1 0 1 1 1 1 1 1 1 1 1 1 1 1 1 1 1 1 1 1 1 1 1 1 1 1 1 1 1 1 1 1 1 1
 0 0 1 1 1 0 1 1 0 1 1 1 1 1 1 0 0 1 1 1 1 1 1 1 0 1 1 1 0 1 1 1 1 1 1 1 1
 1 1 1 0 1 1 1 1 0 1 1 0 1 1 1 1 1 1 1 1 1 1 1 1 1 1 1 1 1 1 1 1 1 1 1 1 1
 1 0 0 0 1 1 1 1 1 1 1 1 1 0 1 1 1 1 1 1 1 1 0 1 0 1 1 1 1 1 1 1 1 1 1 1 1
 1 0 1 0 1 1 1 1 1 1 1 1 1 1 1 1 1 1 1 1 1 1 1 1 1 1 1 1 1 1 1 1 1 0 1 0 1
 1 1 1 0 0 1 1 0 1 0 1 1 1 1 1 1 1 1 1 0 1 1 1 1 1 1 1 1 1 1 1 1 1 1 1 1 0
 1 1]