[[197 257]
 [239 307]]
              precision    recall  f1-score   support

           0       0.45      0.43      0.44       454
           1       0.54      0.56      0.55       546

    accuracy                           0.50      1000
   macro avg       0.50      0.50      0.50      1000
weighted avg       0.50      0.50      0.50      1000

[0 0 1 0 1 1 1 1 1 0 1 0 0 0 0 0 1 1 0 1 1 1 1 1 1 1 0 1 1 1 1 1 0 1 1 1 1
 1 0 0 1 1 1 0 1 0 1 0 0 1 0 1 0 1 1 1 0 0 0 1 0 1 1 0 1 0 0 0 1 1 1 0 0 0
 1 0 0 1 0 0 1 0 1 0 1 1 1 1 0 1 0 1 1 0 1 0 0 0 0 0 1 1 1 0 0 0 1 1 1 1 1
 0 1 0 1 1 1 0 1 0 1 0 0 0 1 1 0 1 1 0 1 1 1 0 1 1 1 1 1 0 1 1 1 0 1 0 1 1
 1 1 1 0 1 0 0 0 0 1 0 0 1 1 0 0 1 0 0 1 1 1 1 1 1 0 1 0 0 1 1 1 0 0 0 0 1
 1 0 1 1 1 0 0 1 1 1 1 1 1 1 1 1 1 1 1 0 1 1 1 1 1 1 1 0 1 0 0 1 0 1 1 1 1
 0 0 0 0 1 0 0 1 1 1 0 1 1 0 1 1 0 0 1 1 1 0 1 0 1 0 1 1 0 0 1 0 1 0 1 0 1
 1 1 0 1 0 1 1 0 1 0 1 0 0 0 0 1 1 0 1 1 0 0 0 1 0 0 1 0 0 1 1 1 0 1 0 1 0
 1 1 0 1 0 1 0 1 0 0 1 0 1 1 1 0 1 0 1 1 1 1 0 1 0 0 1 0 1 1 0 1 0 1 1 1 1
 0 0 0 1 0 0 1 0 0 1 1 1 0 1 0 0 0 0 0 1 0 1 1 1 1 1 1 0 0 1 0 1 0 1 1 0 1
 1 1 1 1 1 1 1 0 0 1 0 0 1 1 0 0 0 1 0 1 1 1 1 1 1 1 1 1 0 1 1 0 1 0 1 1 0
 0 1 1 0 1 0 0 1 0 0 0 1 1 0 0 1 1 1 0 1 0 1 1 1 0 1 0 1 0 0 0 1 1 0 1 0 1
 0 0 0 1 1 0 0 1 0 0 1 1 0 1 0 1 1 1 1 0 0 1 0 1 0 1 1 1 0 1 0 1 1 0 0 1 0
 1 0 0 0 1 1 1 0 1 0 0 0 1 0 0 1 1 1 0 0 1 1 1 1 0 1 0 1 1 1 1 1 0 1 0 1 1
 1 0 0 1 1 1 0 0 1 0 0 1 1 0 1 1 1 0 0 0 1 1 0 1 1 0 1 1 0 0 0 1 0 1 0 0 1
 0 0 1 1 1 1 0 0 1 0 1 0 0 0 1 0 0 1 0 0 1 1 1 1 1 0 1 1 1 1 1 0 1 1 0 1 0
 0 0 0 1 1 0 0 0 1 1 0 1 0 0 0 1 0 1 1 0 1 1 1 0 1 1 0 1 1 0 1 0 0 1 1 1 1
 0 1 1 1 1 0 0 1 0 0 0 0 1 0 0 0 1 0 1 1 0 1 1 1 1 1 1 1 0 0 0 1 0 0 0 1 0
 0 0 1 0 0 0 1 0 0 1 1 0 0 1 0 1 0 1 1 1 0 1 1 1 1 1 1 1 0 0 1 1 1 0 0 1 0
 1 1 1 0 1 1 1 0 1 1 1 1 0 1 1 0 1 1 1 1 0 1 0 0 0 0 1 1 0 0 1 1 0 1 1 0 1
 1 0 1 1 1 0 0 0 1 1 1 1 1 1 0 0 1 1 1 1 1 1 1 1 0 1 0 0 0 1 0 0 0 1 0 0 1
 0 1 1 0 1 0 1 1 0 1 1 1 0 1 1 1 1 0 0 0 0 1 1 0 0 1 1 1 1 1 1 1 1 1 0 1 1
 1 1 0 1 1 1 0 0 1 1 1 1 1 0 1 1 0 1 1 0 1 1 0 1 0 1 1 1 0 0 1 1 1 0 1 0 1
 0 1 1 1 0 1 0 0 1 0 1 0 0 0 0 1 1 0 0 0 0 0 1 0 0 1 0 1 0 0 0 0 1 0 1 0 1
 0 0 0 1 1 0 0 1 0 0 1 0 0 1 1 1 1 1 1 0 1 0 1 1 1 1 1 0 1 1 1 0 0 0 1 0 0
 0 1 0 1 0 0 1 1 1 0 0 0 1 0 0 1 1 0 1 0 1 1 0 1 1 0 0 0 0 0 1 1 1 1 1 0 0
 1 1 1 0 0 1 1 0 1 1 0 0 1 0 0 1 0 1 1 0 1 0 0 1 0 1 1 0 1 0 0 0 1 1 0 1 0
 1]