[[161 299]
 [147 393]]
              precision    recall  f1-score   support

           0       0.52      0.35      0.42       460
           1       0.57      0.73      0.64       540

    accuracy                           0.55      1000
   macro avg       0.55      0.54      0.53      1000
weighted avg       0.55      0.55      0.54      1000

[1 0 1 0 0 1 1 0 0 1 1 0 1 1 0 0 1 1 0 1 1 0 0 1 1 1 0 1 1 1 0 1 0 1 0 0 0
 1 1 1 1 1 1 1 0 1 1 0 0 1 1 1 1 1 1 1 1 0 1 1 0 1 0 1 1 1 0 1 1 1 1 1 1 0
 1 0 0 1 1 0 1 1 1 1 1 1 0 0 1 1 0 1 1 1 1 1 1 1 1 0 1 1 1 0 1 1 1 1 1 1 0
 1 1 1 1 1 0 0 0 1 1 0 0 0 0 1 1 1 1 0 0 1 0 1 1 1 1 1 1 0 1 1 1 1 1 1 1 1
 1 0 1 1 0 1 1 1 1 1 1 1 1 1 1 0 0 0 1 0 1 0 0 1 1 1 1 1 0 1 0 1 1 0 0 0 0
 1 1 0 0 1 1 1 1 1 1 1 1 0 1 1 1 1 1 1 1 1 1 1 1 1 1 1 1 1 0 1 1 0 0 1 1 1
 1 1 1 0 1 1 1 1 1 1 0 1 1 0 1 1 0 1 1 0 1 0 1 1 1 0 1 1 0 1 1 1 1 1 1 0 1
 1 1 1 1 0 1 0 0 0 1 1 0 0 1 0 1 1 1 1 1 1 0 0 1 1 1 1 1 0 1 0 0 0 1 1 1 1
 1 1 0 1 1 1 0 1 1 1 1 1 1 1 1 1 1 0 1 1 1 1 0 1 0 1 0 0 1 1 0 1 1 1 1 1 0
 1 0 1 1 0 1 1 1 0 1 0 0 0 1 0 1 0 1 1 1 1 1 1 1 1 1 1 1 0 1 1 0 0 1 1 1 1
 0 1 1 1 0 1 1 0 0 1 1 0 1 0 1 0 1 1 0 1 1 1 1 1 1 1 1 1 1 1 0 0 0 1 1 0 1
 1 1 1 1 1 1 1 1 1 1 1 1 1 0 0 1 1 0 0 1 1 1 0 1 1 0 1 1 1 1 0 1 1 1 0 1 1
 0 1 1 0 1 1 1 1 0 0 0 0 1 0 1 0 1 1 1 1 1 1 1 1 0 1 1 1 1 1 1 1 1 1 1 0 0
 0 1 1 1 1 0 1 1 1 0 0 1 0 0 1 1 1 1 0 1 0 1 1 1 1 1 0 0 1 0 0 1 0 0 1 1 0
 0 1 1 0 1 1 0 1 0 1 0 1 1 1 1 1 1 1 1 1 1 1 1 0 1 1 1 0 1 1 1 1 0 1 1 1 1
 1 0 1 1 0 1 1 1 1 1 1 1 0 0 0 1 1 1 1 1 1 1 0 1 0 1 1 0 1 1 0 1 1 0 1 0 1
 1 1 0 1 0 1 1 0 1 1 0 1 0 1 0 0 1 0 0 1 1 1 1 0 1 1 1 1 0 1 0 0 1 1 1 1 1
 1 1 1 1 0 0 1 1 0 1 0 0 0 1 1 1 1 1 1 0 1 0 0 1 0 1 1 0 0 1 0 1 0 1 0 1 0
 1 1 1 0 1 1 1 0 1 0 1 1 0 1 1 1 1 0 1 1 0 1 1 1 1 1 1 1 0 1 0 1 0 1 1 1 1
 0 1 1 1 1 1 1 1 1 0 1 0 1 1 1 0 1 0 1 1 1 1 0 1 0 1 1 0 0 0 1 0 0 1 1 1 1
 0 1 1 1 1 0 0 1 1 1 1 1 0 1 1 0 1 1 1 1 1 1 1 0 0 1 0 1 0 1 1 1 1 1 1 1 1
 1 1 1 1 1 0 0 1 1 1 1 0 0 1 1 1 1 1 1 0 1 1 1 1 1 0 1 1 1 1 1 0 1 1 0 0 1
 0 0 0 0 1 0 1 0 1 0 1 1 1 1 1 0 1 1 0 0 1 1 1 0 1 1 1 1 0 1 0 0 1 1 1 1 0
 0 0 0 1 1 0 0 0 0 1 1 1 1 1 1 1 1 0 0 1 1 0 0 0 0 1 1 0 1 1 0 1 1 0 0 0 1
 1 0 1 1 1 1 0 0 1 0 1 0 0 0 1 1 1 1 0 0 1 0 1 1 0 1 1 1 0 1 1 1 1 0 0 0 1
 0 1 1 1 1 0 1 0 0 0 1 0 1 1 1 1 1 1 0 1 1 0 1 1 1 1 0 1 1 1 1 1 1 1 1 1 0
 1 1 1 0 1 1 0 1 1 1 1 0 1 1 1 1 0 1 0 1 1 0 1 0 0 1 1 1 1 0 1 1 1 0 1 1 1
 1]