[[220 251]
 [253 276]]
              precision    recall  f1-score   support

           0       0.47      0.47      0.47       471
           1       0.52      0.52      0.52       529

    accuracy                           0.50      1000
   macro avg       0.49      0.49      0.49      1000
weighted avg       0.50      0.50      0.50      1000

[0 0 1 1 0 1 1 1 1 1 1 1 0 1 0 0 0 1 0 1 1 1 1 1 1 0 0 1 1 0 0 1 1 0 1 0 1
 1 0 1 1 1 0 1 1 1 0 1 1 0 1 0 0 0 1 1 0 1 0 0 1 0 0 0 0 0 0 1 1 1 0 0 0 0
 1 0 1 1 0 0 1 1 1 0 1 1 1 0 0 0 0 1 0 1 1 1 1 1 1 0 0 0 1 0 1 0 1 1 1 0 0
 0 0 0 0 1 0 1 1 1 1 0 0 0 0 0 0 1 0 1 0 0 1 0 0 0 0 1 1 0 1 1 1 1 0 1 1 0
 1 1 1 1 0 1 1 1 1 1 1 1 0 1 1 1 1 0 1 0 1 1 1 1 1 1 1 1 0 1 1 0 0 1 1 0 1
 0 1 1 1 1 1 1 0 1 0 0 1 1 0 1 1 0 1 0 1 0 0 0 0 1 1 1 1 1 1 0 1 0 1 1 0 0
 1 0 0 1 0 1 1 1 0 0 0 0 0 1 1 1 1 1 0 1 1 0 1 1 0 1 1 0 0 0 0 1 0 1 1 0 0
 0 1 1 1 0 1 1 1 0 1 0 1 0 0 0 0 1 1 0 1 0 1 0 1 0 1 1 1 0 1 1 0 1 0 1 0 1
 1 1 1 0 1 0 0 1 1 0 1 0 0 0 1 1 0 1 1 0 0 1 1 1 0 1 1 1 0 1 0 0 1 1 0 0 1
 1 0 0 0 1 1 0 0 1 1 1 0 0 0 0 0 0 0 1 0 1 1 1 0 0 1 1 1 1 1 0 0 0 1 1 0 0
 1 1 1 0 0 0 0 0 0 1 1 0 1 1 1 1 1 1 0 0 1 1 1 0 0 0 1 1 1 1 1 0 0 0 1 1 0
 0 1 1 1 1 0 0 1 0 0 0 0 0 1 0 1 1 0 0 0 1 0 1 1 0 0 1 0 1 0 1 0 0 1 0 1 0
 0 0 0 0 1 0 1 1 0 0 0 1 1 1 0 1 0 1 0 1 0 0 1 1 1 0 1 0 1 0 1 1 0 1 1 1 0
 0 1 1 0 0 1 0 0 1 1 0 1 1 1 0 1 0 1 1 0 0 1 0 1 0 1 1 1 0 0 0 1 1 1 1 0 1
 0 0 1 0 1 1 0 0 0 0 1 1 1 0 0 0 0 0 0 1 0 0 0 0 0 1 0 1 0 1 1 1 1 1 1 1 1
 1 0 0 0 0 0 1 0 0 0 0 0 0 0 0 0 1 1 1 0 1 0 1 0 1 1 1 1 0 0 1 1 0 1 1 1 1
 0 0 0 0 0 0 0 1 0 1 1 0 1 1 1 1 1 0 1 1 1 1 1 0 1 1 0 1 0 0 0 1 1 0 0 1 0
 0 0 1 1 0 1 0 0 1 1 0 0 1 1 0 1 0 0 1 0 0 0 1 1 1 1 0 1 0 0 0 1 1 0 1 1 1
 1 0 0 1 0 0 1 0 1 1 1 1 1 0 0 1 1 0 1 0 1 1 1 1 1 1 0 1 1 1 0 1 0 0 1 0 0
 1 1 1 1 0 1 1 0 1 0 1 1 1 0 0 1 1 0 1 1 0 0 1 0 1 1 1 1 0 0 0 0 1 0 0 0 1
 1 0 0 0 1 1 0 0 0 0 0 1 0 1 1 0 0 0 0 1 1 1 1 0 1 1 0 0 0 0 1 1 1 0 1 1 0
 1 0 1 1 0 1 0 1 1 1 0 0 1 0 0 0 1 0 0 0 0 1 0 0 0 1 1 1 1 0 0 1 0 0 1 0 1
 0 1 1 1 0 1 0 0 0 1 1 0 0 0 0 1 0 1 0 1 1 1 0 0 1 0 0 1 1 1 0 1 0 0 0 0 1
 0 0 1 0 1 0 1 1 1 1 0 0 1 1 0 1 1 0 0 0 1 1 0 1 0 0 1 1 1 1 1 1 0 1 1 1 1
 0 0 0 1 1 0 1 1 0 1 1 0 0 0 1 1 0 0 1 0 1 0 0 1 1 0 1 1 0 1 0 1 0 0 1 1 1
 1 1 0 0 1 0 1 1 1 1 1 1 0 1 0 0 1 0 0 1 1 0 1 1 0 1 0 1 1 0 0 0 0 0 0 1 1
 0 0 1 1 1 0 1 0 0 1 0 1 1 0 0 1 1 0 0 0 0 1 0 1 0 1 0 1 1 0 0 1 0 0 1 0 0
 0]