[[52 48]
 [50 50]]
              precision    recall  f1-score   support

           0       0.51      0.52      0.51       100
           1       0.51      0.50      0.51       100

    accuracy                           0.51       200
   macro avg       0.51      0.51      0.51       200
weighted avg       0.51      0.51      0.51       200

[0 0 0 0 0 1 0 0 0 0 1 1 0 0 1 1 1 0 1 1 0 0 0 0 1 0 0 0 0 0 1 1 0 1 1 1 0
 0 0 0 1 0 0 1 1 1 0 1 0 0 1 0 1 0 0 1 1 1 0 0 0 0 1 1 0 0 1 0 0 1 0 0 1 0
 0 0 0 0 0 1 1 0 0 0 0 1 0 0 1 1 1 0 1 1 0 0 0 1 0 1 1 1 0 1 0 1 0 1 0 0 0
 1 1 1 1 1 1 1 1 0 1 1 0 1 1 1 1 1 1 0 1 0 1 1 1 0 1 0 0 1 1 0 1 1 1 1 0 1
 0 0 0 1 1 0 0 1 1 0 1 0 1 1 1 1 0 1 0 0 0 0 0 0 1 1 0 1 1 0 1 1 1 0 0 1 1
 0 0 1 0 1 0 1 0 0 1 0 1 0 1 1]