[[46 60]
 [46 48]]
              precision    recall  f1-score   support

           0       0.50      0.43      0.46       106
           1       0.44      0.51      0.48        94

    accuracy                           0.47       200
   macro avg       0.47      0.47      0.47       200
weighted avg       0.47      0.47      0.47       200

[1 0 1 0 0 0 0 0 1 1 1 0 0 0 0 0 1 1 0 1 0 1 0 0 1 1 1 0 0 1 1 1 1 0 1 1 0
 1 1 1 0 1 1 1 1 0 0 1 0 1 0 0 0 0 1 1 0 1 1 1 1 0 0 0 1 1 1 1 0 0 0 0 0 1
 0 0 1 1 0 1 0 1 1 0 0 1 1 0 1 0 1 0 0 1 1 1 1 0 0 0 1 1 1 1 1 1 1 0 1 1 0
 1 0 1 0 0 1 1 1 0 1 0 1 1 1 0 0 1 1 0 1 0 0 0 1 0 1 0 0 1 0 0 1 1 1 1 0 1
 0 0 1 1 1 1 1 0 0 0 0 1 0 0 0 1 0 0 0 1 1 1 1 1 1 1 1 1 1 0 0 1 1 0 1 1 0
 0 0 1 1 0 1 0 1 1 0 0 0 1 0 1]