[[51 58]
 [48 43]]
              precision    recall  f1-score   support

           0       0.52      0.47      0.49       109
           1       0.43      0.47      0.45        91

    accuracy                           0.47       200
   macro avg       0.47      0.47      0.47       200
weighted avg       0.47      0.47      0.47       200

[1 1 0 1 1 1 0 1 0 1 0 0 1 0 1 1 1 1 1 0 1 1 1 0 0 0 1 0 1 0 1 1 0 1 0 1 0
 1 0 0 1 1 0 1 0 0 0 0 0 0 0 0 0 1 1 0 1 1 1 0 1 1 1 0 1 1 0 0 1 1 0 0 1 1
 0 0 1 1 0 0 1 1 0 1 0 0 1 0 1 1 0 0 0 1 0 0 1 0 0 0 1 1 1 0 1 1 0 1 0 1 1
 0 0 0 0 0 1 1 0 0 0 1 0 1 1 1 1 1 1 1 1 0 1 1 1 1 0 0 1 0 1 0 0 0 1 1 1 0
 0 0 1 0 1 0 1 0 0 0 1 0 1 0 0 1 1 1 1 1 1 0 0 0 0 0 0 0 1 0 1 1 1 0 1 0 0
 1 0 0 1 0 0 0 1 0 1 1 1 0 1 0]