[[60 40]
 [45 55]]
              precision    recall  f1-score   support

           0       0.57      0.60      0.59       100
           1       0.58      0.55      0.56       100

    accuracy                           0.57       200
   macro avg       0.58      0.57      0.57       200
weighted avg       0.58      0.57      0.57       200

[0 0 0 1 0 0 1 0 0 0 1 1 0 1 0 1 0 0 1 0 0 0 0 1 1 1 1 0 0 1 1 0 1 1 0 0 0
 0 1 1 0 0 1 1 0 0 0 1 1 0 1 1 0 0 0 0 1 0 0 1 0 0 0 1 1 1 0 1 0 1 1 0 0 1
 0 0 1 0 0 0 1 0 1 0 1 1 1 0 1 0 1 1 1 1 0 0 0 0 0 0 0 0 1 1 1 1 0 0 0 1 1
 1 0 1 1 0 0 0 0 1 1 0 1 0 0 1 0 0 1 1 1 0 0 1 0 1 1 1 0 1 0 1 0 0 1 0 0 0
 1 1 1 0 0 1 0 0 1 0 0 0 0 0 1 1 0 0 0 0 1 1 1 0 1 1 1 1 0 0 1 0 1 1 1 0 0
 1 1 1 1 1 0 1 0 0 1 1 1 1 1 0]