[[56 47]
 [52 45]]
              precision    recall  f1-score   support

           0       0.52      0.54      0.53       103
           1       0.49      0.46      0.48        97

    accuracy                           0.51       200
   macro avg       0.50      0.50      0.50       200
weighted avg       0.50      0.51      0.50       200

[1 1 1 0 0 1 1 1 1 1 0 0 0 0 0 0 0 0 1 1 1 0 0 1 0 0 1 1 0 1 1 0 1 0 0 1 1
 1 0 0 1 0 1 1 0 0 0 1 0 0 1 0 0 0 1 1 0 1 1 0 0 0 1 1 1 0 0 0 1 0 0 1 0 1
 0 0 0 1 0 0 0 1 1 1 0 0 0 1 0 0 1 0 1 0 0 1 0 1 0 1 1 1 0 0 0 1 0 0 0 1 0
 1 0 0 1 0 1 0 1 0 1 0 1 1 1 0 0 0 0 0 0 1 1 1 0 0 1 1 0 0 1 1 1 1 0 0 0 1
 0 1 1 0 1 1 1 0 0 0 1 1 1 1 0 1 0 1 1 0 0 1 1 1 0 0 1 0 0 1 1 0 0 1 0 1 0
 1 0 0 0 0 0 0 1 0 1 0 1 0 0 1]