[[46 54]
 [40 60]]
              precision    recall  f1-score   support

           0       0.53      0.46      0.49       100
           1       0.53      0.60      0.56       100

    accuracy                           0.53       200
   macro avg       0.53      0.53      0.53       200
weighted avg       0.53      0.53      0.53       200

[1 1 0 0 1 1 1 1 0 1 0 0 1 1 0 1 0 1 1 1 1 0 0 1 0 0 0 1 0 1 0 1 1 1 0 1 0
 0 0 1 1 0 1 1 0 1 1 0 0 1 1 1 1 1 1 1 1 1 1 1 0 1 1 1 0 0 0 1 1 1 1 1 1 1
 0 0 0 1 0 1 1 1 1 1 1 0 0 1 1 0 1 1 0 0 0 0 1 0 0 1 0 0 1 1 0 0 0 1 1 0 1
 1 1 0 0 0 1 0 0 0 1 0 1 1 1 0 0 1 1 1 1 0 0 1 1 1 1 1 0 1 0 1 1 0 0 0 1 0
 1 0 1 0 1 1 0 1 0 1 0 0 0 0 0 0 1 0 0 1 0 1 1 1 0 1 0 1 1 0 0 0 1 1 0 0 0
 1 1 1 1 0 0 1 1 1 1 1 1 1 0 1]