[[53 43]
 [52 52]]
              precision    recall  f1-score   support

           0       0.50      0.55      0.53        96
           1       0.55      0.50      0.52       104

    accuracy                           0.53       200
   macro avg       0.53      0.53      0.52       200
weighted avg       0.53      0.53      0.52       200

[1 1 0 0 1 0 1 1 1 1 0 1 1 1 1 0 0 0 0 1 0 0 0 1 0 1 0 0 1 1 1 0 0 0 1 1 1
 0 1 1 1 1 1 0 0 0 1 1 0 0 1 0 0 0 0 1 0 0 1 1 1 1 0 0 1 1 1 1 1 0 0 1 1 0
 0 0 1 1 0 0 1 0 0 1 1 0 0 0 1 0 0 0 0 1 0 1 0 1 1 1 0 0 0 0 1 1 1 0 1 1 0
 1 0 0 0 1 1 1 1 1 0 0 1 0 1 1 1 0 0 1 0 1 0 0 0 1 0 1 0 0 1 0 1 0 0 0 1 0
 1 1 0 1 1 0 0 0 1 0 0 1 0 1 0 1 1 1 0 1 1 0 0 0 0 1 1 1 1 1 1 0 0 0 0 0 0
 0 0 0 0 0 0 0 1 0 1 0 0 1 1 0]