[[49 46]
 [46 59]]
              precision    recall  f1-score   support

           0       0.52      0.52      0.52        95
           1       0.56      0.56      0.56       105

    accuracy                           0.54       200
   macro avg       0.54      0.54      0.54       200
weighted avg       0.54      0.54      0.54       200

[0 0 1 1 1 0 0 0 0 0 1 1 0 1 0 0 1 0 0 0 0 1 1 0 0 0 0 1 0 1 0 0 0 1 0 0 0
 1 0 1 1 1 1 0 0 1 0 0 0 1 1 0 0 0 1 1 0 1 1 1 1 1 1 0 0 0 0 1 1 0 0 1 1 0
 1 0 0 0 1 1 1 0 1 1 1 1 1 1 0 1 1 1 0 1 0 1 0 1 1 0 0 0 0 0 1 1 0 1 1 0 0
 1 1 0 0 0 0 1 1 0 1 1 0 1 1 0 1 0 1 1 0 1 1 0 0 0 1 0 1 1 1 1 0 0 1 1 1 1
 0 1 0 0 0 1 1 0 1 0 0 0 1 1 1 0 1 1 1 1 1 1 1 1 1 1 1 0 1 1 0 0 1 0 0 1 0
 0 1 0 1 1 0 1 1 0 1 0 0 0 1 1]