[[50 56]
 [46 48]]
              precision    recall  f1-score   support

           0       0.52      0.47      0.50       106
           1       0.46      0.51      0.48        94

    accuracy                           0.49       200
   macro avg       0.49      0.49      0.49       200
weighted avg       0.49      0.49      0.49       200

[0 0 0 1 0 1 0 0 1 1 1 1 0 0 0 1 1 1 0 1 0 0 0 1 1 1 1 1 1 0 0 1 0 1 0 0 0
 0 1 1 1 0 1 1 0 1 1 1 1 1 0 0 1 1 0 1 1 1 0 0 0 1 1 0 0 1 1 1 0 1 1 0 1 0
 1 0 1 0 1 1 0 0 0 0 1 0 1 1 1 0 1 1 0 0 0 1 1 1 0 0 1 0 1 1 1 0 0 1 0 0 0
 0 1 1 1 0 0 1 0 1 0 0 1 1 1 1 1 1 0 1 0 0 1 1 1 1 1 1 1 1 0 1 1 1 0 1 1 1
 0 1 0 0 1 0 0 0 0 1 0 0 0 0 0 0 0 1 1 0 0 1 1 1 0 1 0 0 1 1 1 0 0 0 1 0 1
 0 0 1 0 0 0 1 1 0 0 0 0 1 0 1]