[[46 53]
 [38 63]]
              precision    recall  f1-score   support

           0       0.55      0.46      0.50        99
           1       0.54      0.62      0.58       101

    accuracy                           0.55       200
   macro avg       0.55      0.54      0.54       200
weighted avg       0.55      0.55      0.54       200

[1 0 1 0 0 0 0 0 0 1 0 0 1 0 1 1 1 0 1 0 0 1 1 1 1 0 0 0 1 0 0 1 1 1 1 1 0
 1 1 1 1 1 1 1 0 1 0 0 1 0 1 1 1 0 1 1 1 0 0 0 1 0 1 0 1 0 1 1 1 1 0 1 1 1
 1 1 1 0 1 1 1 1 0 1 1 0 0 0 1 1 1 0 1 1 0 1 0 0 1 0 1 1 1 0 1 1 0 1 0 1 1
 0 0 1 1 1 1 1 0 1 0 1 1 1 0 1 1 0 1 1 0 1 0 1 0 0 1 0 1 1 1 1 1 1 1 1 1 1
 1 0 1 0 1 1 1 0 1 0 1 0 1 1 0 0 1 1 0 1 0 0 1 1 1 0 1 0 0 0 0 0 0 0 0 0 1
 0 0 0 0 0 1 0 1 1 0 1 0 1 0 1]