[[438 538]
 [465 559]]
              precision    recall  f1-score   support

           0       0.49      0.45      0.47       976
           1       0.51      0.55      0.53      1024

    accuracy                           0.50      2000
   macro avg       0.50      0.50      0.50      2000
weighted avg       0.50      0.50      0.50      2000

[0 1 1 1 1 1 1 0 0 1 1 0 1 0 1 1 0 1 1 1 1 0 0 1 0 1 0 1 1 1 1 1 1 0 1 0 1
 0 0 1 0 1 1 1 1 1 1 0 1 1 1 1 1 0 1 1 1 0 1 0 1 1 1 0 1 1 1 1 0 1 1 0 0 1
 1 1 0 1 0 1 0 1 0 1 0 0 0 1 1 0 1 0 1 1 1 0 0 1 0 0 1 1 1 0 1 1 1 1 0 1 1
 0 0 0 0 1 1 0 0 1 1 1 0 0 1 1 1 1 1 1 1 1 1 1 1 0 1 1 1 1 1 1 1 0 1 1 0 1
 0 0 1 0 0 1 1 1 0 1 0 0 1 1 1 1 0 1 0 1 0 0 0 0 1 0 1 1 1 0 0 0 1 0 1 1 0
 1 0 0 0 0 0 1 0 1 0 1 0 1 0 1 1 1 1 0 0 1 0 1 0 1 0 1 1 0 1 1 1 0 1 1 0 1
 1 0 1 1 0 1 1 0 0 1 0 0 0 1 0 1 1 1 1 0 1 1 0 1 1 1 1 1 1 0 1 1 1 0 1 1 0
 0 1 1 1 1 1 0 1 0 1 0 0 1 1 1 0 1 0 0 1 0 0 0 1 1 1 1 0 1 1 0 1 0 1 0 1 1
 0 1 0 1 1 1 1 0 1 0 0 0 1 1 0 1 0 0 1 0 0 1 1 0 1 0 0 0 0 1 1 0 0 0 0 0 1
 1 1 1 1 0 1 0 0 1 0 1 1 1 1 1 1 0 0 1 0 0 1 0 0 1 1 1 0 1 0 1 1 0 1 1 1 0
 1 1 1 0 0 0 1 1 1 1 0 0 1 0 0 1 0 1 1 0 1 1 1 1 1 1 0 1 0 0 1 1 1 0 1 1 1
 0 1 0 1 0 0 0 0 1 1 0 0 1 0 0 1 1 0 1 1 1 0 1 0 0 1 1 0 1 1 0 1 1 1 0 1 1
 0 1 1 0 0 1 0 1 0 1 1 1 0 1 1 1 1 0 0 0 0 1 1 1 1 0 1 0 0 1 0 0 0 0 0 1 1
 1 0 1 0 1 0 0 0 1 1 0 1 0 0 0 0 1 0 1 1 0 1 0 0 0 0 1 1 1 1 0 0 1 1 1 1 1
 0 1 0 0 1 0 0 1 1 0 0 0 0 0 1 1 1 0 0 0 1 0 0 0 0 0 1 1 0 1 1 1 1 1 1 0 1
 0 1 0 1 1 0 0 0 1 0 0 0 1 1 1 1 0 1 0 0 1 1 1 0 1 1 0 1 0 0 1 1 0 0 1 0 1
 0 1 0 1 0 1 1 1 0 1 1 1 1 1 1 1 1 0 0 1 0 0 1 0 0 1 1 1 0 0 0 1 1 0 1 1 1
 0 0 0 0 1 0 1 0 1 0 0 1 0 1 1 0 0 0 0 1 1 1 1 0 0 1 0 1 0 1 0 0 1 1 1 1 0
 1 0 1 1 1 1 0 1 1 0 1 0 1 1 0 0 0 1 0 1 0 0 1 1 1 1 1 0 0 0 1 0 0 1 0 1 0
 0 1 1 1 1 1 1 1 0 0 1 1 0 1 1 1 1 1 1 1 1 0 1 0 1 0 0 1 1 0 1 0 1 1 0 0 1
 1 0 0 0 1 1 0 0 0 1 1 1 1 0 0 0 1 1 0 0 0 0 1 0 0 1 0 0 1 1 0 1 1 0 1 0 0
 0 0 1 1 0 0 0 1 0 0 1 0 1 1 1 1 1 0 1 1 1 1 1 1 1 0 1 1 1 0 1 1 1 0 1 1 0
 0 1 1 0 0 1 0 1 0 0 0 1 1 1 0 1 1 0 1 0 1 0 1 0 1 1 1 1 1 1 1 0 0 0 0 1 1
 1 1 0 1 1 1 1 1 0 0 1 0 0 0 0 0 0 1 1 0 0 0 0 0 0 1 0 0 1 1 1 0 1 0 0 1 1
 1 1 0 0 1 0 1 0 1 0 0 0 0 1 1 0 1 0 0 0 0 1 0 1 1 1 1 0 0 1 1 0 1 0 0 0 1
 1 0 1 1 1 0 0 1 1 1 1 1 1 0 1 0 0 0 0 1 1 1 1 1 0 1 0 1 0 1 0 1 1 1 1 1 0
 1 1 0 0 0 1 0 1 1 1 0 1 0 1 1 1 0 1 1 1 0 1 0 1 1 1 0 1 1 1 0 1 1 1 1 1 1
 0 1 1 1 0 1 1 1 1 1 1 0 0 1 1 1 0 0 1 0 1 0 0 0 0 1 0 1 1 0 1 1 0 0 1 1 0
 0 0 0 1 0 0 1 1 0 0 0 1 0 1 0 0 0 1 0 0 0 1 0 0 1 1 0 1 0 1 1 0 1 0 1 1 1
 0 0 1 1 0 0 1 1 0 1 0 1 0 0 0 0 0 1 1 1 0 1 1 1 1 0 1 0 0 1 0 1 0 1 1 1 1
 0 1 0 1 1 0 1 0 1 1 1 0 0 0 1 1 1 1 1 1 0 1 1 1 0 0 0 0 0 1 0 0 0 1 1 0 1
 1 0 0 0 1 1 1 0 1 1 1 0 0 1 1 1 0 0 1 1 0 0 0 0 1 0 1 1 1 1 0 0 0 0 0 0 0
 1 1 1 1 0 1 1 1 1 0 1 0 1 0 1 0 0 1 0 1 1 0 0 1 1 1 0 0 1 1 1 0 1 1 0 0 0
 1 1 0 1 0 0 1 1 0 0 1 0 0 0 1 0 1 0 0 1 0 0 0 0 1 0 0 1 1 1 0 0 0 0 1 0 1
 0 0 0 0 0 0 0 0 0 0 1 0 1 0 1 0 1 1 1 0 1 1 1 1 1 0 0 1 0 1 1 0 0 1 0 1 1
 1 1 0 1 1 0 1 0 0 0 0 1 0 1 1 1 1 1 0 0 0 1 1 1 0 1 1 0 0 1 1 1 0 1 1 1 0
 0 1 1 1 0 1 0 0 0 0 0 1 0 1 0 1 0 0 1 1 1 0 0 0 1 0 1 0 1 1 0 1 1 0 1 1 0
 1 0 0 0 1 0 0 0 0 0 1 0 0 1 1 1 0 1 1 1 1 0 0 1 0 0 0 1 0 0 1 1 0 0 0 1 1
 0 0 0 1 1 1 1 1 1 0 0 0 0 1 1 0 0 1 0 0 1 0 1 0 0 1 0 1 0 1 1 0 1 1 1 0 1
 1 1 1 1 0 0 0 1 1 1 0 0 0 1 0 0 1 0 0 0 1 0 1 0 1 1 1 0 1 1 0 0 0 0 1 1 1
 0 0 0 0 1 0 1 0 1 1 0 1 1 1 1 1 0 1 1 1 1 1 1 1 0 1 1 0 0 0 1 0 0 1 1 1 1
 0 1 0 1 0 1 0 1 1 0 1 1 0 0 0 1 1 1 0 1 0 0 0 0 1 0 0 1 0 0 0 0 1 0 1 1 1
 0 1 0 0 0 1 0 1 0 1 0 0 0 1 0 1 0 1 0 1 1 0 1 0 1 0 0 1 1 1 0 1 0 0 0 0 0
 0 1 0 1 1 1 1 1 0 0 1 1 0 1 1 0 0 0 1 1 1 0 1 1 0 1 1 1 0 1 1 0 1 1 1 1 1
 1 1 1 0 1 0 1 1 1 1 1 1 1 1 1 1 1 0 0 1 1 1 1 1 1 0 0 0 1 0 0 1 1 1 0 1 1
 1 1 1 0 1 1 0 0 0 0 0 0 0 1 0 1 1 0 0 0 1 0 0 1 0 0 1 0 0 1 1 1 0 0 0 1 0
 1 1 0 0 1 0 1 1 0 0 0 1 1 1 1 1 0 1 1 0 0 1 1 0 1 1 1 0 0 1 1 0 0 0 1 0 1
 0 1 0 1 1 1 1 0 1 0 1 0 1 0 1 0 0 0 1 1 1 0 0 1 0 0 0 1 0 0 0 1 1 1 1 1 0
 1 1 1 1 1 0 1 1 1 0 0 0 0 1 0 1 0 0 0 1 0 0 1 0 0 1 1 1 1 0 0 0 1 1 0 0 1
 1 0 1 1 1 1 1 0 0 0 0 1 0 0 1 1 0 1 1 0 1 1 1 1 1 1 0 0 0 1 1 0 1 1 0 0 1
 1 0 0 1 1 1 1 1 0 1 1 1 0 1 0 0 0 0 1 0 0 1 1 1 0 1 0 1 1 0 1 1 0 1 1 1 1
 0 1 1 1 1 1 1 0 1 0 1 0 0 0 1 1 0 1 0 0 1 1 0 0 1 0 1 0 1 1 1 1 0 0 1 1 0
 1 0 1 0 0 0 0 0 1 0 0 0 0 1 1 0 0 1 0 1 1 1 1 0 0 1 1 0 0 1 1 0 1 0 1 1 1
 0 1 1 0 1 1 1 1 0 1 1 1 0 0 0 1 0 1 1 1 0 0 1 1 0 1 1 1 0 0 0 1 0 1 0 0 0
 0 0]