[[362 572]
 [278 788]]
              precision    recall  f1-score   support

           0       0.57      0.39      0.46       934
           1       0.58      0.74      0.65      1066

    accuracy                           0.57      2000
   macro avg       0.57      0.56      0.55      2000
weighted avg       0.57      0.57      0.56      2000

[0 0 1 1 0 1 0 0 0 1 0 1 0 1 1 1 0 0 1 0 1 1 1 0 1 1 1 1 1 0 1 1 1 1 0 1 1
 1 1 1 1 0 1 0 0 1 1 1 0 1 1 1 0 0 1 1 1 1 1 1 1 1 0 1 0 1 1 0 1 0 0 1 1 1
 1 1 1 1 1 1 1 1 1 0 0 1 1 1 1 0 1 0 1 1 1 1 1 0 1 1 1 1 1 1 1 0 0 1 1 1 1
 0 0 1 1 0 1 1 0 0 1 0 1 1 0 0 1 1 0 1 0 0 1 1 1 1 1 1 1 1 1 0 1 0 0 1 0 1
 0 1 1 0 0 1 1 0 0 1 1 1 1 0 1 0 1 1 0 1 0 1 1 1 0 0 1 0 1 1 1 0 1 0 0 1 0
 1 1 1 1 0 0 1 0 0 0 1 1 1 0 1 1 1 1 1 1 1 1 1 1 0 1 1 0 1 1 1 0 1 0 0 1 1
 1 0 1 1 0 1 1 1 1 1 1 0 0 1 0 1 1 0 0 1 1 0 0 0 1 1 0 1 1 1 1 1 1 1 1 1 0
 1 1 1 1 1 1 0 1 1 1 1 0 1 1 0 1 1 0 1 0 1 1 1 1 0 1 1 0 1 1 1 0 0 1 1 1 0
 1 1 1 1 1 0 1 1 1 1 1 1 1 1 1 1 0 1 1 1 1 1 1 1 1 1 1 0 0 1 1 1 1 0 0 0 1
 0 1 0 1 1 0 1 1 1 1 1 1 1 0 0 0 1 0 1 1 1 1 1 0 1 0 1 0 1 1 1 1 1 1 1 1 0
 0 1 1 1 1 1 1 1 1 1 1 1 1 1 0 1 0 1 1 1 1 1 1 0 1 1 0 1 0 1 1 0 0 1 1 1 0
 0 1 1 0 0 1 0 1 0 0 1 0 1 1 1 1 0 1 1 1 1 0 1 1 1 0 0 1 0 0 1 0 1 1 1 0 1
 1 0 0 1 1 0 1 1 1 0 1 0 1 1 1 1 1 1 0 0 0 0 0 1 0 1 0 1 1 1 1 1 1 1 1 1 1
 1 0 1 1 0 1 1 1 1 1 1 1 1 1 1 1 1 1 0 1 1 1 1 1 1 0 0 0 1 0 1 1 0 1 0 1 1
 0 1 1 1 1 1 0 0 1 1 0 0 0 1 0 1 1 1 0 1 1 1 1 1 1 0 1 1 1 1 0 0 1 1 0 1 1
 0 1 1 1 1 1 1 0 1 1 0 0 0 1 1 0 1 0 1 1 1 0 0 1 1 0 1 0 0 1 1 1 1 0 1 0 1
 1 0 1 0 1 0 1 0 1 0 0 1 1 1 0 1 1 0 1 0 1 0 1 1 0 1 0 1 1 1 1 0 0 1 0 0 0
 1 0 1 0 0 1 1 1 1 1 1 1 1 0 1 0 0 1 0 1 1 1 1 1 0 1 1 1 1 1 0 0 1 1 0 1 0
 0 1 1 1 0 1 1 1 0 1 0 1 1 1 0 1 1 0 0 1 1 0 1 0 1 0 0 1 0 1 0 0 1 1 1 0 1
 1 1 1 1 1 1 0 0 0 0 0 1 1 0 1 1 1 0 1 1 1 0 1 1 1 1 0 1 1 1 1 1 0 1 1 1 0
 0 1 0 1 0 0 1 1 1 0 1 1 0 1 1 0 0 1 1 1 1 0 0 1 1 0 1 1 1 1 1 0 1 1 1 1 1
 0 1 1 1 1 1 1 0 1 1 1 0 1 0 1 0 1 1 0 1 1 0 1 1 1 1 0 1 1 1 1 0 1 1 1 0 1
 1 0 1 1 1 1 1 1 1 1 0 1 1 0 1 1 1 1 1 1 1 1 1 1 1 0 1 1 0 0 1 1 1 0 0 1 1
 0 0 1 1 1 1 1 1 1 1 1 1 0 0 0 1 1 0 0 0 1 1 1 1 0 1 1 1 1 1 0 0 1 1 1 1 1
 1 0 0 1 1 0 1 1 1 0 1 1 1 1 1 1 0 0 1 1 1 1 0 1 0 1 0 1 0 1 1 1 1 0 1 1 0
 1 1 1 1 1 0 1 1 0 1 0 1 1 1 1 1 0 1 1 0 0 0 1 0 1 0 0 1 1 1 0 1 0 1 0 1 1
 0 1 1 1 1 1 0 1 0 0 0 1 0 1 1 1 0 0 1 1 0 0 1 0 1 1 1 1 1 1 1 1 1 0 1 1 1
 1 1 1 1 0 1 1 1 1 1 0 1 1 0 1 1 0 0 0 1 0 1 1 1 1 1 1 0 1 1 0 0 1 1 1 1 0
 1 0 0 0 1 1 1 1 1 0 0 0 1 0 1 1 0 0 1 1 0 0 1 1 1 0 1 1 1 0 1 1 1 1 1 1 1
 1 0 1 1 1 1 1 0 1 1 1 0 1 0 0 1 1 0 1 1 0 1 0 1 0 1 1 1 0 1 1 1 0 0 1 0 0
 0 0 1 1 1 1 0 1 0 1 1 1 1 1 0 1 0 1 1 1 1 1 1 1 1 1 0 0 0 0 1 1 1 0 0 1 0
 1 1 1 0 1 0 0 0 1 1 0 1 1 0 0 1 1 1 1 1 1 1 1 0 1 1 1 1 0 1 0 0 0 1 1 0 1
 0 1 1 1 1 1 0 1 1 1 0 1 0 1 0 1 0 0 0 1 1 0 0 0 1 1 0 0 0 1 1 0 1 1 0 0 1
 1 0 1 0 0 1 1 0 1 1 0 0 1 0 1 1 0 0 0 0 1 1 0 0 1 1 0 0 1 1 1 1 0 0 1 1 1
 0 1 0 1 1 0 0 1 0 1 0 0 1 1 1 1 1 1 1 1 1 1 0 1 1 1 0 0 1 1 1 1 1 1 0 1 1
 0 1 0 1 0 1 1 1 1 0 1 0 0 1 1 1 1 1 1 1 1 0 1 0 1 1 1 1 1 1 1 1 1 1 1 1 0
 1 1 1 1 1 0 0 1 1 1 1 0 1 0 1 1 1 1 1 1 1 1 0 1 0 1 1 1 1 1 1 0 1 1 1 1 1
 1 0 0 1 1 1 1 1 1 0 1 1 1 0 0 1 1 1 1 1 0 1 1 0 0 0 1 0 0 1 0 1 1 1 0 0 1
 1 1 1 1 1 1 1 1 1 0 0 1 1 1 1 0 1 0 1 1 0 1 1 1 1 1 1 0 1 1 0 1 1 1 1 1 0
 1 1 1 1 1 0 1 0 0 0 1 1 1 0 1 1 1 1 0 1 0 1 1 1 1 1 1 1 0 1 1 1 1 0 1 0 1
 0 1 0 0 1 1 1 1 1 1 1 0 1 1 1 1 1 1 1 1 1 1 1 0 0 0 1 0 1 1 1 0 1 1 1 1 1
 1 1 1 1 1 0 0 1 1 1 1 1 1 0 0 1 1 1 0 1 1 1 0 0 1 0 0 1 1 0 1 1 1 0 1 1 1
 1 0 1 0 1 1 0 1 0 1 1 1 1 1 1 0 0 1 1 1 1 1 0 1 0 0 1 0 0 0 1 1 0 1 0 1 1
 1 1 1 0 1 0 0 1 0 1 1 1 0 1 1 1 1 0 1 0 1 0 0 0 1 1 1 0 1 1 1 1 0 1 1 1 0
 1 1 1 1 1 1 0 1 0 1 1 1 1 1 1 0 1 1 0 1 1 0 0 1 1 0 1 1 1 0 0 0 1 1 1 1 1
 1 1 1 1 1 1 0 1 1 1 1 1 0 1 0 0 0 1 1 0 0 1 1 0 1 0 0 1 0 0 0 0 1 1 0 1 0
 1 1 1 1 1 0 1 1 1 0 1 0 0 0 1 1 1 1 1 0 1 1 1 0 0 1 1 1 1 0 1 0 0 0 1 1 0
 1 0 0 1 1 0 1 1 0 1 1 0 1 1 0 0 0 1 0 0 0 0 1 0 1 1 1 1 1 0 1 1 1 1 0 1 1
 1 0 0 1 1 1 0 1 1 1 1 0 0 1 0 1 1 1 0 1 1 0 0 1 1 1 0 1 0 0 0 1 0 1 1 1 1
 1 0 1 1 0 0 1 0 1 1 1 1 1 1 1 0 1 1 1 1 1 1 1 0 1 1 1 1 0 0 1 1 1 0 1 1 1
 1 1 1 1 1 1 1 1 1 1 1 1 1 1 1 0 1 1 1 1 1 1 0 0 1 1 1 1 0 1 1 1 1 0 0 1 0
 1 0 1 0 1 0 1 0 1 1 1 1 1 1 1 1 1 0 1 1 1 0 1 1 1 1 0 1 1 1 1 1 1 1 0 1 0
 1 0 1 0 0 1 1 0 1 1 1 0 1 1 0 1 1 0 1 1 1 1 0 1 1 1 1 1 1 1 0 1 0 1 1 0 1
 0 1 1 1 1 1 1 0 1 0 1 0 0 1 1 1 1 1 1 0 0 1 1 1 1 0 1 0 1 1 1 0 0 0 1 1 1
 0 0]