[[54 49]
 [42 55]]
              precision    recall  f1-score   support

           0       0.56      0.52      0.54       103
           1       0.53      0.57      0.55        97

    accuracy                           0.55       200
   macro avg       0.55      0.55      0.54       200
weighted avg       0.55      0.55      0.54       200

[0 1 0 1 0 0 0 0 1 0 0 0 0 1 0 0 1 1 1 0 0 1 0 1 1 0 1 1 0 1 1 0 0 0 0 0 0
 0 0 0 0 0 0 1 1 1 1 0 1 0 0 0 1 1 1 1 1 1 0 1 1 0 0 0 1 1 0 1 1 0 0 1 1 0
 1 0 0 1 1 1 0 1 1 1 1 0 1 0 1 1 0 1 0 0 0 1 1 0 1 1 0 1 0 0 0 1 1 1 1 0 0
 1 1 0 0 1 0 0 1 0 1 0 0 1 1 0 1 1 0 1 1 1 0 1 0 1 1 0 1 1 1 1 0 1 0 1 1 0
 0 0 1 1 0 1 1 0 1 1 1 1 1 0 0 1 0 0 0 0 1 0 0 1 1 1 0 1 1 0 1 1 0 1 1 0 1
 0 0 1 1 0 0 0 1 1 1 1 0 0 0 1]