[[167 325]
 [116 392]]
              precision    recall  f1-score   support

           0       0.59      0.34      0.43       492
           1       0.55      0.77      0.64       508

    accuracy                           0.56      1000
   macro avg       0.57      0.56      0.54      1000
weighted avg       0.57      0.56      0.54      1000

[0 1 1 1 1 1 1 1 1 1 1 1 0 1 0 1 1 1 1 1 1 1 1 1 1 1 1 1 1 1 1 0 1 1 1 0 1
 0 0 1 1 1 1 1 1 1 1 1 1 0 0 1 1 1 0 1 1 0 1 1 0 1 1 0 1 0 1 1 1 1 1 1 1 0
 1 1 0 1 1 1 0 1 1 0 0 1 1 1 1 1 1 1 0 1 1 1 0 1 1 1 0 1 0 1 1 1 0 1 1 1 0
 1 0 1 0 1 1 0 1 1 1 1 1 1 0 0 1 1 1 1 0 1 0 1 0 1 0 0 0 1 0 0 1 1 1 1 1 1
 1 1 0 1 0 1 1 0 1 1 1 1 0 1 0 1 0 1 0 0 1 1 1 1 1 1 1 1 1 0 1 1 1 0 1 1 1
 1 1 1 1 1 1 1 1 1 1 1 1 1 1 1 1 1 1 1 1 0 0 1 1 1 0 1 1 1 0 0 0 1 1 1 0 1
 0 0 1 1 1 0 1 0 0 1 1 1 0 0 0 1 1 0 1 0 0 1 0 1 0 0 0 0 1 1 1 0 1 1 1 1 1
 1 1 0 1 1 1 0 1 1 1 0 1 0 1 1 0 1 1 0 1 1 0 1 1 1 0 0 1 1 1 1 0 1 0 1 1 1
 1 0 1 1 0 1 0 0 1 0 0 1 1 0 1 0 0 1 0 1 1 0 1 0 1 1 0 1 1 1 1 0 1 1 1 1 0
 1 1 1 0 1 1 0 0 1 1 1 1 1 1 1 1 1 1 1 0 1 1 1 1 0 0 1 0 1 0 1 1 0 1 0 0 1
 1 1 1 1 0 1 1 1 1 0 1 0 0 1 1 1 1 1 1 1 0 0 1 1 0 1 1 1 1 0 1 1 1 0 1 0 1
 0 0 1 1 1 1 0 0 1 1 1 0 1 1 0 0 1 1 0 1 0 1 1 1 1 0 1 1 1 0 0 1 1 0 1 1 1
 0 1 0 0 0 1 1 1 0 1 0 1 1 1 1 0 1 1 0 1 1 1 0 1 0 1 1 1 1 1 0 1 1 1 1 1 1
 1 1 1 0 1 1 0 0 0 1 1 1 1 1 0 1 1 1 1 1 1 1 0 1 0 1 1 1 0 1 0 1 0 1 1 1 0
 1 1 1 0 1 1 1 1 1 1 0 1 1 1 1 1 0 0 1 1 1 1 0 0 0 1 1 1 1 1 1 0 1 0 0 0 1
 0 0 1 1 1 0 1 0 1 1 0 1 0 1 1 1 1 0 1 1 1 1 1 1 1 1 1 1 0 0 1 0 1 1 1 1 0
 1 0 1 1 1 1 1 1 1 1 1 1 0 1 0 1 1 1 1 1 1 1 0 1 1 1 1 1 0 1 1 1 1 1 1 0 0
 1 1 0 0 1 1 0 0 1 0 1 1 0 0 1 0 0 1 1 0 0 1 1 1 1 1 0 0 1 0 1 1 1 1 0 1 1
 1 0 1 1 1 1 0 1 1 1 1 1 1 1 1 1 0 1 0 1 1 0 0 0 1 1 1 1 1 1 1 1 1 0 1 1 1
 1 1 1 0 0 1 1 1 1 1 1 1 1 1 1 1 1 1 1 0 0 0 0 0 1 0 1 1 1 1 0 1 0 1 0 0 1
 0 1 1 1 1 1 0 1 1 1 1 1 1 1 1 1 1 1 0 1 0 1 1 1 0 1 0 0 0 1 0 1 1 1 1 1 0
 1 1 1 1 0 1 1 1 1 1 0 1 1 1 1 1 1 1 1 1 1 0 0 1 0 1 1 1 1 1 1 1 1 1 1 1 1
 1 1 0 0 1 1 1 1 1 0 1 1 0 1 1 1 1 1 1 1 1 1 1 1 1 1 1 1 1 1 1 1 0 1 1 1 0
 1 1 1 1 1 1 1 1 1 1 0 0 0 0 0 1 0 1 1 1 1 1 0 0 1 1 0 0 1 1 1 1 1 1 0 1 0
 0 1 0 1 0 0 1 1 1 1 0 1 1 1 1 0 1 1 1 0 1 1 0 1 1 1 1 1 1 1 1 0 0 1 1 0 1
 1 0 0 1 1 0 1 1 1 1 1 1 1 1 1 1 0 0 1 0 0 1 1 1 1 1 1 1 0 1 1 1 0 1 1 1 1
 1 1 1 1 0 1 0 0 1 0 1 0 1 0 1 1 1 1 0 1 1 1 1 1 0 1 0 0 0 1 1 1 1 1 1 0 1
 1]