[[187 305]
 [151 357]]
              precision    recall  f1-score   support

           0       0.55      0.38      0.45       492
           1       0.54      0.70      0.61       508

    accuracy                           0.54      1000
   macro avg       0.55      0.54      0.53      1000
weighted avg       0.55      0.54      0.53      1000

[1 1 1 0 1 0 0 0 0 1 1 1 0 1 0 1 1 1 1 0 1 1 1 1 1 1 1 1 0 1 1 0 0 1 1 0 0
 1 0 1 0 1 1 0 1 1 1 1 0 0 0 1 0 1 1 1 1 0 0 1 1 0 1 0 0 0 1 0 1 1 1 1 0 0
 1 1 1 1 1 0 1 1 1 0 1 1 1 0 1 0 1 0 1 1 1 0 0 1 1 1 0 0 1 1 0 0 1 1 1 1 1
 1 0 1 0 0 1 0 0 1 1 1 0 1 0 1 0 1 0 1 0 1 1 1 1 1 0 1 1 1 0 0 1 1 1 1 1 1
 1 1 0 1 0 1 1 0 1 1 1 1 0 1 1 1 1 1 1 0 0 0 1 0 1 0 1 1 1 0 1 1 1 1 1 0 1
 1 0 1 1 1 0 1 1 1 1 1 1 0 1 1 1 0 1 1 1 0 0 1 1 1 0 1 1 1 1 1 1 1 1 1 1 1
 0 0 1 1 1 0 0 1 0 1 1 1 0 1 1 0 1 0 0 0 0 1 1 1 0 0 0 0 1 0 0 1 1 1 1 1 0
 1 1 0 1 0 0 0 1 1 1 1 1 0 0 1 0 0 1 0 0 1 0 1 1 1 0 0 1 1 1 0 0 1 0 0 1 0
 1 0 1 1 0 1 0 0 1 0 0 1 1 1 1 1 0 1 0 1 1 1 1 0 1 1 1 1 1 1 1 1 1 0 1 1 0
 1 1 0 0 0 0 0 0 1 1 1 0 1 1 1 1 0 1 1 1 1 1 0 1 1 0 0 0 1 1 1 1 0 1 0 0 1
 0 1 1 1 0 1 1 1 0 0 1 1 0 1 1 0 1 1 1 1 1 1 1 1 0 1 1 1 1 0 0 1 0 0 1 0 1
 0 1 0 0 1 1 0 1 1 1 1 0 0 0 0 0 0 1 0 1 1 1 1 0 1 1 1 1 1 1 0 1 1 1 0 1 1
 0 1 1 0 1 0 0 1 0 1 0 1 1 1 0 1 1 0 1 1 1 1 0 1 0 1 0 0 1 1 0 1 1 1 1 1 0
 1 0 1 0 1 1 0 1 1 1 1 0 1 1 1 0 1 1 1 0 1 1 0 1 1 1 1 1 0 1 0 0 0 1 1 0 0
 1 0 1 0 1 1 1 1 1 1 0 1 1 1 1 1 1 0 1 1 1 1 0 1 0 1 0 1 1 1 1 0 1 0 0 0 1
 1 0 1 1 0 1 1 0 1 1 0 0 0 0 1 1 0 1 1 0 1 1 0 1 1 1 0 0 0 0 1 0 1 1 1 0 0
 1 1 1 1 1 1 0 1 1 1 1 1 0 1 1 1 0 1 0 1 0 1 0 1 0 1 1 1 0 1 1 1 1 0 1 1 1
 0 1 0 1 1 1 1 0 1 0 1 0 0 0 1 0 0 0 1 0 1 1 1 1 1 1 0 0 0 0 1 1 0 1 0 1 0
 0 0 1 0 1 1 1 0 1 1 1 1 0 1 1 1 1 1 0 1 0 0 0 1 0 1 0 0 1 1 1 0 1 0 1 1 1
 1 1 1 0 1 1 1 1 1 1 1 1 1 1 1 1 1 1 1 0 0 1 0 1 1 1 1 0 0 1 1 1 1 1 0 0 1
 0 1 1 1 1 1 1 1 1 0 1 1 0 1 1 0 1 1 0 1 1 1 1 1 0 1 1 0 1 1 0 1 1 1 1 1 0
 1 1 1 1 1 1 1 1 0 1 1 1 1 0 1 0 1 1 1 1 1 1 1 1 0 1 1 1 0 1 1 1 1 1 1 1 1
 1 1 0 0 1 1 1 1 1 0 1 1 0 0 1 1 1 1 0 0 1 1 1 0 0 0 1 1 1 1 1 1 1 1 0 1 0
 1 1 1 1 1 1 1 0 1 1 0 0 1 1 1 0 0 1 1 1 0 0 0 0 0 0 0 0 0 1 1 1 1 1 0 0 1
 0 0 0 1 1 1 1 1 0 1 1 1 1 1 1 0 1 1 0 1 1 1 0 0 1 1 1 1 1 1 0 0 0 1 0 0 1
 1 0 1 0 1 0 1 0 1 1 1 1 1 1 0 1 1 0 1 1 0 1 1 1 1 1 1 0 1 1 1 1 1 0 1 1 0
 1 1 1 1 0 1 1 1 1 0 1 0 0 0 0 1 1 1 0 1 1 1 1 1 1 1 1 0 1 1 1 0 0 1 1 1 1
 1]