[[202 290]
 [159 349]]
              precision    recall  f1-score   support

           0       0.56      0.41      0.47       492
           1       0.55      0.69      0.61       508

    accuracy                           0.55      1000
   macro avg       0.55      0.55      0.54      1000
weighted avg       0.55      0.55      0.54      1000

[0 1 1 1 1 0 0 0 0 1 1 0 0 1 0 0 1 1 1 0 1 0 1 1 1 1 1 1 1 1 1 0 1 1 1 0 0
 0 0 1 0 0 1 0 1 1 1 1 1 0 0 1 1 1 0 1 1 1 0 1 0 1 0 0 0 0 1 0 1 1 1 1 1 0
 1 1 1 1 1 0 0 1 0 0 0 1 1 0 1 0 1 1 0 1 1 1 0 1 1 1 0 1 1 1 1 1 0 1 1 1 0
 0 1 0 0 1 1 0 0 1 1 1 1 1 0 0 1 1 1 1 0 1 0 1 0 1 0 1 1 1 0 0 1 1 1 1 1 0
 1 1 0 1 1 1 1 0 1 1 1 1 0 1 1 1 1 0 0 0 1 0 1 1 0 1 1 1 1 0 1 0 1 1 1 0 0
 1 1 1 1 1 0 1 1 1 0 1 0 0 0 1 1 1 1 1 1 0 0 1 1 1 0 1 1 1 0 1 0 1 1 1 0 1
 0 0 1 1 1 0 1 0 0 1 1 1 0 1 0 1 1 0 1 0 0 1 0 1 0 0 0 0 1 0 1 0 1 1 1 1 0
 1 1 0 1 1 0 0 1 1 1 1 0 0 0 1 0 0 1 0 0 1 0 0 1 1 0 0 1 1 1 0 0 1 1 1 1 1
 1 0 1 1 0 1 0 0 1 0 0 1 1 0 1 1 0 1 0 1 1 1 1 0 1 1 0 1 1 1 1 0 1 1 1 1 0
 0 1 0 0 1 0 1 0 1 1 1 1 1 1 0 1 0 1 1 1 1 1 1 1 0 0 1 0 1 0 0 1 0 1 0 0 1
 1 1 1 1 0 1 1 0 0 0 0 0 0 1 1 0 1 1 0 1 0 0 1 1 0 1 1 1 1 0 1 1 1 1 1 1 1
 0 1 1 0 1 1 0 0 1 0 1 1 0 1 0 0 0 1 0 1 0 1 0 0 1 0 1 1 1 1 1 1 1 1 0 1 0
 0 1 0 0 1 1 0 1 0 1 0 1 1 1 0 0 1 1 0 1 1 1 0 1 1 1 0 1 1 1 1 1 1 1 1 1 1
 1 1 1 0 1 0 0 1 1 1 1 1 1 1 0 0 1 1 1 0 1 1 0 1 0 1 1 1 0 1 0 0 0 1 1 1 0
 1 0 1 0 1 1 1 1 1 1 0 1 1 1 1 1 0 1 1 1 1 1 0 0 0 1 0 1 1 1 0 0 1 0 0 0 1
 1 0 1 1 0 1 0 0 1 1 0 0 0 0 1 1 1 1 1 0 1 1 0 1 1 1 1 1 0 0 1 0 1 0 1 0 1
 1 1 0 1 0 1 0 1 1 1 1 0 0 1 1 1 1 1 0 1 0 1 0 1 0 1 1 1 0 1 0 1 1 0 1 0 1
 1 1 1 0 1 1 0 0 1 0 1 1 0 0 1 0 0 1 1 1 0 1 0 1 1 1 0 0 1 0 1 1 1 1 0 1 1
 1 0 1 1 1 1 1 0 1 0 1 1 0 1 0 1 0 1 0 1 1 1 0 0 0 1 0 0 1 1 1 1 1 0 1 1 1
 0 1 1 0 0 1 1 1 1 1 0 1 1 1 1 1 1 1 1 0 0 1 0 0 1 1 1 1 1 1 1 1 1 1 0 1 1
 0 1 1 1 1 1 0 0 1 0 1 1 0 1 1 1 1 1 0 1 0 1 1 1 0 0 0 0 0 1 0 1 0 1 1 1 1
 1 1 1 0 0 0 0 1 1 1 1 1 1 1 1 0 1 1 1 1 1 0 0 1 0 0 1 0 0 1 1 1 1 1 1 0 1
 1 1 1 0 1 1 1 1 1 0 1 1 0 0 1 1 0 1 0 0 0 0 0 1 0 0 0 1 1 1 1 1 1 1 1 1 1
 1 1 1 1 1 1 1 0 1 1 0 0 0 1 1 1 1 1 1 1 1 0 0 0 1 1 0 0 0 1 1 1 1 1 1 0 1
 1 1 0 1 0 0 1 1 0 1 1 0 1 1 1 0 1 1 0 1 1 1 0 1 1 1 1 1 0 1 0 1 0 1 1 0 1
 1 0 1 0 1 0 1 0 1 0 0 0 1 1 0 1 0 0 1 1 1 1 1 1 1 1 1 0 1 1 1 1 1 0 1 1 0
 1 1 1 1 0 1 1 1 0 0 0 0 0 0 0 1 1 0 0 1 1 0 1 1 0 1 0 0 1 1 1 1 1 1 1 0 1
 1]