[[163 329]
 [124 384]]
              precision    recall  f1-score   support

           0       0.57      0.33      0.42       492
           1       0.54      0.76      0.63       508

    accuracy                           0.55      1000
   macro avg       0.55      0.54      0.52      1000
weighted avg       0.55      0.55      0.53      1000

[1 1 1 1 1 0 0 0 1 1 1 0 0 1 0 0 1 1 1 0 1 0 1 1 0 1 1 1 1 1 1 0 1 1 1 0 0
 0 0 1 0 0 1 0 1 1 1 1 1 1 0 1 1 1 0 1 1 1 0 1 0 1 0 0 0 0 1 0 1 1 1 1 1 0
 1 1 1 1 1 0 0 1 0 1 0 1 1 0 1 0 1 1 1 1 1 1 1 1 1 1 0 1 1 1 1 0 1 1 1 1 1
 1 1 0 0 1 1 1 1 1 1 1 1 1 0 1 1 1 1 1 1 1 0 1 0 1 1 1 1 1 0 1 1 1 1 1 1 0
 1 1 0 1 1 1 1 0 1 1 1 1 0 1 1 1 1 0 0 1 1 0 1 1 0 1 1 0 1 0 1 1 1 1 1 0 1
 1 0 1 1 1 0 1 1 1 1 1 0 0 0 1 1 1 1 1 1 0 0 1 1 1 0 1 1 1 1 1 1 1 1 1 1 1
 0 1 1 1 1 0 1 0 1 1 1 1 0 1 0 1 1 0 1 0 0 1 1 1 1 0 0 0 1 1 1 0 1 1 1 1 0
 1 1 1 1 1 0 0 1 1 1 1 0 1 0 1 0 0 1 0 0 1 0 0 1 1 0 0 1 1 1 0 0 1 1 1 1 1
 1 0 1 1 0 1 0 0 1 0 1 1 1 0 1 1 0 1 0 1 1 1 1 0 0 1 0 1 1 1 1 1 1 1 1 1 1
 1 1 1 0 1 1 1 0 1 1 1 1 1 1 1 1 1 1 1 1 1 1 1 1 1 1 0 0 1 0 0 1 1 1 0 0 1
 1 1 1 1 0 1 1 0 0 0 0 0 0 1 1 0 1 1 1 1 0 0 1 1 1 1 1 1 1 0 1 1 1 1 1 1 1
 0 1 1 0 1 1 0 0 1 1 1 1 0 0 0 0 0 1 1 1 1 1 0 0 1 1 1 1 1 1 1 1 1 1 0 1 0
 0 1 0 0 1 1 0 1 0 1 0 1 1 1 0 0 1 1 0 1 1 1 0 1 1 1 1 1 1 1 1 1 1 1 1 1 1
 1 1 1 0 1 0 0 1 1 0 1 1 1 1 0 0 1 1 1 0 1 1 0 1 0 1 1 1 0 1 1 0 0 1 1 1 0
 1 1 1 0 1 1 1 1 1 1 0 1 1 1 1 1 0 1 1 1 1 1 1 0 1 1 0 1 1 1 1 0 1 1 0 0 1
 1 0 1 1 0 1 1 0 1 1 0 0 0 0 1 1 1 1 1 1 1 1 0 1 1 1 1 1 0 0 1 0 1 0 1 0 1
 1 1 1 1 0 1 1 1 1 1 1 0 0 1 1 1 1 1 0 1 0 1 0 1 0 1 1 1 0 1 0 1 1 1 1 0 1
 1 1 1 0 1 1 0 1 1 0 1 1 0 0 1 0 0 1 1 1 1 1 1 1 1 1 1 0 1 1 1 1 1 1 0 1 1
 1 0 1 1 1 1 1 1 1 1 1 1 0 1 0 1 1 1 0 1 1 1 0 0 0 1 0 1 1 1 1 1 1 0 1 1 1
 1 1 1 0 1 1 1 1 1 0 1 1 1 1 1 1 1 1 1 1 0 1 0 0 1 1 1 1 1 1 1 1 1 1 0 1 1
 0 1 1 1 0 1 0 0 1 0 0 1 0 1 1 1 1 1 0 1 0 1 1 1 0 1 0 1 0 1 0 1 0 1 1 1 1
 1 1 1 1 1 0 0 1 1 1 1 1 1 1 1 0 1 1 1 1 1 0 1 1 0 0 1 0 0 1 1 1 1 1 1 0 1
 1 1 1 0 1 1 0 1 1 1 1 0 0 0 1 1 0 1 0 0 0 0 1 1 0 0 0 1 0 1 1 1 1 1 1 1 1
 1 1 1 1 1 0 1 0 1 1 0 0 1 1 1 1 1 1 1 1 1 0 0 1 0 1 0 0 1 1 1 1 1 1 1 1 1
 1 1 1 1 0 0 1 1 0 1 1 0 1 1 1 1 1 1 1 1 1 1 0 1 1 1 1 1 1 1 1 1 0 1 1 1 1
 1 0 1 0 1 0 1 0 1 0 0 0 1 1 0 1 0 0 1 1 1 1 1 0 1 1 1 0 1 1 1 1 1 1 1 1 0
 1 1 1 1 1 1 1 1 0 0 0 0 0 0 0 1 1 0 0 1 1 0 1 1 0 1 1 0 1 1 1 1 1 1 1 0 1
 1]