[[159 333]
 [104 404]]
              precision    recall  f1-score   support

           0       0.60      0.32      0.42       492
           1       0.55      0.80      0.65       508

    accuracy                           0.56      1000
   macro avg       0.58      0.56      0.54      1000
weighted avg       0.58      0.56      0.54      1000

[0 1 1 1 1 1 1 1 1 1 1 0 0 1 0 1 1 1 1 1 1 1 1 1 1 1 1 1 1 1 1 0 1 1 0 0 1
 1 1 1 1 1 1 1 1 1 1 1 1 1 1 1 1 1 0 0 1 0 1 1 0 1 1 0 1 0 1 1 1 1 1 1 1 0
 1 1 0 1 1 1 1 1 1 1 0 1 1 1 1 0 1 1 0 1 1 0 0 1 1 1 0 1 0 1 0 1 0 1 1 0 1
 1 0 1 0 1 1 0 1 1 1 1 1 1 0 0 1 1 1 1 0 1 0 1 0 1 0 0 0 1 1 0 1 1 1 1 1 0
 1 1 0 1 0 1 1 0 1 0 1 1 0 1 0 1 0 1 0 0 1 1 1 1 1 1 1 1 1 0 1 1 1 0 1 0 1
 1 1 1 1 1 1 1 1 1 1 1 1 1 1 1 1 1 1 1 1 0 0 1 1 1 1 1 1 1 0 0 0 1 1 1 0 1
 1 1 1 1 1 0 1 0 0 1 1 1 0 1 0 1 1 0 1 0 0 1 0 1 0 0 0 0 1 1 1 0 1 1 1 1 1
 1 1 0 1 1 1 0 1 1 1 0 1 0 1 1 0 1 1 1 1 1 0 0 1 1 0 1 1 1 0 1 0 1 0 1 1 1
 1 0 1 1 0 1 0 0 1 0 0 1 1 1 1 1 0 1 1 1 1 0 1 0 1 1 0 1 1 1 1 1 1 1 1 1 1
 1 1 1 0 1 1 0 0 1 1 1 1 1 1 1 1 1 1 1 0 1 1 1 1 0 0 1 1 1 1 1 1 0 1 0 1 1
 1 1 1 1 0 0 1 1 1 0 1 1 0 1 1 1 1 1 1 1 0 1 1 1 1 1 1 1 1 0 1 1 1 0 1 0 1
 0 0 1 0 1 1 0 0 1 1 1 0 1 1 0 0 1 1 0 1 0 1 1 1 1 1 1 0 1 0 0 1 1 1 1 1 1
 0 1 0 0 0 1 1 1 0 1 0 1 0 1 0 0 1 1 1 1 1 1 0 1 1 1 1 1 1 1 0 1 1 1 1 1 1
 1 1 0 0 1 1 0 0 0 1 1 1 1 0 0 1 0 1 1 1 1 1 0 1 0 1 1 1 1 1 0 1 0 1 1 1 0
 1 1 1 0 1 0 1 1 1 1 0 1 1 1 1 1 1 0 1 1 1 1 0 0 0 1 1 1 1 1 1 0 1 0 0 0 1
 1 0 1 1 1 0 0 0 1 1 0 1 0 0 1 1 1 1 1 0 1 1 1 1 1 1 1 1 0 0 1 0 1 1 1 1 0
 1 1 1 1 1 1 1 1 1 1 1 1 0 1 0 1 1 1 1 1 1 1 0 1 1 1 1 1 1 1 1 0 1 1 1 0 0
 1 1 0 0 1 1 0 0 1 0 1 0 0 1 1 1 0 1 1 0 1 1 0 1 1 1 0 0 1 0 1 1 1 1 0 1 1
 0 0 1 0 1 1 0 0 1 1 1 1 1 1 1 0 0 1 0 1 1 0 0 0 1 1 1 1 1 1 1 1 1 0 1 1 1
 1 1 1 0 0 1 1 1 1 1 1 1 1 1 1 1 1 1 1 0 0 0 0 0 1 1 1 1 1 1 0 1 1 1 0 0 1
 0 1 1 1 1 1 0 1 1 1 1 1 1 1 1 1 1 1 0 1 0 1 1 1 0 1 0 0 1 1 0 1 1 1 0 1 0
 1 1 1 1 0 1 1 1 1 1 0 1 1 1 1 1 1 1 1 1 1 1 1 1 0 1 1 1 1 1 1 1 1 1 1 1 1
 1 1 1 0 1 1 1 1 1 0 1 1 0 1 1 1 0 1 1 1 1 1 1 1 1 1 1 1 1 1 1 1 0 0 1 1 0
 1 1 1 1 1 1 1 1 1 1 0 0 0 1 0 1 1 1 1 1 1 1 0 0 1 1 0 0 0 1 1 1 1 1 1 1 1
 0 1 1 1 0 0 1 1 1 1 0 1 1 1 1 0 1 1 1 1 1 1 0 1 1 1 1 1 1 1 1 0 0 1 1 1 1
 1 0 0 1 1 1 1 1 1 1 1 1 1 1 1 1 1 0 1 0 0 1 1 1 1 1 1 0 0 1 1 1 1 1 1 1 1
 1 1 1 1 0 1 0 0 1 0 1 0 1 0 1 1 1 1 0 1 1 1 1 1 1 1 0 0 1 1 1 1 1 1 1 0 1
 1]