[[165 325]
 [134 376]]
              precision    recall  f1-score   support

           0       0.55      0.34      0.42       490
           1       0.54      0.74      0.62       510

    accuracy                           0.54      1000
   macro avg       0.54      0.54      0.52      1000
weighted avg       0.54      0.54      0.52      1000

[1 1 1 1 1 1 1 0 1 1 1 1 1 0 1 1 1 1 1 1 1 1 1 1 1 0 1 1 1 0 1 0 1 1 1 1 0
 1 1 1 0 1 1 0 1 1 0 0 0 1 1 1 1 0 1 1 1 0 1 1 1 1 0 1 0 1 1 0 1 0 1 1 1 1
 0 1 1 1 1 1 1 0 0 1 1 1 0 1 0 1 0 0 1 1 0 1 0 0 1 1 1 0 1 0 0 1 1 1 1 0 1
 0 1 1 1 0 1 1 1 0 1 1 0 0 1 1 1 1 1 1 1 1 0 1 1 1 0 1 1 1 0 1 1 0 1 1 1 0
 1 1 1 0 1 1 1 0 1 1 0 1 0 0 1 1 0 1 0 0 1 0 1 1 1 1 0 1 1 1 0 1 1 0 1 1 0
 1 0 1 1 1 1 0 1 1 1 1 1 1 1 0 0 0 1 1 1 1 1 0 1 1 1 1 1 1 0 0 1 1 1 0 1 1
 0 1 1 1 1 1 0 1 1 1 1 0 0 1 1 0 1 0 1 1 1 0 1 1 0 1 1 1 1 1 1 1 0 1 1 0 1
 0 1 1 1 1 0 1 1 0 1 1 0 1 1 0 1 1 0 1 0 1 1 0 1 1 1 0 0 0 0 1 1 0 0 1 0 0
 1 1 1 0 0 1 1 1 1 1 1 0 1 1 1 0 1 1 1 1 1 1 1 0 1 0 1 1 1 0 1 1 1 1 1 1 1
 0 1 1 0 0 1 0 1 1 0 1 1 0 1 0 0 1 0 1 0 0 1 1 1 1 1 1 0 1 1 0 1 1 0 0 0 1
 1 1 0 1 0 1 0 1 0 0 1 0 1 1 1 1 0 1 1 1 1 1 1 1 1 1 1 1 1 1 1 1 0 1 1 1 1
 1 0 1 1 1 1 1 0 1 1 1 1 1 1 1 0 0 1 1 1 0 1 1 0 0 1 1 0 1 1 1 1 1 1 1 1 0
 0 1 1 1 0 1 1 1 1 1 1 1 1 1 0 1 1 0 1 1 0 0 1 0 1 0 1 1 1 1 1 0 1 1 1 0 0
 1 1 1 1 1 1 1 0 1 0 0 0 1 1 1 1 0 0 1 1 0 1 0 1 0 0 1 0 1 1 1 1 1 0 1 0 1
 1 1 0 1 1 0 0 1 1 1 0 0 0 0 1 0 0 0 0 0 1 1 0 1 1 0 0 1 0 1 1 0 1 1 1 1 1
 1 0 1 1 0 1 0 1 1 1 1 1 1 1 1 0 0 0 1 1 1 0 1 0 1 0 1 0 1 0 1 1 1 1 1 0 1
 1 1 0 1 1 1 1 1 1 1 1 1 1 1 1 0 0 1 1 1 0 1 1 0 0 0 1 1 1 1 1 0 0 1 1 0 1
 1 1 1 1 1 1 0 1 1 1 1 1 1 0 1 0 0 0 0 1 1 1 0 1 0 0 1 1 1 1 1 1 1 0 1 0 0
 1 0 0 1 0 0 1 1 0 1 1 1 1 1 1 0 0 0 1 0 0 1 1 1 0 0 1 0 0 0 1 1 1 1 1 1 1
 1 1 0 1 1 0 0 1 1 1 1 1 1 0 1 1 1 1 1 0 1 1 1 1 1 1 0 0 1 0 1 0 1 0 1 1 1
 1 1 1 1 1 1 0 1 1 0 0 1 1 1 1 1 1 1 1 1 1 1 1 1 0 0 0 1 1 1 1 0 1 1 1 1 1
 1 1 0 1 0 1 1 0 0 1 1 1 1 0 1 1 0 0 0 0 1 0 1 1 0 0 1 1 1 0 0 0 0 1 0 1 1
 1 1 0 0 1 1 1 0 1 1 0 1 0 0 1 1 1 0 0 1 0 1 0 1 1 1 1 1 0 1 1 1 0 1 1 1 1
 1 0 1 0 0 1 1 0 1 0 0 1 1 1 1 1 1 0 1 1 1 1 1 1 1 1 0 0 1 1 1 1 1 1 1 0 1
 0 1 1 1 1 1 1 1 0 0 1 1 1 0 1 1 1 0 1 0 0 1 1 1 0 1 1 1 1 1 1 1 0 1 1 1 1
 0 0 1 1 1 0 1 1 1 0 0 1 0 1 0 0 1 1 1 1 1 0 1 1 1 1 1 1 0 1 1 1 1 0 1 1 1
 1 1 1 1 1 1 1 1 0 1 1 1 1 1 0 1 1 1 1 1 1 1 1 1 1 1 1 1 1 0 1 1 1 1 1 0 1
 1]