[[135 357]
 [ 89 419]]
              precision    recall  f1-score   support

           0       0.60      0.27      0.38       492
           1       0.54      0.82      0.65       508

    accuracy                           0.55      1000
   macro avg       0.57      0.55      0.51      1000
weighted avg       0.57      0.55      0.52      1000

[0 1 1 1 1 1 1 1 1 1 1 1 0 1 1 1 1 1 1 1 1 1 1 1 1 1 1 1 1 1 1 0 1 1 1 0 1
 1 1 1 1 1 1 1 1 1 1 1 1 0 1 1 1 1 0 1 1 0 1 1 0 1 1 0 1 0 1 1 1 1 1 1 1 0
 1 1 0 1 1 1 1 1 1 1 0 1 1 1 1 0 1 1 1 1 1 0 0 1 1 1 0 1 0 1 1 1 0 1 1 1 1
 1 1 1 1 1 1 0 1 1 1 1 1 1 0 0 1 1 1 1 0 1 0 1 0 1 0 0 0 1 1 1 1 1 1 1 1 0
 1 1 0 1 0 1 1 0 1 1 1 1 0 1 0 1 0 1 1 0 1 1 1 1 1 1 1 1 1 1 1 1 1 0 1 0 1
 1 1 1 1 1 1 1 1 1 1 1 1 1 1 1 1 1 1 1 1 0 0 1 1 1 1 1 1 1 0 0 1 1 1 1 0 1
 1 1 1 1 1 0 1 1 0 1 1 1 0 0 0 1 1 0 1 0 0 1 0 1 0 0 1 0 1 1 1 0 1 1 1 1 1
 1 1 1 1 1 1 0 1 1 1 1 1 0 1 1 0 1 1 0 1 1 0 1 1 1 0 0 1 1 0 1 1 1 0 1 1 1
 1 1 1 1 0 1 0 0 1 1 0 1 1 1 1 0 0 1 1 1 1 0 1 0 1 1 0 1 0 1 1 0 1 1 1 1 0
 1 1 1 0 1 0 0 0 1 1 1 1 1 1 1 1 0 1 1 0 1 1 1 1 0 1 1 1 1 1 1 1 0 1 0 1 1
 1 1 1 1 0 0 1 1 1 0 1 1 0 1 1 1 1 1 1 1 0 1 1 1 1 1 1 1 1 0 1 0 1 0 1 0 1
 0 1 1 0 1 1 1 0 1 1 1 1 1 1 0 0 1 1 0 1 0 1 1 1 1 1 1 1 1 0 0 1 1 0 1 1 1
 0 1 0 0 0 1 1 1 0 1 0 1 1 1 1 0 1 1 0 1 1 1 0 1 1 1 1 1 1 1 0 1 1 1 1 1 1
 1 1 0 0 1 1 0 1 1 1 1 1 1 0 0 1 0 1 1 1 1 1 1 1 0 1 1 1 1 1 0 1 0 1 1 1 0
 1 1 1 1 1 1 1 1 0 1 0 1 1 1 1 1 1 0 1 1 1 1 0 0 0 1 1 1 1 1 1 0 1 1 0 0 1
 0 0 1 1 1 0 0 0 1 1 0 1 0 1 1 1 1 1 1 0 1 1 1 1 1 1 1 1 0 0 1 0 1 1 1 1 0
 1 1 1 1 1 1 1 1 1 1 1 1 1 1 0 1 1 1 1 1 1 1 0 1 1 1 1 1 1 1 1 0 1 1 1 0 0
 1 1 1 0 1 1 0 0 1 1 1 0 1 1 1 1 0 1 1 0 0 1 1 1 1 1 0 0 1 0 1 1 1 1 0 1 1
 1 1 1 1 1 1 0 1 1 1 1 1 1 1 1 1 0 1 0 1 1 0 0 1 1 1 1 1 1 1 1 1 1 0 1 1 1
 1 1 1 0 1 1 1 1 1 1 1 1 1 1 1 1 1 1 1 1 1 0 0 0 1 0 1 1 1 1 0 1 1 1 0 0 1
 0 1 1 1 1 1 1 1 1 1 1 1 1 1 1 1 1 1 0 1 0 1 1 1 1 1 0 1 1 1 0 1 1 1 1 1 0
 1 1 1 1 0 1 1 1 1 1 0 1 1 0 1 1 1 1 1 1 1 1 0 1 1 1 1 1 0 1 1 1 1 1 1 1 1
 1 1 1 0 1 1 1 1 1 0 1 1 0 1 1 1 1 1 1 1 1 1 1 1 1 1 1 1 1 1 1 1 0 1 1 1 0
 1 1 1 1 1 1 1 1 1 1 0 1 1 1 0 1 1 1 1 1 1 1 0 1 1 0 1 0 1 1 0 1 1 1 0 1 0
 0 1 1 1 0 0 1 1 1 1 0 1 1 1 1 0 1 1 1 1 1 1 0 1 1 1 1 1 1 1 1 0 1 1 1 0 1
 1 0 0 1 1 1 1 1 1 1 1 1 1 1 1 1 1 0 1 0 0 1 1 1 1 1 1 1 0 1 1 1 0 1 1 1 1
 1 1 1 1 0 1 0 0 1 0 1 0 1 0 1 1 1 1 0 1 1 1 1 1 1 1 1 0 0 1 1 1 1 1 1 1 1
 1]