[[210 252]
 [225 313]]
              precision    recall  f1-score   support

           0       0.48      0.45      0.47       462
           1       0.55      0.58      0.57       538

    accuracy                           0.52      1000
   macro avg       0.52      0.52      0.52      1000
weighted avg       0.52      0.52      0.52      1000

[0 0 0 1 1 1 1 1 1 1 1 1 1 0 1 1 1 0 0 0 0 1 1 0 0 1 1 0 1 0 1 0 1 0 0 0 1
 1 1 1 1 0 1 1 0 1 1 1 0 1 0 0 0 1 1 0 0 1 0 0 1 0 1 0 0 1 1 1 0 0 1 0 0 0
 0 0 0 0 1 0 0 1 0 1 1 0 1 0 0 1 0 1 0 1 1 1 0 1 0 0 0 0 1 0 0 1 1 1 1 0 1
 1 1 1 0 1 1 1 0 0 1 1 0 0 1 0 1 1 1 1 1 1 0 1 1 0 1 0 1 1 1 0 0 0 0 0 1 1
 1 0 0 1 1 1 1 0 0 1 0 1 1 1 0 0 0 1 0 1 1 1 1 1 0 1 0 1 1 1 1 0 1 0 1 0 0
 0 0 1 1 0 0 1 0 0 1 1 1 1 1 0 1 1 0 1 0 0 1 0 0 1 0 0 1 0 1 1 1 1 1 1 1 0
 1 0 1 0 0 0 0 0 0 1 1 1 1 1 0 1 0 1 1 1 0 1 1 1 0 1 1 0 0 0 0 0 1 1 0 0 0
 0 0 1 0 1 0 1 1 0 0 0 1 0 1 1 0 1 0 0 0 0 0 1 1 1 1 1 0 0 0 1 0 1 0 1 1 1
 1 1 1 1 1 0 1 0 1 0 1 1 1 1 1 1 0 0 0 1 1 1 0 1 1 1 0 1 1 0 1 1 0 1 0 1 0
 0 1 0 0 0 1 1 0 1 1 0 0 1 1 1 1 1 1 1 0 0 1 1 1 0 0 1 1 1 1 0 0 0 0 0 1 1
 1 1 1 0 1 0 1 1 0 0 0 1 1 0 1 0 0 1 0 0 1 1 1 1 0 1 0 0 0 0 1 0 1 1 1 1 0
 1 1 0 1 1 1 0 1 1 0 1 1 0 1 1 1 1 0 0 0 0 0 1 1 0 1 0 1 1 1 0 1 1 1 0 1 0
 1 0 1 1 1 1 0 0 1 1 0 1 1 1 1 1 1 0 1 1 0 1 1 1 0 1 0 1 1 1 0 1 1 1 0 1 1
 0 0 1 0 0 1 1 0 1 1 0 0 1 0 1 1 1 1 0 0 0 1 1 0 0 0 1 0 0 0 1 0 1 1 0 0 0
 0 0 1 1 1 0 1 1 1 1 0 1 0 1 1 0 1 0 0 1 0 0 0 1 0 1 0 1 0 1 1 1 1 1 1 1 1
 1 1 1 0 0 0 1 1 1 1 1 0 1 1 1 1 0 1 0 1 0 0 1 1 1 1 0 1 1 1 0 1 0 0 1 0 1
 0 1 1 0 1 1 0 1 0 1 1 0 1 0 0 0 0 0 1 1 1 1 1 0 1 1 1 0 0 1 0 0 0 1 0 1 0
 1 0 0 0 0 0 0 1 0 0 1 0 0 0 0 0 1 0 0 1 1 1 1 1 1 1 1 0 0 1 1 1 0 1 0 1 1
 0 1 0 0 1 0 0 1 1 1 1 1 0 1 1 1 1 1 1 0 0 1 0 1 0 1 1 1 1 0 1 1 0 0 0 1 1
 1 1 1 1 0 1 1 0 0 0 0 0 0 1 1 1 1 1 0 1 1 1 0 0 0 1 0 1 0 0 1 1 0 0 0 1 1
 1 0 0 0 1 1 0 0 1 1 1 0 0 1 1 0 1 1 1 0 0 1 1 0 1 0 1 0 1 0 0 1 0 0 0 0 1
 0 1 0 1 1 0 0 1 1 0 1 1 0 1 1 1 1 0 0 0 1 1 0 1 1 0 0 1 0 1 1 1 1 1 0 0 1
 1 1 1 0 0 0 0 0 0 1 0 0 1 0 0 1 1 1 0 0 0 1 1 1 0 0 1 0 0 1 1 0 1 1 1 1 1
 0 1 0 0 0 1 0 0 1 1 0 1 1 0 0 1 1 1 1 1 1 0 1 1 1 1 1 1 1 0 0 1 0 0 1 1 0
 1 1 0 1 0 0 0 0 0 0 0 0 1 1 0 0 0 1 1 0 1 0 0 1 0 1 1 1 1 1 1 0 0 0 1 1 1
 0 0 0 0 0 1 0 1 1 1 1 1 0 1 0 1 1 0 0 1 0 1 0 1 1 0 0 1 1 0 0 1 0 1 1 0 1
 1 0 1 1 1 1 1 0 1 1 1 1 1 1 1 1 1 0 0 0 0 1 1 1 0 0 1 0 1 1 1 1 1 1 1 1 1
 1]