[[142 336]
 [130 392]]
              precision    recall  f1-score   support

           0       0.52      0.30      0.38       478
           1       0.54      0.75      0.63       522

    accuracy                           0.53      1000
   macro avg       0.53      0.52      0.50      1000
weighted avg       0.53      0.53      0.51      1000

[1 1 1 1 0 1 1 0 1 0 1 0 1 0 0 1 1 0 1 1 1 1 1 1 1 0 0 1 1 1 0 1 1 1 1 1 0
 1 0 0 1 1 1 1 1 0 1 0 1 0 1 1 1 1 1 1 1 0 1 1 1 1 0 1 1 1 1 1 1 1 1 1 0 1
 1 0 1 1 1 1 1 1 1 0 1 1 1 0 1 0 0 1 0 1 0 1 0 1 1 1 1 1 0 1 0 1 1 1 1 1 1
 1 0 1 1 0 1 1 0 1 1 1 1 1 1 1 0 1 0 1 1 1 1 1 0 1 1 0 1 1 1 1 0 1 1 0 1 1
 0 1 0 1 1 0 1 0 1 1 0 1 1 0 1 1 1 1 1 0 1 0 1 1 0 1 1 1 0 1 0 1 1 1 1 0 0
 1 1 0 1 0 0 1 0 1 0 1 0 0 0 1 1 1 1 0 0 1 1 1 0 1 1 1 1 0 1 1 1 1 1 1 1 1
 0 1 0 1 1 1 1 1 1 1 1 1 1 1 1 1 1 0 1 1 1 1 0 0 1 1 1 1 1 1 1 0 0 1 1 1 1
 1 1 0 1 1 0 0 1 1 0 1 1 0 1 1 1 1 1 1 1 1 0 1 1 1 1 1 0 0 1 1 1 1 0 1 1 1
 1 1 1 0 1 1 1 1 1 1 1 1 1 1 1 1 0 1 0 1 1 0 0 1 1 1 1 1 0 1 1 1 1 0 1 1 1
 0 0 0 1 1 1 1 1 1 1 1 1 1 1 1 1 0 1 1 1 1 0 1 1 0 0 1 1 0 1 1 1 0 1 0 1 1
 1 1 0 0 1 0 1 1 1 1 1 1 1 1 1 1 1 1 1 1 1 1 1 0 0 1 1 1 1 1 0 1 1 0 1 1 0
 1 1 0 1 1 1 0 1 1 1 1 1 1 1 1 0 1 0 1 1 1 1 1 1 1 1 1 0 1 1 0 1 1 1 1 1 0
 1 1 1 1 1 0 1 1 0 1 1 1 0 0 1 1 1 0 1 1 1 1 1 1 1 1 1 1 1 0 1 1 1 1 1 0 1
 1 1 1 0 1 1 1 1 0 0 1 0 0 1 1 1 1 1 1 0 1 1 0 1 1 1 1 1 1 0 1 1 1 1 1 1 1
 1 1 0 0 1 0 1 1 1 1 0 1 1 1 1 0 1 0 1 1 1 0 1 0 0 1 1 1 0 1 1 1 1 1 1 1 0
 0 0 1 1 0 1 1 1 1 1 1 0 1 1 1 1 1 1 1 0 1 0 1 0 1 1 0 0 0 1 1 0 1 1 1 1 1
 1 0 1 1 0 1 1 1 1 1 1 1 1 1 1 1 0 1 1 0 0 0 1 0 0 1 1 1 1 1 1 0 1 1 1 1 1
 1 1 0 1 0 0 0 1 1 1 1 1 0 1 1 1 1 0 1 0 1 0 0 1 1 1 1 1 1 1 0 1 1 0 0 0 0
 1 0 1 1 1 1 0 1 1 0 0 1 1 0 1 1 1 1 1 0 0 1 0 0 0 1 1 1 1 0 0 0 1 0 1 1 1
 0 1 1 1 0 1 0 1 0 1 1 1 1 1 0 1 1 1 1 1 0 0 0 0 1 0 1 1 1 1 1 0 1 1 1 1 1
 1 1 0 1 1 1 1 0 1 0 1 0 1 0 1 0 1 0 1 1 1 1 1 0 1 1 1 1 0 1 1 1 1 1 0 0 1
 1 1 1 1 1 1 1 1 1 0 0 0 1 1 0 0 1 1 1 0 1 0 1 1 1 1 0 1 0 1 0 1 0 1 1 1 1
 1 0 0 1 1 1 0 0 1 1 1 1 0 1 0 1 1 0 1 1 1 1 1 0 1 1 1 0 1 1 0 1 1 1 1 1 1
 1 0 1 1 0 1 1 1 1 0 1 1 1 1 1 0 0 0 0 1 0 0 1 0 0 1 0 1 1 0 1 1 1 1 1 0 1
 1 1 1 1 0 0 0 1 1 1 1 1 1 1 1 1 1 1 0 1 1 1 1 1 1 1 1 1 1 1 0 0 1 0 0 1 1
 1 1 1 1 1 1 0 1 1 0 1 1 0 1 0 0 1 1 1 1 0 1 1 0 0 0 1 1 1 1 0 0 0 1 1 1 1
 0 1 1 1 1 1 1 1 1 1 1 1 0 1 1 1 1 0 0 1 1 1 0 1 1 0 0 1 1 1 1 1 1 0 1 1 0
 0]