[[204 288]
 [154 354]]
              precision    recall  f1-score   support

           0       0.57      0.41      0.48       492
           1       0.55      0.70      0.62       508

    accuracy                           0.56      1000
   macro avg       0.56      0.56      0.55      1000
weighted avg       0.56      0.56      0.55      1000

[0 1 1 1 1 1 0 0 0 1 1 0 0 1 0 1 1 1 1 0 1 0 1 1 1 1 1 1 1 1 1 0 0 1 1 0 0
 0 0 1 1 0 1 0 1 1 1 1 1 0 0 1 0 1 0 1 1 0 0 1 1 1 0 0 0 0 1 0 1 1 1 1 1 0
 1 1 1 1 1 0 0 1 1 0 0 1 1 0 1 0 1 1 0 1 1 1 0 1 1 1 0 1 1 1 1 1 0 1 1 1 0
 1 1 0 0 1 1 0 1 1 1 1 1 1 0 0 1 1 1 1 0 1 0 1 0 1 0 1 1 1 0 0 1 1 1 1 1 0
 1 1 0 1 0 1 1 0 1 1 1 1 0 1 1 1 1 1 0 0 1 0 0 1 0 1 1 1 1 0 1 0 1 1 1 0 0
 1 1 1 1 1 0 1 1 1 1 1 1 0 1 1 1 1 1 1 1 0 0 1 1 1 0 1 1 1 0 1 0 1 1 1 0 1
 0 0 1 1 1 0 1 0 0 1 1 1 0 0 0 1 1 0 1 0 0 1 0 1 0 0 0 0 1 0 1 0 1 1 1 1 1
 1 1 0 1 1 0 0 1 1 1 1 1 0 0 1 0 1 1 0 1 1 0 0 1 1 0 0 1 1 1 0 0 1 1 1 1 1
 1 0 1 1 0 1 0 0 1 0 0 1 1 0 1 0 0 1 0 1 1 1 1 0 1 1 0 1 1 1 1 0 1 1 1 1 0
 0 1 0 0 1 1 0 0 1 1 1 1 1 1 1 1 0 1 1 1 1 0 1 1 0 0 1 0 1 1 1 1 0 1 0 0 1
 1 1 1 1 0 1 1 0 0 0 1 0 0 1 1 0 1 1 1 1 0 0 1 1 0 1 1 1 1 0 1 1 1 0 1 1 1
 0 1 1 0 1 1 0 0 1 1 1 0 1 1 0 0 0 1 0 1 0 1 0 0 1 0 1 1 1 1 0 1 1 1 1 1 0
 0 1 0 0 0 0 0 1 0 1 0 1 1 1 0 0 1 1 0 1 1 1 0 1 0 1 0 1 1 1 0 1 1 1 1 1 1
 1 1 1 0 1 0 0 1 1 1 1 1 1 1 0 1 1 0 1 0 1 1 0 0 0 1 1 1 0 1 0 0 0 1 1 0 0
 1 1 1 0 1 1 1 1 1 1 0 1 1 0 1 1 0 0 1 1 1 1 0 0 0 1 0 1 1 1 0 0 1 0 0 0 1
 1 0 1 1 1 0 1 0 1 1 0 0 0 0 1 1 1 0 1 0 1 1 0 1 1 1 1 1 0 0 1 0 1 0 1 0 1
 1 1 0 1 0 1 0 1 1 1 1 0 0 1 1 1 1 1 0 1 1 1 0 1 1 1 1 1 0 1 1 1 1 0 1 0 1
 1 1 0 0 0 1 0 0 1 0 1 1 0 0 1 0 0 1 1 1 1 1 1 0 1 1 0 0 1 0 1 1 1 1 0 1 1
 1 0 1 0 1 1 0 0 1 0 1 1 0 1 0 1 0 1 0 1 1 0 0 0 0 1 0 0 1 1 1 0 1 0 1 1 1
 1 1 1 0 0 1 1 1 1 1 0 1 1 1 1 1 1 1 1 0 0 1 0 0 0 1 1 1 0 1 0 1 0 1 0 0 1
 0 1 1 1 1 1 0 0 1 0 1 1 0 1 1 1 1 1 0 1 0 1 1 1 0 1 0 0 0 1 0 1 0 1 1 1 0
 1 1 1 0 0 0 0 1 1 1 0 1 1 1 1 1 1 1 1 1 1 0 0 1 0 0 0 0 1 1 1 1 0 1 1 1 1
 1 1 0 0 1 1 1 1 1 0 1 1 0 0 1 1 0 1 1 0 1 0 1 1 0 0 1 1 1 0 1 1 1 1 1 1 0
 1 1 1 1 1 1 1 1 1 1 0 0 0 1 1 1 1 1 1 1 1 1 0 0 1 1 0 0 0 1 1 1 1 1 1 0 1
 1 1 0 1 0 0 1 1 0 1 1 1 1 1 1 0 1 1 1 0 1 1 0 1 1 1 1 1 0 1 0 1 0 1 1 1 1
 1 0 0 1 1 0 1 0 1 1 1 1 1 1 0 1 0 0 1 0 0 1 1 1 1 1 1 0 1 1 1 1 0 0 1 1 1
 1 1 0 1 0 1 0 0 1 1 1 0 0 0 0 1 1 0 0 1 1 0 1 1 0 1 0 0 0 1 1 0 1 1 1 0 1
 1]