[[344 602]
 [266 788]]
              precision    recall  f1-score   support

           0       0.56      0.36      0.44       946
           1       0.57      0.75      0.64      1054

    accuracy                           0.57      2000
   macro avg       0.57      0.56      0.54      2000
weighted avg       0.57      0.57      0.55      2000

[1 0 0 1 1 0 0 0 0 1 1 1 1 1 1 1 0 0 1 1 0 0 1 1 1 0 1 1 1 0 1 0 1 0 0 1 0
 0 1 0 1 1 1 1 0 0 1 0 1 1 0 1 1 0 1 1 0 0 1 1 1 1 1 1 1 1 1 0 0 1 1 1 0 1
 1 1 1 0 1 1 0 1 1 1 0 1 1 1 0 1 1 1 1 1 1 1 1 0 0 1 1 1 1 1 1 1 1 0 1 1 1
 1 1 0 0 1 1 1 1 1 1 1 1 1 1 0 1 0 0 1 1 0 1 0 1 1 0 1 1 1 1 0 0 1 1 1 1 1
 1 1 1 1 0 0 1 0 0 1 1 1 0 1 1 0 0 1 0 1 0 1 1 0 1 0 1 1 1 0 0 1 1 1 0 1 1
 1 1 1 0 1 0 1 0 1 1 1 0 1 1 0 1 0 1 1 1 1 1 1 0 1 0 1 1 1 0 1 1 0 1 0 1 0
 1 1 1 1 0 1 1 0 1 1 0 0 1 0 0 1 0 0 0 0 1 0 1 1 1 0 1 1 1 1 0 1 1 1 1 1 1
 1 0 0 1 0 0 1 1 1 1 1 0 1 1 1 1 0 1 0 0 1 1 0 1 1 1 1 1 1 0 1 0 1 1 1 1 1
 1 1 1 1 1 1 1 1 0 1 0 1 0 1 1 1 1 1 1 1 1 1 1 1 1 1 1 1 1 1 1 1 0 1 0 0 1
 1 1 1 1 1 0 1 0 0 1 1 1 1 1 1 1 1 1 0 1 1 1 0 0 1 1 1 0 1 0 1 1 1 1 0 0 1
 1 0 1 1 0 0 0 1 0 1 0 1 1 0 0 1 1 0 0 1 1 0 1 1 1 1 1 1 0 1 1 1 1 1 0 1 1
 1 1 1 1 1 1 0 1 0 1 1 0 0 1 0 1 1 1 0 0 1 1 1 1 1 1 1 0 1 0 1 0 1 1 1 1 1
 1 0 1 1 1 1 1 0 0 0 1 0 1 1 0 1 1 0 0 1 1 0 1 1 1 1 1 1 1 1 0 0 1 1 1 1 0
 1 0 1 1 0 1 0 1 0 1 0 1 1 1 1 1 1 1 1 0 1 0 1 0 1 1 1 1 1 1 1 1 0 1 1 0 0
 1 1 0 0 1 1 1 1 0 0 1 1 1 1 1 0 1 0 1 1 0 1 0 1 1 1 1 1 0 1 0 0 1 1 0 1 0
 1 1 1 1 0 1 1 1 0 1 1 1 1 1 1 1 1 1 0 1 1 1 0 1 1 1 1 1 1 0 1 1 1 1 1 1 1
 1 1 1 1 1 1 1 1 0 1 1 0 1 0 0 1 1 1 1 0 0 1 1 1 1 0 0 0 1 1 1 1 1 1 1 0 1
 1 1 1 1 1 1 0 1 1 1 0 1 0 1 1 0 0 1 1 1 1 1 0 1 1 1 1 1 1 1 0 1 1 1 1 1 1
 1 1 1 1 0 1 1 1 0 1 1 1 1 1 1 0 1 0 1 1 0 1 1 1 1 1 1 1 1 0 1 1 1 0 1 0 0
 1 1 1 1 1 0 0 0 0 1 0 1 1 1 1 0 1 1 0 0 0 1 0 0 1 0 1 0 0 0 0 0 1 1 1 1 0
 1 1 1 0 0 0 0 0 1 0 1 1 1 1 0 1 0 0 0 0 1 0 1 1 1 1 1 1 0 1 1 1 1 1 1 1 0
 1 1 0 1 1 1 0 1 0 1 1 0 1 1 1 1 1 1 1 1 1 1 0 1 0 1 0 1 1 1 1 1 1 1 1 1 1
 1 1 1 1 1 1 1 1 1 0 1 1 0 1 1 1 1 1 1 1 1 1 1 0 1 1 1 0 0 1 0 1 1 0 1 1 1
 1 1 1 1 1 1 0 1 1 1 1 0 1 1 1 1 1 1 0 0 1 1 0 0 1 1 0 0 1 1 1 0 1 1 0 1 1
 1 0 1 0 1 0 1 0 1 0 0 0 1 1 1 1 1 1 1 1 0 1 1 1 1 1 0 0 0 1 0 1 1 1 1 0 0
 1 1 0 0 1 1 1 0 1 0 1 1 1 1 1 1 0 0 1 0 1 1 0 0 0 1 1 1 1 1 1 0 0 1 0 0 0
 1 0 1 1 1 1 1 0 1 1 1 1 1 1 0 1 1 0 0 0 1 1 1 1 0 1 1 0 1 1 1 1 0 1 0 1 1
 1 0 1 1 1 1 1 1 1 1 1 1 1 1 1 1 1 1 0 0 0 1 0 0 1 1 1 1 1 1 1 0 0 1 1 1 1
 1 0 1 1 1 0 1 0 1 0 0 0 1 0 0 1 0 0 1 0 1 1 1 0 1 1 0 1 1 0 1 1 0 1 0 1 1
 0 0 1 1 0 0 1 1 0 1 0 1 0 1 0 0 0 1 1 0 1 1 0 1 1 1 1 1 0 1 1 1 0 1 0 1 0
 0 1 1 1 0 1 1 1 1 1 1 0 1 0 1 0 1 1 1 1 1 0 1 1 0 1 0 1 0 1 0 1 1 0 0 1 0
 1 1 1 1 0 0 1 1 1 1 0 1 1 1 1 1 1 1 1 1 1 1 1 1 0 1 1 1 1 0 0 1 1 1 1 0 1
 1 0 1 0 1 1 0 1 1 0 1 1 1 1 1 1 1 0 0 1 1 1 1 0 0 1 1 0 1 0 1 1 0 0 1 1 1
 1 0 1 1 0 0 0 1 1 0 1 1 1 1 0 0 1 1 0 1 1 1 0 1 0 1 1 0 1 1 0 0 1 1 0 1 0
 1 1 0 0 1 1 1 0 1 1 1 1 0 1 1 0 1 0 0 0 1 1 1 1 1 0 0 0 1 0 1 1 1 1 0 1 1
 1 1 1 0 0 1 0 1 0 1 1 1 1 1 1 1 1 1 1 1 1 1 1 1 1 1 0 0 1 0 0 0 1 1 1 1 0
 1 1 1 0 1 1 1 0 1 0 1 0 1 1 1 1 1 1 1 1 0 0 1 1 1 0 0 1 1 0 1 0 0 0 1 0 1
 0 1 1 1 1 0 1 1 1 1 1 1 0 0 1 1 1 1 0 0 1 1 0 0 0 1 0 1 1 1 0 1 1 0 0 1 1
 0 1 1 0 0 1 1 0 1 1 1 0 1 1 1 1 0 1 1 0 0 1 1 1 1 0 1 1 0 0 0 1 0 0 1 0 0
 1 1 0 1 0 0 0 1 1 0 0 1 1 1 1 0 0 0 0 1 1 1 1 1 0 1 1 1 1 1 0 0 0 1 0 1 1
 0 1 0 1 0 1 1 1 1 1 0 1 1 1 0 1 1 1 1 1 0 1 1 1 1 1 0 1 1 1 1 1 1 0 1 0 1
 1 1 1 1 1 1 1 1 0 1 0 0 0 1 0 0 1 1 0 1 1 1 0 0 0 1 1 1 0 1 1 1 0 1 0 1 1
 1 1 1 1 1 0 1 1 1 0 1 1 1 1 1 0 1 1 1 1 1 1 1 1 0 1 1 1 1 1 1 1 1 1 0 1 0
 1 1 0 0 1 1 0 1 0 0 0 0 0 1 1 1 1 1 1 1 0 1 1 1 1 0 1 1 1 1 1 1 1 1 0 1 0
 1 1 1 0 1 1 0 0 0 1 1 1 1 1 1 0 1 1 1 1 0 1 1 1 1 1 1 1 1 1 1 1 1 0 1 1 1
 1 1 1 1 0 1 1 1 1 1 1 1 1 0 1 0 1 0 1 1 0 0 1 1 1 1 1 1 1 1 1 1 0 0 1 1 1
 0 1 0 0 1 0 1 1 1 1 0 1 1 1 0 1 1 1 0 1 1 1 1 1 0 1 1 1 1 1 0 1 1 1 1 1 1
 1 0 0 0 1 0 1 0 1 1 1 0 0 1 1 0 0 1 1 0 1 0 0 0 0 1 0 1 0 0 0 0 0 1 1 1 1
 1 1 1 1 1 0 0 1 0 1 0 1 1 1 1 0 0 0 1 1 0 1 0 1 1 1 1 1 1 1 1 1 1 0 1 0 1
 1 1 1 1 1 1 1 1 1 1 1 0 0 0 1 1 0 0 0 1 1 1 1 1 1 0 1 1 1 0 1 1 0 1 1 0 1
 1 1 0 1 0 1 1 0 0 1 0 1 1 1 1 1 1 0 1 1 0 0 0 0 1 1 1 0 1 1 0 0 1 1 1 1 1
 1 1 1 1 0 1 0 0 0 0 1 1 1 0 0 0 1 1 0 0 0 1 1 1 0 0 0 1 1 1 1 1 1 1 1 0 0
 1 1 1 1 1 1 0 1 1 1 1 1 1 1 0 1 1 1 1 0 1 1 1 1 1 1 1 1 1 1 1 1 1 1 1 1 1
 1 0 1 1 0 1 1 0 0 1 1 1 0 1 1 1 1 0 1 1 1 0 1 1 1 1 1 1 1 1 1 1 1 0 1 1 1
 0 0]