[[448 473]
 [525 554]]
              precision    recall  f1-score   support

           0       0.46      0.49      0.47       921
           1       0.54      0.51      0.53      1079

    accuracy                           0.50      2000
   macro avg       0.50      0.50      0.50      2000
weighted avg       0.50      0.50      0.50      2000

[1 0 0 1 0 1 0 0 1 0 0 0 1 1 1 0 0 1 0 1 0 1 0 0 1 0 0 0 1 1 0 1 1 0 0 1 1
 0 0 0 1 0 1 0 1 1 1 0 0 0 1 1 1 1 1 1 1 1 0 1 0 0 1 0 0 0 1 1 0 1 0 1 0 0
 0 1 1 1 0 1 1 0 1 0 0 1 1 1 1 1 0 0 1 1 0 0 1 0 1 0 1 0 1 0 1 0 1 0 1 1 1
 1 1 1 0 1 0 1 1 1 0 1 1 1 0 1 0 0 1 1 0 0 0 1 0 1 0 0 1 1 0 1 1 1 0 1 1 1
 0 0 1 1 1 1 1 0 1 0 1 1 0 1 0 0 1 0 0 0 1 1 1 0 0 0 1 0 1 1 1 1 0 1 1 1 1
 0 1 1 0 1 1 0 1 1 0 1 1 0 0 0 1 1 0 1 0 1 1 0 0 1 1 0 0 1 1 0 1 1 0 1 0 1
 1 0 1 0 0 1 1 1 1 1 1 0 1 1 0 1 0 0 1 0 1 1 1 1 0 1 1 0 1 0 1 1 1 1 1 1 1
 0 0 1 0 1 0 0 1 1 0 1 1 1 0 0 0 1 1 1 1 1 1 0 0 0 1 0 0 1 0 0 1 1 0 0 0 1
 1 0 1 0 0 0 0 0 0 0 1 0 0 1 0 0 1 1 1 1 1 0 0 0 0 0 1 0 0 0 0 1 1 0 1 0 1
 0 0 1 0 1 0 1 1 0 1 1 0 0 0 1 1 0 0 0 0 1 0 0 1 1 0 1 0 0 0 0 0 0 1 0 0 0
 1 1 1 0 0 0 0 1 0 0 1 1 0 0 0 0 1 0 1 1 0 1 1 1 1 1 1 0 1 1 1 0 0 1 0 1 1
 1 1 1 0 1 0 1 1 1 0 1 0 1 1 1 0 1 1 0 1 0 1 1 1 1 1 1 0 1 0 1 0 1 0 1 0 1
 0 0 0 1 0 0 1 0 1 1 1 1 1 1 1 1 1 0 0 0 1 0 0 0 1 1 1 0 0 0 0 1 1 1 1 1 1
 1 1 1 0 1 1 1 0 0 1 1 0 0 1 1 1 1 0 1 0 0 1 1 0 0 0 0 1 1 1 1 0 1 0 0 1 1
 0 1 1 0 1 0 1 0 1 0 0 1 1 1 1 0 0 1 1 1 1 1 1 0 1 1 0 0 0 0 1 0 1 1 0 1 1
 1 0 0 1 0 1 1 1 0 1 1 1 1 0 0 1 1 1 1 1 1 1 0 1 0 0 0 1 1 0 0 0 0 1 1 0 1
 0 1 1 0 1 0 1 1 0 0 0 0 1 0 0 0 0 0 0 0 1 0 1 0 0 1 0 0 1 1 1 1 0 1 0 1 0
 1 1 0 0 1 1 1 1 0 0 0 0 1 0 0 0 1 0 0 0 0 0 1 0 1 1 0 0 0 1 1 0 0 0 1 1 0
 1 1 1 1 1 0 0 1 1 1 0 0 1 1 0 1 0 1 0 0 0 0 1 1 1 1 1 1 0 1 1 0 0 0 1 0 1
 0 0 1 1 0 0 0 1 1 1 1 0 0 0 1 1 1 1 0 0 1 1 1 0 0 1 0 0 1 1 1 1 0 1 1 1 0
 0 0 1 1 1 1 1 0 0 0 0 0 0 0 0 1 0 0 1 1 0 0 0 0 1 1 0 0 1 1 1 1 0 0 0 1 1
 1 1 1 0 1 0 1 0 1 1 1 1 0 0 0 1 0 1 1 0 1 1 1 0 1 0 0 0 0 0 1 1 0 0 0 1 0
 1 1 0 1 0 0 1 0 0 0 0 0 1 0 1 1 1 1 1 1 1 0 0 0 1 0 1 1 0 0 0 1 0 1 0 1 0
 0 0 0 1 1 0 1 1 0 0 1 0 0 0 0 0 0 1 0 1 0 0 1 0 1 1 1 1 0 0 0 1 1 1 1 1 0
 0 1 0 1 1 0 0 1 1 0 1 0 1 1 1 0 0 0 1 1 1 1 0 1 0 1 0 1 0 0 1 0 0 1 1 0 0
 0 1 1 1 1 1 1 1 1 1 0 0 0 0 1 0 1 0 1 1 1 1 0 1 0 0 1 0 0 1 0 0 0 1 0 1 1
 0 1 0 0 1 0 1 0 0 1 1 0 0 1 1 1 0 1 0 0 1 1 1 1 0 0 1 1 1 1 0 1 1 1 0 1 0
 0 0 0 1 1 1 1 1 0 0 0 1 0 1 1 1 1 0 1 1 1 1 1 0 1 0 0 1 0 1 0 1 0 0 1 1 0
 0 0 1 0 0 0 1 0 0 1 0 1 0 0 1 1 0 1 0 0 0 0 0 1 1 1 0 1 0 0 1 0 1 0 0 0 0
 0 0 1 0 1 0 1 0 1 1 0 1 1 1 0 1 0 1 1 0 1 1 0 1 0 1 1 0 0 0 0 0 1 1 0 1 1
 1 0 1 1 1 0 1 1 1 1 0 1 0 0 0 0 0 0 0 1 0 0 1 1 1 1 0 1 0 1 0 0 1 1 0 0 1
 0 0 0 0 1 0 1 0 1 0 0 1 0 1 1 0 1 1 1 0 0 0 0 1 0 0 0 0 1 0 0 1 1 1 1 0 0
 0 1 1 1 1 1 1 0 0 1 1 0 1 1 0 1 0 0 1 0 0 0 1 0 1 0 0 1 0 0 0 0 0 1 0 1 0
 1 0 1 0 1 0 0 0 1 1 1 0 1 1 0 1 1 0 0 0 1 0 1 0 1 0 0 0 0 1 0 0 1 0 1 0 1
 1 1 0 1 0 1 0 0 1 1 0 1 1 0 1 0 1 1 1 1 0 0 0 1 1 0 1 0 0 1 0 1 1 1 0 1 0
 0 0 1 0 0 0 1 0 0 1 0 1 1 1 1 0 0 0 1 0 0 1 0 1 0 0 1 1 1 0 1 1 1 0 0 0 1
 0 0 1 1 0 0 1 1 1 1 0 0 0 1 1 0 1 0 1 0 0 1 0 0 0 1 0 0 1 1 1 1 0 1 1 1 0
 1 1 1 0 0 0 0 1 1 0 1 1 1 1 1 1 1 1 1 1 1 0 1 1 0 0 1 0 0 0 0 0 1 0 1 0 0
 1 0 1 0 0 1 0 0 1 0 1 1 1 1 0 1 0 0 1 1 1 1 1 0 1 1 1 1 1 0 1 1 1 0 1 1 0
 0 0 0 1 1 1 1 0 0 1 1 0 1 1 0 1 0 1 0 1 0 0 1 1 1 0 0 0 1 1 1 0 0 0 1 1 1
 1 1 0 0 0 0 0 0 0 1 0 1 0 1 0 1 1 1 1 0 1 0 0 1 0 0 1 0 0 0 1 1 0 1 0 1 1
 0 1 1 0 1 0 0 0 0 0 1 0 1 1 0 1 1 0 0 0 0 1 1 0 0 1 1 0 0 1 1 1 0 1 1 0 1
 1 0 1 1 1 1 0 1 1 1 1 0 1 1 1 0 0 0 0 1 1 0 0 0 1 1 0 0 1 0 0 1 1 1 1 0 1
 1 1 0 1 0 1 0 1 1 1 0 0 0 1 0 1 1 0 0 0 0 0 0 0 1 0 0 0 1 0 0 1 0 0 0 1 0
 1 0 0 0 0 0 0 1 1 0 1 0 1 0 0 0 1 1 1 1 0 0 1 0 1 1 0 1 0 0 1 0 0 1 1 0 0
 0 1 0 1 0 0 1 1 0 0 0 1 1 0 1 1 0 1 1 0 0 0 1 0 0 0 0 0 0 1 0 1 1 1 0 1 1
 1 1 1 1 0 1 0 1 1 1 1 1 0 0 0 1 0 0 1 1 0 0 1 0 1 1 0 1 0 1 0 0 0 0 1 1 0
 1 0 1 0 0 1 0 1 0 1 0 0 0 1 1 1 0 0 1 0 1 1 1 1 0 0 1 0 0 0 1 0 0 0 0 1 1
 0 0 1 1 0 0 0 1 1 1 1 1 0 1 0 1 1 0 1 1 0 0 1 0 0 0 0 0 0 1 0 0 0 1 1 0 0
 1 0 0 1 1 0 1 1 1 0 1 0 1 0 0 0 0 1 1 0 0 1 1 0 0 1 0 1 1 0 0 1 0 1 1 0 1
 1 1 0 0 1 0 0 1 1 1 0 1 1 0 0 1 1 1 1 0 1 0 1 1 0 0 1 1 0 1 1 0 1 0 0 1 0
 0 1 1 1 1 0 0 0 0 0 1 0 0 1 1 1 0 0 1 1 0 0 0 1 1 0 0 1 0 0 1 1 0 0 1 1 1
 1 0 0 0 1 1 1 1 0 0 1 0 0 0 0 1 0 0 0 1 1 0 1 0 1 1 0 0 0 1 1 0 0 0 0 1 1
 0 1 1 1 1 0 0 0 1 0 0 0 0 1 1 1 0 1 1 0 0 1 0 1 0 0 0 1 0 1 1 1 1 0 1 1 0
 0 1]