[[174 297]
 [150 379]]
              precision    recall  f1-score   support

           0       0.54      0.37      0.44       471
           1       0.56      0.72      0.63       529

    accuracy                           0.55      1000
   macro avg       0.55      0.54      0.53      1000
weighted avg       0.55      0.55      0.54      1000

[1 1 1 1 1 1 1 0 0 0 1 1 1 1 1 0 1 1 0 1 1 0 1 1 1 1 1 1 0 1 1 0 1 0 1 1 1
 1 1 1 0 1 1 1 0 1 1 1 0 0 1 1 1 1 1 1 1 1 1 1 1 1 1 0 0 1 0 1 0 1 1 1 1 0
 0 1 1 0 0 0 1 1 0 1 1 0 1 0 1 0 1 1 1 1 0 1 1 1 1 1 1 0 0 0 1 1 1 1 1 1 1
 1 0 0 1 1 1 1 1 0 0 1 0 1 1 0 1 1 1 0 1 1 1 1 1 0 1 0 1 1 1 1 1 0 0 1 1 0
 0 1 1 1 1 1 0 1 1 1 1 0 0 1 0 1 1 1 1 1 1 1 0 0 1 0 1 1 0 0 0 0 0 1 1 1 0
 1 1 1 0 1 0 1 1 1 1 1 1 1 1 0 1 1 1 1 0 1 1 1 0 0 1 1 1 1 1 1 0 1 0 1 1 0
 1 1 1 0 0 0 1 0 0 1 0 0 1 0 0 1 1 1 1 0 0 0 0 1 1 1 1 1 1 0 0 1 0 1 0 1 1
 1 0 1 0 1 0 0 1 1 1 1 0 1 1 1 1 1 0 1 0 0 1 0 0 1 1 1 1 1 1 1 1 0 1 1 1 1
 0 0 1 1 1 0 1 1 1 1 1 0 0 1 0 0 1 0 1 0 1 1 1 1 1 1 1 0 1 0 1 1 1 0 1 0 1
 1 1 1 1 1 1 0 0 0 1 1 1 1 1 1 1 1 1 1 0 1 1 0 0 0 1 0 1 0 0 1 1 1 1 1 1 0
 1 1 0 1 1 1 1 1 1 0 1 1 1 1 1 1 1 1 1 1 1 0 1 1 0 0 1 0 0 1 1 1 1 1 1 0 1
 0 0 1 1 1 1 1 1 0 1 1 1 1 0 1 0 1 1 1 1 0 1 1 0 0 0 0 1 1 1 1 0 0 0 0 1 1
 1 1 1 1 1 1 1 1 1 1 0 0 1 1 1 1 0 0 1 1 0 1 0 1 1 1 0 0 1 1 1 1 1 1 0 1 0
 1 1 1 1 1 0 0 1 1 0 1 1 1 1 1 1 1 0 0 1 0 1 1 1 1 1 1 1 0 0 1 1 0 1 1 0 1
 1 0 1 0 1 1 0 0 1 0 0 1 0 0 0 1 1 1 0 0 1 1 0 1 1 1 1 1 1 1 0 1 1 1 1 1 1
 1 0 0 1 1 0 0 1 0 1 1 1 0 1 0 0 0 1 1 0 1 1 0 1 0 0 0 1 1 1 0 1 1 1 0 1 1
 1 1 1 1 1 1 1 1 1 1 1 1 1 1 1 1 0 0 1 1 1 1 1 1 0 1 1 1 1 0 1 1 1 1 0 1 0
 1 1 0 1 0 0 0 1 0 0 1 0 0 0 0 0 0 0 1 1 0 0 0 1 1 0 1 0 1 0 1 1 1 1 0 1 1
 0 0 1 0 1 1 0 1 1 1 0 0 0 0 1 1 1 1 1 1 0 1 1 0 1 1 1 1 0 1 1 0 0 1 1 1 1
 0 0 0 1 0 1 1 1 1 1 0 1 1 0 1 1 1 1 1 0 0 1 1 1 1 0 0 0 0 0 0 1 1 1 0 0 1
 0 0 0 1 1 1 1 1 1 0 0 0 1 1 0 0 1 1 0 1 1 1 1 1 1 1 1 1 1 1 1 1 0 1 1 1 1
 0 1 0 0 1 1 1 0 1 1 1 0 1 1 1 1 1 0 1 1 0 0 1 0 0 1 1 1 0 1 0 0 1 1 1 1 1
 1 1 0 1 1 1 1 1 1 1 1 1 0 1 1 1 1 1 1 0 1 1 1 1 1 1 0 1 0 1 1 0 0 0 0 0 1
 1 1 0 1 0 1 1 1 1 1 1 1 1 1 0 0 1 0 1 1 1 0 1 1 1 0 1 1 1 1 0 1 1 0 1 1 1
 0 1 1 1 1 0 0 1 1 0 0 1 1 1 0 1 1 0 1 1 0 1 1 0 1 1 0 1 1 0 0 0 0 1 0 1 1
 1 1 1 1 0 1 1 1 0 1 1 0 0 1 0 1 1 0 1 0 1 0 1 1 0 1 0 1 1 1 1 0 1 0 0 0 1
 1 1 1 0 1 0 1 0 1 1 1 1 1 0 0 1 1 0 1 1 0 0 1 0 1 1 1 1 1 1 1 0 1 1 1 1 1
 1]