[[54 50]
 [62 34]]
              precision    recall  f1-score   support

           0       0.47      0.52      0.49       104
           1       0.40      0.35      0.38        96

    accuracy                           0.44       200
   macro avg       0.44      0.44      0.43       200
weighted avg       0.44      0.44      0.44       200

[1 1 1 1 0 1 0 1 0 1 0 1 1 0 1 0 0 0 0 0 0 0 1 0 1 0 0 1 1 0 1 1 1 1 0 1 0
 0 1 0 0 0 0 1 0 1 0 1 1 0 0 1 0 1 1 0 0 1 1 0 0 1 1 1 0 0 0 1 0 1 1 0 0 1
 1 1 0 0 0 0 1 0 0 0 1 0 0 1 0 0 0 1 1 0 1 1 0 1 1 0 0 0 0 0 0 0 0 1 0 0 0
 1 0 1 0 0 1 0 0 0 0 0 1 0 0 0 1 0 1 1 0 1 1 0 0 0 0 1 0 1 1 1 0 1 1 0 0 0
 1 0 1 0 0 1 0 0 1 0 1 1 0 0 1 0 1 0 0 1 0 0 1 0 0 1 1 1 0 0 0 0 0 0 0 0 0
 0 1 1 1 0 0 1 0 0 1 0 1 1 0 1]