[[40 53]
 [60 47]]
              precision    recall  f1-score   support

           0       0.40      0.43      0.41        93
           1       0.47      0.44      0.45       107

    accuracy                           0.43       200
   macro avg       0.43      0.43      0.43       200
weighted avg       0.44      0.43      0.44       200

[1 1 0 1 0 1 0 0 1 1 1 1 1 0 1 1 0 1 0 0 0 1 1 0 1 1 0 0 0 0 1 1 0 0 0 1 1
 1 1 0 1 1 0 1 0 1 1 0 1 0 1 1 0 0 0 0 0 1 0 1 0 0 0 1 1 1 0 1 1 0 0 1 1 1
 0 0 1 1 1 0 0 0 1 1 0 1 0 0 0 1 0 0 1 1 0 1 1 1 0 0 0 0 0 0 0 0 0 1 1 1 1
 1 0 0 0 1 0 0 0 0 1 0 0 1 1 0 1 0 0 1 1 1 0 1 0 0 0 1 0 0 1 1 0 0 1 1 0 0
 0 1 1 1 1 1 1 0 0 1 0 0 1 1 1 1 1 1 0 0 0 1 1 1 1 1 1 0 1 1 0 1 0 1 0 1 0
 0 1 0 1 0 0 0 0 0 1 0 0 0 1 1]