[[249 202]
 [231 218]]
              precision    recall  f1-score   support

           0       0.52      0.55      0.53       451
           1       0.52      0.49      0.50       449

    accuracy                           0.52       900
   macro avg       0.52      0.52      0.52       900
weighted avg       0.52      0.52      0.52       900

[1 1 0 0 1 1 1 1 0 1 0 0 1 1 0 0 0 0 0 0 1 1 1 1 1 0 0 1 1 1 1 1 1 0 0 1 0
 1 0 0 0 1 0 1 0 0 1 0 0 1 0 0 0 0 0 1 0 0 0 0 1 1 1 1 0 0 1 0 0 1 1 1 0 0
 1 1 0 0 0 0 1 0 1 1 0 0 1 1 1 0 1 0 1 0 1 1 1 1 0 0 0 1 0 1 1 1 0 1 1 1 0
 0 0 1 0 0 0 1 0 1 1 0 1 1 1 1 1 0 1 0 0 1 0 1 0 1 0 0 0 0 0 0 1 0 0 0 1 1
 1 0 1 0 1 0 1 1 0 1 1 0 0 1 1 0 1 1 0 1 1 1 1 1 1 0 0 1 0 0 1 0 0 0 1 1 0
 0 1 1 0 1 0 1 0 0 0 1 1 0 0 1 1 1 1 0 0 0 0 0 1 1 0 1 1 1 1 1 1 1 0 0 1 1
 1 0 0 1 0 0 1 1 0 0 0 1 0 0 1 0 0 0 0 0 0 1 0 1 0 1 0 1 0 1 0 0 1 0 1 0 1
 1 1 0 0 1 1 0 1 1 1 1 0 0 1 1 0 0 1 0 1 1 0 0 0 1 0 0 0 1 0 1 1 1 0 1 1 1
 0 0 1 0 0 0 1 0 0 1 0 1 0 0 1 0 0 0 1 0 1 1 1 0 1 0 1 0 1 1 1 0 0 0 0 0 0
 1 1 0 0 0 1 0 1 1 0 0 0 1 1 0 0 1 1 0 0 0 0 0 0 0 0 1 1 1 1 0 1 0 0 1 0 1
 1 0 1 0 1 0 1 1 0 0 1 1 0 0 1 1 0 0 1 0 0 1 0 1 1 0 0 0 0 0 0 1 0 0 1 0 0
 1 1 1 1 1 0 0 0 0 1 1 0 1 0 0 1 1 0 1 1 0 1 0 0 0 0 1 0 0 0 1 1 1 0 0 1 1
 0 1 0 0 1 1 1 1 1 0 1 1 0 0 1 0 1 0 0 1 0 0 1 1 0 0 1 0 0 1 0 0 0 0 1 1 0
 0 0 0 0 0 0 1 0 0 0 1 1 1 0 1 0 1 0 0 1 0 1 1 0 1 1 1 1 0 0 1 1 0 1 0 0 1
 1 1 1 0 0 1 0 0 1 1 0 1 1 1 0 0 0 0 0 1 0 0 1 1 1 0 1 0 0 0 1 0 1 0 1 1 1
 0 1 1 0 1 1 1 1 0 1 0 1 0 1 0 1 1 0 1 0 0 1 1 0 0 0 1 1 1 1 1 1 0 1 1 0 0
 1 1 1 0 1 1 0 1 0 0 0 1 0 0 1 0 0 1 0 0 1 0 1 1 1 0 1 0 1 1 0 1 0 0 0 0 0
 0 0 0 1 0 1 1 1 1 0 0 0 0 0 1 1 0 0 0 0 1 0 1 1 1 0 1 0 0 1 1 0 0 0 0 0 0
 1 1 1 0 1 0 0 0 1 1 1 0 0 1 1 0 1 0 0 0 1 1 0 0 1 0 1 0 1 0 1 0 0 0 1 0 0
 0 0 1 0 0 1 0 1 0 0 1 0 1 1 1 1 1 1 0 0 1 0 0 1 0 0 0 0 0 0 0 0 0 0 1 0 1
 0 0 0 0 0 0 1 0 0 0 1 0 1 1 0 0 0 0 1 0 0 0 0 0 1 1 0 0 0 0 0 0 1 0 0 0 0
 1 1 0 1 1 1 1 1 0 1 1 1 0 0 0 1 1 1 0 1 1 0 0 0 1 0 1 1 1 1 0 1 0 1 0 1 1
 1 0 0 1 0 1 0 0 0 1 1 1 1 1 0 0 1 0 0 1 0 0 0 0 0 0 1 0 0 1 1 1 1 0 1 0 0
 1 0 1 1 0 0 0 0 1 1 0 0 1 1 1 0 1 0 1 1 0 1 0 1 0 1 1 0 1 1 0 0 1 0 0 0 0
 0 1 0 0 0 0 0 0 0 1 1 1]