[[46 44]
 [50 60]]
              precision    recall  f1-score   support

           0       0.48      0.51      0.49        90
           1       0.58      0.55      0.56       110

    accuracy                           0.53       200
   macro avg       0.53      0.53      0.53       200
weighted avg       0.53      0.53      0.53       200

[0 1 1 1 0 0 0 1 0 1 0 1 0 1 0 0 0 1 1 1 0 0 0 0 1 0 0 1 1 0 0 0 1 1 1 1 1
 0 0 0 1 1 1 1 0 0 1 1 1 0 1 0 1 0 1 0 0 1 1 1 0 0 1 0 1 1 0 0 0 0 1 1 0 1
 1 0 1 0 0 1 1 1 0 1 0 0 1 1 0 1 1 0 0 0 0 1 1 1 0 1 0 0 0 1 0 0 0 1 0 1 0
 0 0 0 1 0 1 0 0 0 1 0 1 0 1 1 1 1 0 1 0 1 1 1 1 0 1 1 1 1 1 0 1 0 0 0 0 0
 1 0 1 1 1 1 0 1 1 1 0 1 1 1 1 0 1 0 0 0 0 1 0 1 0 1 0 1 0 1 1 1 0 1 0 0 1
 0 1 1 0 1 1 0 1 1 1 0 1 0 0 1]