[[451 446]
 [540 563]]
              precision    recall  f1-score   support

           0       0.46      0.50      0.48       897
           1       0.56      0.51      0.53      1103

    accuracy                           0.51      2000
   macro avg       0.51      0.51      0.51      2000
weighted avg       0.51      0.51      0.51      2000

[0 1 0 0 1 1 0 1 1 0 0 1 0 0 0 0 1 0 1 0 0 1 0 0 0 1 0 0 1 1 0 1 1 0 0 1 0
 1 0 0 0 0 0 0 1 0 0 0 0 1 0 0 0 1 0 0 0 0 1 0 0 1 1 0 0 0 1 1 1 0 0 1 1 0
 1 1 0 1 0 1 0 0 0 1 1 1 1 0 1 1 1 1 1 0 0 0 1 1 0 0 1 1 0 1 1 0 1 0 1 1 1
 1 0 0 0 0 1 0 0 0 1 0 1 1 0 1 1 1 1 0 1 1 1 1 1 1 1 0 0 1 0 1 1 1 1 1 0 1
 0 0 1 0 1 0 1 0 0 0 0 1 1 0 0 1 1 1 0 0 1 0 0 1 0 0 0 0 0 0 1 1 0 0 1 0 1
 0 1 1 0 0 0 1 1 1 0 1 0 1 0 0 1 1 0 1 0 0 0 1 1 0 0 1 0 0 0 1 1 0 1 0 0 0
 0 0 1 0 1 1 1 1 0 0 1 1 0 0 1 0 0 1 1 0 0 1 0 0 0 1 0 1 0 0 1 1 1 1 1 1 0
 0 1 1 1 0 1 0 1 1 0 1 0 0 1 0 1 1 1 1 0 0 1 0 0 1 0 0 1 0 1 0 1 0 1 1 1 1
 1 1 1 0 0 1 1 1 1 0 1 1 1 0 1 0 1 1 1 1 0 0 0 1 1 0 1 1 1 1 0 0 0 1 1 0 1
 1 1 1 1 1 1 0 1 0 1 0 1 1 1 0 1 0 1 1 1 1 0 0 0 0 1 1 0 1 1 1 1 1 0 0 0 0
 0 0 0 0 1 0 1 1 1 0 0 1 0 0 0 0 1 0 0 1 1 1 1 1 1 1 1 1 1 0 1 0 0 0 0 1 0
 0 1 1 1 0 0 1 1 0 0 1 0 1 1 0 0 0 1 0 0 1 0 0 0 1 0 1 1 1 1 0 1 1 1 1 1 0
 1 0 1 0 1 1 0 1 0 0 1 0 1 1 0 0 0 0 1 0 0 0 0 1 0 1 0 0 1 0 0 1 0 0 0 1 1
 1 1 0 1 1 1 1 0 0 0 0 0 1 1 1 1 1 0 0 0 0 0 0 1 0 0 1 1 0 0 1 0 1 0 1 0 1
 0 0 0 0 1 1 1 0 0 0 1 0 1 1 1 1 1 1 1 1 1 0 0 1 1 1 1 0 1 0 0 0 1 0 1 1 0
 0 1 1 0 0 0 0 0 0 0 1 1 0 1 1 1 0 0 1 1 0 1 1 1 1 1 0 0 1 1 1 1 1 1 0 1 0
 1 0 1 1 1 1 0 0 0 0 0 0 1 0 1 1 0 0 1 0 0 1 0 0 1 0 1 0 0 1 0 0 0 0 1 0 0
 1 0 0 0 0 0 0 0 0 1 0 1 1 1 1 0 0 0 0 1 1 0 0 1 0 0 0 0 0 1 0 1 1 0 0 0 0
 0 0 0 1 0 0 1 1 0 1 0 1 0 0 0 0 0 0 0 1 0 1 1 1 0 0 0 0 0 1 1 1 0 0 0 1 0
 1 1 0 1 0 1 0 0 1 1 0 1 1 0 1 0 1 0 0 1 1 1 1 1 0 1 0 0 1 1 0 1 0 0 1 1 1
 0 1 0 1 1 1 0 1 0 0 0 1 1 0 0 1 0 0 0 0 0 1 0 0 1 0 0 1 0 0 0 1 0 0 0 0 1
 1 1 1 1 1 0 1 0 0 1 0 1 0 0 1 0 0 0 1 0 0 1 1 1 1 0 0 1 0 1 1 1 1 0 1 0 0
 1 1 1 1 1 1 0 0 0 1 0 0 1 0 0 0 0 0 0 1 1 0 0 0 1 0 0 0 1 0 0 0 1 0 1 1 0
 0 1 0 0 1 1 1 0 1 1 1 0 1 1 1 0 1 0 1 1 0 0 0 0 0 1 0 1 1 0 0 1 1 1 1 0 1
 1 0 1 0 0 1 1 1 0 1 0 0 0 1 0 0 0 1 0 1 0 1 0 1 1 1 0 0 0 0 0 1 0 0 1 0 0
 1 0 1 0 1 0 0 1 1 1 0 1 1 1 1 0 1 1 1 1 1 0 0 1 0 1 1 1 0 0 0 0 0 0 0 1 0
 0 1 1 0 0 1 1 0 1 0 0 0 0 1 1 0 0 1 0 1 0 1 1 1 0 1 1 1 1 1 0 1 1 0 1 1 0
 0 1 1 1 0 1 0 1 0 0 0 0 0 0 0 1 0 0 0 1 1 1 0 0 0 1 0 0 1 1 0 1 1 0 1 0 1
 1 0 0 0 0 1 0 1 1 1 0 1 1 1 1 1 0 1 1 1 1 0 0 1 0 1 0 0 1 0 1 1 1 1 1 1 1
 1 1 0 1 0 0 0 1 0 0 1 0 0 1 0 0 1 0 1 0 1 1 1 0 1 0 0 1 1 0 1 1 0 0 0 1 0
 0 1 0 1 1 1 1 1 1 1 1 0 0 0 1 1 0 1 0 0 1 1 1 1 1 1 1 0 1 0 0 1 0 1 0 0 1
 1 1 0 1 1 1 1 1 1 1 0 0 0 0 1 0 0 1 1 1 1 1 0 0 0 0 0 0 1 1 0 0 1 1 0 0 1
 1 1 0 0 1 1 0 0 0 1 1 1 0 0 0 1 0 0 1 0 1 1 0 0 1 0 1 1 1 1 0 1 1 0 0 1 0
 1 0 1 1 1 0 1 1 1 0 0 1 0 0 1 0 0 1 1 0 0 1 1 0 0 0 1 0 0 0 0 1 0 0 0 0 1
 0 0 1 1 1 0 0 0 0 1 0 0 1 0 1 0 0 0 1 0 1 0 1 0 1 1 1 1 0 0 0 0 0 1 1 1 0
 1 1 1 0 0 1 1 0 0 1 0 1 1 0 1 0 1 1 1 1 0 0 0 0 1 1 1 1 1 0 1 1 1 0 0 1 1
 1 0 1 0 0 0 0 1 0 0 0 1 1 0 0 1 0 1 1 1 1 1 1 1 0 0 0 1 0 0 0 0 0 1 0 1 0
 0 0 1 0 0 1 1 0 1 1 0 0 0 1 0 1 1 1 0 0 1 0 0 1 1 0 1 0 1 1 0 1 0 1 0 1 1
 1 1 0 1 0 0 0 1 1 1 0 1 0 1 0 1 1 1 0 1 1 1 0 0 0 1 1 0 0 1 0 0 1 1 1 1 0
 0 1 1 0 0 1 1 1 0 1 0 1 0 1 1 1 0 1 1 1 1 1 0 1 1 1 0 0 1 0 0 1 1 1 0 1 1
 1 0 1 1 1 1 0 0 1 1 0 1 1 0 1 1 0 0 0 1 1 1 0 1 1 1 0 1 0 1 1 1 1 0 0 0 1
 0 0 0 0 1 1 0 1 1 0 0 0 1 1 0 0 1 1 0 0 1 1 0 1 0 1 0 1 1 0 1 1 0 1 1 0 1
 0 1 1 0 0 0 1 0 1 0 0 1 1 0 1 0 0 0 1 1 1 1 0 0 1 1 1 1 0 0 1 0 1 0 1 0 1
 1 1 1 1 1 1 0 1 0 1 0 0 0 0 0 1 1 1 1 1 1 1 1 0 1 0 1 0 1 1 1 0 1 0 0 1 1
 1 1 0 1 0 0 1 0 1 1 1 1 0 0 0 1 0 1 0 1 0 0 0 1 1 0 1 0 0 0 0 1 1 0 1 1 1
 0 1 0 0 1 1 1 1 0 1 1 1 0 1 0 0 1 1 1 1 0 1 0 0 0 0 0 0 1 0 1 1 1 1 1 1 0
 0 1 0 1 1 0 0 0 1 0 1 1 0 0 1 1 0 0 0 1 0 0 0 0 1 0 1 0 0 0 1 0 0 1 1 0 1
 1 1 0 0 1 1 0 1 0 1 1 1 0 1 0 1 1 0 0 0 1 0 0 0 1 0 0 0 0 0 1 1 1 0 0 0 0
 0 0 1 0 1 0 1 1 0 0 0 0 1 0 1 1 0 1 1 0 0 0 0 0 0 1 0 1 0 1 1 0 0 0 0 1 1
 1 1 0 0 1 0 1 0 1 1 0 0 1 1 1 1 0 0 0 0 1 0 1 0 0 1 0 0 0 0 1 1 0 1 1 0 0
 1 1 1 0 1 0 0 1 1 1 0 1 1 1 1 0 1 1 0 1 1 0 1 1 1 1 0 1 0 0 1 0 1 1 1 1 0
 0 0 1 0 0 1 1 1 1 1 1 0 0 0 0 1 1 1 1 0 0 0 1 1 0 1 0 0 0 1 1 1 0 0 1 0 0
 1 0 0 1 1 1 1 0 0 1 1 0 0 1 0 1 0 1 0 1 0 1 1 0 1 0 1 1 0 1 0 0 0 1 1 0 1
 0 0 0 0 1 0 0 1 1 1 0 0 0 1 1 0 1 1 0 0 1 0 1 0 0 0 0 0 0 1 1 0 0 0 0 1 0
 1 1]