[[45 45]
 [57 53]]
              precision    recall  f1-score   support

           0       0.44      0.50      0.47        90
           1       0.54      0.48      0.51       110

    accuracy                           0.49       200
   macro avg       0.49      0.49      0.49       200
weighted avg       0.50      0.49      0.49       200

[0 1 1 1 0 1 1 0 1 1 0 1 0 1 0 0 0 1 1 1 1 1 1 0 0 1 0 0 1 1 0 1 1 0 0 0 0
 0 0 1 1 1 1 1 1 1 1 1 1 0 0 0 0 1 1 0 1 1 1 1 1 0 0 0 0 1 1 0 0 0 1 0 0 0
 1 1 1 0 0 0 1 0 1 0 0 0 0 1 0 1 0 0 0 1 1 0 0 1 1 0 1 0 0 0 0 1 0 0 0 0 1
 1 1 1 1 0 1 0 1 1 0 0 1 1 1 1 1 1 0 0 1 1 0 0 1 1 0 0 0 0 0 1 0 1 0 0 0 0
 1 0 0 0 1 1 0 1 0 0 1 1 1 0 0 1 0 0 0 1 0 1 0 0 1 0 0 0 1 1 0 0 0 1 1 1 1
 1 1 0 1 1 1 0 1 1 1 0 0 0 0 0]