[[48 54]
 [39 59]]
              precision    recall  f1-score   support

           0       0.55      0.47      0.51       102
           1       0.52      0.60      0.56        98

    accuracy                           0.54       200
   macro avg       0.54      0.54      0.53       200
weighted avg       0.54      0.54      0.53       200

[1 1 1 0 1 1 1 0 0 0 1 0 0 0 1 1 0 0 1 0 0 1 1 1 1 1 1 1 1 1 0 1 1 0 0 1 0
 0 1 0 0 0 1 1 1 0 1 1 0 1 1 0 0 0 1 0 0 1 0 1 0 1 0 0 1 1 0 0 0 1 0 1 1 1
 1 0 1 1 1 1 1 0 0 0 0 0 0 1 0 1 0 0 1 0 1 1 1 1 0 1 0 1 1 0 0 0 0 0 1 0 1
 1 1 1 1 0 1 1 0 1 0 0 1 1 0 0 0 1 1 1 1 1 0 1 1 0 1 0 1 1 1 1 1 0 1 1 1 0
 0 0 0 1 0 1 0 1 0 1 0 0 1 1 1 1 0 1 0 1 0 1 1 1 0 1 0 0 0 0 1 1 1 1 0 0 1
 1 1 0 1 0 1 0 1 0 1 1 1 1 1 1]