[[56 37]
 [60 47]]
              precision    recall  f1-score   support

           0       0.48      0.60      0.54        93
           1       0.56      0.44      0.49       107

    accuracy                           0.52       200
   macro avg       0.52      0.52      0.51       200
weighted avg       0.52      0.52      0.51       200

[1 0 1 1 0 0 0 1 1 0 0 0 1 1 0 0 0 0 0 0 0 0 1 1 1 1 1 0 0 0 0 1 0 1 0 0 0
 0 0 0 1 0 1 0 0 0 0 1 1 1 0 1 1 0 0 1 1 0 0 1 1 1 1 0 0 0 1 1 1 0 0 1 0 0
 0 0 1 1 1 1 0 0 0 1 0 1 0 1 0 0 0 0 0 0 0 0 1 0 0 0 1 0 1 0 1 1 0 0 1 0 0
 0 0 1 0 0 1 0 1 0 1 1 1 0 1 1 0 0 0 1 0 1 0 1 0 0 0 1 0 1 0 0 1 1 0 0 1 0
 1 1 1 0 0 1 0 1 0 1 0 1 0 1 0 1 1 1 0 0 1 1 1 0 0 1 0 0 0 0 0 1 1 0 1 0 0
 1 1 0 0 1 0 1 0 0 1 0 1 0 0 0]