[[39 60]
 [53 48]]
              precision    recall  f1-score   support

           0       0.42      0.39      0.41        99
           1       0.44      0.48      0.46       101

    accuracy                           0.43       200
   macro avg       0.43      0.43      0.43       200
weighted avg       0.43      0.43      0.43       200

[0 1 1 1 1 1 1 0 0 1 1 0 1 1 1 1 1 0 1 0 0 1 1 1 0 0 1 1 0 0 0 0 1 0 0 1 1
 1 0 1 1 0 0 1 1 1 0 0 1 0 1 0 1 1 0 0 0 0 1 0 0 1 1 1 1 0 1 0 1 0 1 0 0 0
 1 0 1 1 1 0 1 1 0 0 1 1 0 1 1 0 1 0 0 0 0 0 1 0 1 1 0 1 1 0 1 0 1 1 0 1 0
 1 0 0 0 0 1 1 1 1 0 1 1 0 1 1 0 1 0 1 1 1 1 0 1 0 1 0 1 0 1 1 1 1 1 0 1 1
 0 0 1 1 1 0 1 0 1 1 1 1 0 0 0 0 1 1 1 0 1 1 0 0 1 0 0 0 1 1 0 1 0 1 1 0 0
 1 0 1 1 1 1 0 0 0 0 0 0 0 0 0]