[[46 53]
 [58 43]]
              precision    recall  f1-score   support

           0       0.44      0.46      0.45        99
           1       0.45      0.43      0.44       101

    accuracy                           0.45       200
   macro avg       0.45      0.45      0.44       200
weighted avg       0.45      0.45      0.44       200

[0 0 0 0 1 1 0 0 0 0 1 1 0 1 0 1 0 1 0 0 1 1 0 1 0 1 1 0 0 0 0 1 0 0 0 1 1
 0 1 0 1 1 0 0 1 1 0 0 0 0 1 1 1 0 0 0 1 0 0 1 1 0 0 0 1 0 0 0 0 0 1 1 1 0
 0 0 0 1 1 0 0 1 1 1 1 0 0 1 0 1 1 1 1 0 1 1 0 0 1 1 0 1 0 0 1 1 1 0 1 0 1
 0 0 0 1 1 1 0 1 0 0 0 1 0 1 0 0 1 0 1 0 1 0 1 1 0 1 1 0 1 1 0 0 1 1 0 0 1
 0 0 1 1 1 1 1 1 1 1 1 1 1 0 1 0 0 1 1 1 0 0 1 0 0 0 1 0 0 0 1 0 0 0 0 0 1
 1 1 0 1 1 0 1 1 0 1 0 1 0 0 0]