[[55 44]
 [55 46]]
              precision    recall  f1-score   support

           0       0.50      0.56      0.53        99
           1       0.51      0.46      0.48       101

    accuracy                           0.51       200
   macro avg       0.51      0.51      0.50       200
weighted avg       0.51      0.51      0.50       200

[0 1 1 1 0 1 0 0 1 1 1 1 0 1 0 0 0 1 0 0 1 0 0 1 0 1 1 0 0 0 0 1 1 1 0 0 1
 0 0 0 0 1 0 1 1 0 1 1 1 0 1 0 1 1 0 1 0 0 0 0 0 1 0 1 0 1 0 0 0 0 0 0 0 0
 0 1 1 0 1 0 0 0 0 0 0 0 1 0 1 0 1 0 0 0 1 1 1 1 0 1 1 0 1 1 0 0 0 0 1 0 0
 0 1 1 0 1 1 1 1 0 1 0 1 1 0 0 1 0 1 0 0 0 1 1 0 0 0 0 1 1 0 0 1 0 1 0 0 0
 0 1 1 0 1 0 0 1 1 0 1 1 0 0 0 1 1 1 1 0 1 0 0 0 1 1 1 1 1 1 1 1 1 0 0 1 1
 1 0 1 1 0 0 0 0 0 0 0 0 1 0 0]