[[220 224]
 [253 203]]
              precision    recall  f1-score   support

           0       0.47      0.50      0.48       444
           1       0.48      0.45      0.46       456

    accuracy                           0.47       900
   macro avg       0.47      0.47      0.47       900
weighted avg       0.47      0.47      0.47       900

[1 0 1 1 1 1 0 0 0 1 0 0 1 0 0 1 0 0 0 0 0 0 1 1 0 0 0 0 0 1 0 0 0 0 0 1 1
 0 0 0 1 1 0 0 0 0 1 0 0 0 1 1 1 0 0 0 1 0 0 1 1 0 1 0 0 1 1 1 0 0 1 0 0 0
 1 1 1 1 1 0 0 0 1 0 0 0 1 1 0 1 0 1 0 0 1 0 0 0 1 0 0 0 0 0 1 0 1 0 0 0 0
 1 0 1 1 0 1 0 1 1 1 1 0 1 0 1 0 1 0 1 0 0 1 0 1 0 0 0 1 0 1 1 1 0 0 1 1 0
 0 1 1 1 1 1 1 1 0 1 1 0 0 1 0 1 0 0 1 0 1 0 0 0 1 1 1 0 0 1 1 0 0 0 1 1 1
 0 0 1 1 1 0 1 0 1 0 0 0 1 1 0 0 1 1 0 0 0 1 0 1 1 0 0 0 0 1 1 1 0 1 0 0 1
 0 1 1 1 0 0 1 0 0 1 1 1 0 1 0 0 1 1 1 0 0 0 1 0 0 0 1 1 1 1 1 0 1 1 1 0 0
 1 1 1 1 0 1 0 1 1 0 1 0 1 0 1 0 0 0 0 1 1 0 0 1 1 0 1 1 1 1 1 1 0 1 1 1 1
 0 1 1 1 0 0 0 1 0 1 0 0 0 1 1 1 1 1 0 1 1 0 0 0 0 1 1 1 0 1 1 0 0 1 0 0 0
 1 1 0 1 1 1 0 0 0 1 1 0 0 0 0 0 0 1 0 1 1 1 1 1 1 0 1 0 0 0 0 1 1 0 1 1 1
 1 0 1 1 1 0 1 0 1 1 0 1 1 0 1 1 0 0 1 1 1 1 1 0 0 0 0 0 0 1 0 0 0 1 1 0 0
 0 0 0 1 0 1 0 1 0 0 0 0 1 0 0 1 1 1 0 1 1 0 0 1 1 0 1 0 1 1 1 0 1 0 1 1 1
 0 1 1 0 1 1 0 1 1 1 0 1 1 1 0 0 0 1 1 0 0 0 0 1 0 1 1 0 1 1 0 0 1 1 0 0 0
 1 0 0 0 0 0 1 1 0 0 0 1 0 0 0 1 0 0 0 1 1 1 1 0 1 1 0 0 0 0 1 0 0 0 0 1 0
 1 1 0 1 0 0 0 1 1 1 0 0 0 1 0 0 0 1 0 0 1 0 1 0 0 1 1 1 1 1 1 0 1 1 1 1 1
 0 0 1 0 1 0 0 1 0 1 0 0 1 1 1 1 1 0 0 1 0 0 1 0 1 1 1 0 0 0 1 0 1 1 1 1 0
 1 0 0 1 0 0 1 1 0 1 0 0 1 0 1 1 1 1 1 0 1 1 1 0 0 1 1 1 0 1 1 0 1 0 1 0 1
 0 0 0 1 0 0 1 1 0 0 1 1 1 1 0 0 1 0 1 0 0 1 1 0 1 0 1 0 0 1 1 1 0 0 1 0 0
 0 1 0 1 1 0 0 1 0 1 0 0 1 0 0 1 1 1 0 1 1 0 0 0 1 1 1 1 1 1 1 0 1 1 0 0 0
 0 1 0 0 0 1 1 1 0 0 0 1 0 0 1 0 0 0 1 0 1 1 0 1 0 0 0 1 0 1 1 1 0 0 0 0 0
 0 0 1 0 1 0 0 1 0 0 0 1 0 0 0 0 0 1 1 0 0 0 0 0 0 0 0 0 0 1 0 1 0 1 1 0 0
 1 1 1 0 0 1 1 0 0 0 0 0 1 0 0 0 0 1 0 0 0 0 0 1 1 0 0 0 0 0 1 0 0 1 0 1 0
 0 0 0 1 0 1 0 0 1 0 1 1 0 1 1 0 0 1 1 0 1 1 0 1 0 0 1 1 0 1 0 1 1 0 1 1 1
 0 1 1 0 0 1 1 0 1 0 0 1 1 0 0 0 1 0 0 1 0 1 1 0 1 1 0 0 0 0 0 0 0 1 1 1 0
 1 0 0 0 1 1 1 0 0 0 1 0]