[[48 46]
 [52 54]]
              precision    recall  f1-score   support

           0       0.48      0.51      0.49        94
           1       0.54      0.51      0.52       106

    accuracy                           0.51       200
   macro avg       0.51      0.51      0.51       200
weighted avg       0.51      0.51      0.51       200

[1 0 0 0 1 1 1 1 0 1 1 0 1 1 1 1 1 0 0 1 0 0 1 0 1 1 1 1 1 0 0 1 1 0 1 0 0
 0 1 1 0 0 1 1 0 0 0 0 1 0 0 1 1 1 1 0 0 0 1 0 0 0 0 1 1 0 1 1 1 0 1 1 0 0
 0 1 0 1 1 1 0 0 0 1 0 0 0 1 0 0 0 0 0 0 0 1 1 1 0 0 1 0 0 0 1 1 1 0 0 0 1
 0 1 1 0 0 1 0 1 0 1 0 0 1 1 1 0 1 0 0 1 1 0 1 0 1 0 1 1 1 0 1 0 1 1 1 1 0
 0 0 0 0 1 0 0 1 1 0 0 0 0 0 0 1 1 0 1 0 0 1 1 1 0 0 1 1 1 0 1 1 0 1 0 0 1
 0 0 1 1 0 1 1 1 1 1 0 1 0 1 1]