[[54 49]
 [53 44]]
              precision    recall  f1-score   support

           0       0.50      0.52      0.51       103
           1       0.47      0.45      0.46        97

    accuracy                           0.49       200
   macro avg       0.49      0.49      0.49       200
weighted avg       0.49      0.49      0.49       200

[0 1 0 0 0 0 0 1 0 0 0 0 0 1 0 1 0 1 1 0 1 0 1 0 0 0 1 0 0 0 0 0 1 1 0 1 1
 1 0 0 1 0 0 0 0 1 1 0 1 0 0 0 0 1 1 1 1 1 0 1 0 1 0 1 1 0 1 1 1 1 0 1 0 0
 1 0 0 1 1 0 1 0 0 0 0 0 0 1 1 0 0 1 0 1 0 0 1 0 0 1 1 1 0 0 1 1 0 1 1 1 1
 1 0 0 1 0 0 1 0 0 1 0 0 1 1 0 1 0 1 0 0 1 1 0 1 0 1 0 0 0 0 1 1 0 0 0 1 1
 0 0 0 0 1 1 0 1 1 1 1 0 0 0 0 1 0 1 1 1 1 1 1 0 0 1 1 0 1 1 0 0 1 0 0 0 1
 0 0 1 0 1 1 0 1 1 1 1 0 1 0 0]