[[51 40]
 [54 55]]
              precision    recall  f1-score   support

           0       0.49      0.56      0.52        91
           1       0.58      0.50      0.54       109

    accuracy                           0.53       200
   macro avg       0.53      0.53      0.53       200
weighted avg       0.54      0.53      0.53       200

[1 0 1 1 0 1 0 0 0 0 0 0 1 0 1 1 0 0 0 0 1 0 1 1 1 1 0 0 0 1 1 0 1 0 0 0 0
 1 1 0 1 1 1 0 0 0 1 0 0 1 0 1 1 0 1 1 0 1 0 1 0 0 1 1 0 1 1 1 0 0 1 0 1 0
 0 0 1 1 0 0 0 1 0 0 0 1 1 0 0 1 0 0 1 1 0 0 1 0 1 0 1 0 0 0 0 1 1 1 1 0 0
 0 1 1 0 1 0 1 1 1 1 1 1 1 0 1 1 1 0 0 0 0 0 1 0 0 1 0 1 1 0 0 0 1 0 1 1 1
 1 1 0 0 0 1 0 0 1 0 0 0 1 1 1 1 0 0 1 0 1 1 1 1 1 0 1 0 0 0 0 0 0 1 1 0 0
 1 1 1 1 1 0 0 0 1 0 0 0 0 1 0]