[[52 46]
 [50 52]]
              precision    recall  f1-score   support

           0       0.51      0.53      0.52        98
           1       0.53      0.51      0.52       102

    accuracy                           0.52       200
   macro avg       0.52      0.52      0.52       200
weighted avg       0.52      0.52      0.52       200

[1 0 0 0 1 0 1 1 1 0 1 0 0 0 0 0 0 0 0 1 0 0 1 1 0 1 0 1 1 0 0 0 0 0 0 0 1
 0 1 1 0 0 0 0 0 1 1 1 0 1 0 1 0 0 1 0 1 1 1 0 1 0 1 1 1 0 1 0 1 1 0 0 0 1
 0 0 1 1 1 0 0 1 0 0 1 0 0 1 0 0 1 1 1 1 1 0 1 0 1 0 1 0 0 1 0 1 0 1 0 0 0
 1 1 0 1 0 1 1 0 0 1 1 1 1 1 1 1 0 1 1 1 0 0 0 0 1 0 1 1 1 0 0 1 1 1 0 1 0
 1 0 1 0 0 0 1 0 0 1 0 0 0 0 1 1 0 0 1 1 0 1 0 0 1 1 1 0 1 1 1 1 1 1 1 1 0
 0 1 1 0 0 0 0 0 0 1 1 0 0 1 1]