[[440 462]
 [502 596]]
              precision    recall  f1-score   support

           0       0.47      0.49      0.48       902
           1       0.56      0.54      0.55      1098

    accuracy                           0.52      2000
   macro avg       0.52      0.52      0.52      2000
weighted avg       0.52      0.52      0.52      2000

[1 0 0 0 0 1 0 1 0 1 0 1 0 1 0 0 0 1 1 0 0 1 1 0 1 0 0 0 1 0 1 0 1 0 1 1 1
 1 1 1 0 1 1 0 0 0 1 1 0 1 1 1 0 1 1 0 1 0 1 0 0 1 1 0 0 1 1 0 0 1 1 1 1 1
 0 1 0 1 1 1 1 0 1 0 1 1 0 0 1 1 0 0 1 1 1 1 0 0 0 0 1 1 0 1 1 1 1 1 1 0 1
 0 0 0 1 1 1 0 0 0 0 1 0 1 0 1 0 1 1 1 0 1 0 1 0 0 1 1 0 1 0 0 1 1 0 0 1 0
 0 0 0 0 1 0 1 1 0 0 1 0 0 1 1 0 1 0 1 1 1 0 1 0 1 1 0 1 1 1 1 1 0 1 0 0 1
 1 1 0 0 1 1 1 1 1 1 0 0 0 1 0 1 1 1 0 0 0 1 1 0 1 0 1 0 1 0 0 1 1 0 0 0 0
 1 0 0 0 1 1 1 1 1 0 1 0 1 0 1 1 1 1 0 0 0 0 0 0 1 1 1 0 1 0 0 0 1 1 1 1 1
 1 1 0 1 1 0 1 0 1 1 0 1 1 1 1 0 0 0 1 0 1 0 0 1 1 0 0 0 1 1 1 1 0 0 0 1 1
 0 0 0 0 0 1 1 0 0 1 1 0 1 0 0 0 1 1 1 0 0 1 0 1 1 1 0 0 0 1 1 0 0 1 0 1 0
 1 1 1 1 0 1 1 0 0 0 1 1 0 1 1 0 1 0 1 1 0 1 1 1 0 1 0 1 0 0 1 0 1 0 0 0 1
 1 0 1 1 0 1 1 0 0 0 0 0 1 1 0 0 1 1 0 1 0 0 1 1 1 1 1 0 0 0 0 0 1 1 0 0 1
 0 0 0 1 0 1 1 1 1 0 1 1 1 1 1 1 0 1 0 0 1 1 1 0 1 0 1 0 0 0 0 1 1 1 1 1 1
 1 1 1 1 1 0 1 0 1 1 0 1 1 1 1 0 1 1 1 0 1 0 1 1 1 0 0 0 1 0 1 0 1 1 1 1 1
 1 1 1 1 1 0 1 1 1 1 1 1 0 1 0 1 1 0 0 1 1 0 0 1 1 1 1 0 1 1 0 1 0 1 1 0 0
 0 1 0 1 1 1 1 1 0 0 1 0 1 0 1 1 0 0 1 0 1 0 1 1 1 1 0 1 1 1 0 0 1 0 1 1 1
 1 0 0 0 1 1 1 0 1 0 0 1 1 0 0 1 1 1 1 1 0 1 1 1 1 0 0 1 0 0 1 0 1 0 0 1 1
 0 1 1 1 0 0 0 1 0 1 1 0 0 0 1 0 1 1 0 1 0 0 1 0 0 0 1 1 0 0 0 1 0 1 0 1 0
 1 0 0 1 1 0 0 1 0 0 1 1 1 1 0 0 1 0 1 1 1 1 0 1 1 0 1 0 0 0 1 1 0 1 1 0 1
 0 1 1 0 0 1 1 1 1 0 1 1 1 0 0 0 1 1 0 0 0 1 1 1 0 1 0 0 1 0 1 1 0 1 1 0 0
 0 0 1 0 1 0 0 0 0 1 1 1 1 1 0 1 1 0 0 0 0 0 0 1 0 0 1 0 1 1 1 1 0 0 0 1 0
 1 0 0 1 0 1 0 1 0 1 1 0 1 0 0 1 0 1 0 1 1 0 1 1 1 0 1 1 1 1 0 1 0 0 1 1 0
 1 0 1 0 0 0 0 0 1 0 1 1 1 1 1 1 0 1 1 1 1 1 1 0 0 1 1 1 1 1 1 0 0 1 0 1 0
 0 0 1 1 0 1 1 1 0 0 1 0 0 0 0 1 0 0 1 0 0 1 0 0 0 0 1 1 1 1 1 1 0 1 1 1 0
 0 1 1 0 0 0 0 0 1 1 1 1 1 1 1 0 1 0 0 0 1 0 1 0 0 1 0 0 0 0 0 0 1 0 1 1 1
 1 0 1 1 1 1 1 0 1 1 0 0 0 1 0 1 0 1 1 1 0 0 1 1 0 1 0 0 1 1 1 0 1 1 0 0 0
 1 1 0 0 1 1 0 0 0 1 0 0 0 0 1 1 1 0 1 1 1 0 1 1 1 0 0 0 1 1 0 1 0 0 1 0 0
 0 1 1 1 0 0 0 0 1 1 0 1 0 0 0 1 1 1 0 0 0 1 1 0 0 0 1 0 1 1 1 1 0 0 1 1 0
 0 1 0 1 1 0 1 0 1 1 0 1 1 0 1 0 0 0 1 1 1 0 1 1 1 1 0 0 1 0 1 1 1 0 0 0 0
 1 0 0 0 0 1 1 1 1 0 0 1 0 0 0 1 0 0 1 1 1 1 1 0 1 0 0 0 1 0 1 0 1 0 0 1 0
 1 1 0 0 0 1 0 0 1 0 0 0 1 1 1 0 0 0 0 0 1 0 1 0 0 0 1 1 0 0 0 0 0 1 0 1 1
 1 0 1 1 1 1 1 0 1 0 0 0 0 0 1 1 0 0 0 1 1 1 1 0 1 1 1 1 1 0 0 0 0 0 1 0 0
 1 1 0 0 0 1 1 0 1 0 0 0 1 0 1 1 0 1 1 1 0 1 0 1 0 1 0 1 1 1 0 1 0 1 1 1 1
 0 0 0 0 0 0 1 1 1 1 1 0 1 0 0 0 0 0 0 1 0 1 0 0 0 1 1 1 1 0 1 1 1 0 1 0 0
 1 0 1 1 1 0 1 1 0 0 0 1 1 0 1 0 0 1 1 1 1 1 0 0 1 0 1 1 0 1 0 1 0 1 0 1 1
 0 0 0 0 0 1 1 0 1 1 0 0 0 0 0 1 0 1 1 1 1 0 0 1 1 0 0 0 0 1 1 1 0 1 1 0 0
 0 0 0 1 1 1 0 1 1 1 1 1 0 1 1 0 1 0 1 0 1 1 0 1 0 1 0 1 0 1 1 1 1 0 1 0 1
 0 1 0 0 0 0 1 0 0 1 0 0 1 0 1 0 1 0 1 0 1 0 0 1 1 0 0 0 1 1 0 1 0 1 0 1 0
 0 0 0 1 0 0 0 1 1 1 0 0 1 0 0 0 1 1 0 1 1 0 0 1 1 1 0 1 1 0 1 0 1 0 0 0 1
 0 0 1 1 1 1 0 1 0 0 1 1 0 1 1 1 0 1 1 1 0 0 0 0 0 0 1 1 1 1 1 0 1 1 1 1 1
 0 1 0 1 1 1 1 1 1 1 1 1 0 0 1 0 0 1 1 0 0 0 1 0 1 1 1 0 0 0 1 0 1 1 0 1 1
 1 1 1 0 0 1 1 0 0 1 0 1 1 0 1 0 0 0 0 1 0 1 1 0 1 0 1 1 0 0 1 1 0 1 0 1 0
 1 1 1 1 1 1 0 0 1 0 1 1 1 0 0 0 0 0 0 0 0 1 0 1 0 0 0 1 0 1 1 0 1 1 0 1 1
 0 1 1 0 1 1 0 1 0 1 0 0 0 1 0 1 1 0 0 1 0 0 0 0 1 1 1 0 0 0 0 0 1 0 0 1 1
 0 1 1 1 1 1 0 1 0 0 0 0 0 0 0 1 1 1 1 1 0 1 1 1 0 0 0 1 0 1 1 1 0 1 1 0 1
 0 1 0 0 1 0 0 1 1 0 0 1 1 1 0 1 0 1 0 0 1 0 0 1 1 0 0 1 0 1 1 1 1 0 1 1 1
 1 0 1 1 1 0 1 0 1 1 1 0 1 0 0 0 1 0 0 1 1 1 0 1 0 0 0 1 0 0 1 1 0 0 1 0 1
 1 1 1 0 0 1 0 0 0 1 0 0 1 1 1 0 0 1 1 0 1 0 0 1 0 1 0 0 0 1 1 0 1 1 1 1 0
 0 0 1 1 1 1 0 1 1 1 1 1 0 0 0 0 1 1 1 1 1 0 1 0 0 0 1 1 1 0 1 0 0 1 1 1 0
 1 0 1 0 0 1 1 1 1 1 1 0 1 0 0 1 1 0 0 1 0 1 0 0 1 1 1 1 0 0 1 0 0 0 1 0 1
 1 1 1 0 1 0 1 1 1 0 0 1 1 0 1 0 1 0 1 0 1 1 0 1 1 0 0 0 1 0 0 1 0 1 1 1 1
 1 0 1 0 1 1 1 1 0 1 1 1 1 0 0 1 0 0 1 0 1 0 0 0 0 0 0 1 1 1 1 1 1 0 0 0 0
 0 0 1 1 0 1 1 1 1 0 0 0 1 0 0 0 0 0 1 0 1 0 1 1 0 0 0 0 1 1 1 0 0 1 0 0 1
 0 0 0 0 1 0 0 0 0 1 1 1 1 0 0 0 0 0 0 1 1 1 1 0 1 0 0 1 0 1 1 0 0 1 0 0 0
 1 1 0 1 0 1 0 0 1 1 1 0 0 0 1 1 1 1 1 0 1 0 1 0 0 1 0 1 1 1 0 0 0 0 1 1 1
 1 1]