[[457 492]
 [488 563]]
              precision    recall  f1-score   support

           0       0.48      0.48      0.48       949
           1       0.53      0.54      0.53      1051

    accuracy                           0.51      2000
   macro avg       0.51      0.51      0.51      2000
weighted avg       0.51      0.51      0.51      2000

[1 0 0 0 1 1 1 0 1 1 1 1 0 0 1 0 1 1 1 0 1 0 0 0 1 1 1 1 1 1 0 1 0 0 0 1 0
 1 0 1 0 1 0 1 1 1 0 0 0 1 1 0 0 0 0 1 0 0 0 0 1 0 1 0 1 1 0 1 1 1 0 0 0 0
 0 0 0 1 0 0 1 0 0 1 1 1 0 0 1 0 1 1 1 0 0 1 0 0 1 0 1 1 0 0 0 1 0 1 0 1 1
 1 1 1 0 1 1 1 1 0 0 0 0 1 0 0 1 1 1 1 1 1 1 0 1 0 0 0 1 0 0 1 0 0 0 0 0 1
 0 1 0 0 1 0 1 0 0 0 1 1 0 1 0 0 0 1 1 0 1 1 1 0 1 1 1 0 0 0 1 1 1 0 1 0 1
 0 1 0 1 1 1 0 1 0 1 0 0 1 1 1 0 0 1 0 1 0 0 0 0 1 1 0 1 0 1 0 0 1 0 1 1 1
 1 1 1 1 1 1 0 0 1 1 1 1 1 1 1 0 0 0 0 1 1 1 0 0 0 0 1 0 0 0 0 0 1 0 1 1 0
 1 0 0 1 1 1 0 1 0 1 1 1 0 0 1 1 0 1 0 1 0 1 1 0 0 1 0 1 1 0 1 1 1 0 1 0 1
 1 0 1 0 1 1 0 0 1 1 1 1 1 1 0 1 0 0 1 0 1 1 0 0 1 1 0 1 0 0 1 0 1 1 0 0 1
 1 0 1 0 1 0 0 0 1 0 0 1 0 1 1 1 1 1 0 1 1 0 1 1 1 1 1 0 0 0 1 1 0 0 1 1 0
 0 0 0 0 0 1 0 1 1 0 1 1 1 0 0 0 0 1 1 1 1 1 0 0 1 0 0 1 0 1 0 0 0 0 0 0 1
 1 0 0 0 1 0 1 1 1 0 0 0 0 0 0 0 0 0 0 1 1 0 0 0 0 0 0 1 1 1 0 1 0 1 1 0 0
 1 1 0 0 1 0 1 1 0 0 0 1 0 1 1 1 1 1 0 1 0 0 0 1 0 1 1 0 1 1 1 1 0 1 1 1 0
 1 1 0 0 0 1 1 0 1 1 1 1 1 0 0 0 1 1 1 1 1 0 1 1 0 0 1 1 1 0 1 0 1 1 1 1 1
 0 1 1 1 1 1 0 1 0 1 0 0 1 1 0 0 0 1 0 1 0 0 0 1 1 1 0 0 0 0 0 1 1 1 1 0 1
 0 1 1 0 1 0 0 1 0 1 1 1 1 1 1 0 0 1 1 0 1 1 1 0 1 1 1 0 0 0 0 0 0 1 1 1 1
 1 1 1 1 0 1 0 1 0 0 1 0 1 0 0 0 1 0 1 0 0 1 1 1 0 0 1 1 1 1 0 0 1 1 0 1 1
 0 0 0 0 1 1 1 0 0 0 0 0 0 0 0 0 0 0 0 0 0 1 1 0 1 1 1 0 0 0 0 1 1 1 0 1 1
 1 1 0 0 1 1 1 0 0 0 1 1 1 0 0 0 0 0 1 0 1 1 1 0 1 1 1 1 0 1 0 0 0 1 1 1 0
 1 0 1 0 1 1 1 1 0 1 1 1 0 0 1 0 0 1 1 1 1 1 1 1 1 1 1 0 1 1 1 0 0 0 0 1 0
 0 0 0 0 0 1 0 1 0 0 0 1 1 1 1 0 1 0 0 1 0 1 0 0 0 1 1 1 1 1 0 1 0 1 0 0 1
 0 1 1 1 1 0 0 1 0 0 1 1 1 0 1 1 1 1 0 1 1 1 1 1 0 0 0 1 0 0 1 1 1 1 1 1 0
 0 1 0 1 0 0 0 0 1 0 1 0 1 0 1 1 0 1 1 0 0 1 0 1 0 1 0 0 0 1 1 0 1 0 1 0 0
 0 1 0 1 0 1 0 1 0 0 1 0 0 0 1 0 1 1 0 0 1 0 1 1 0 0 0 0 1 1 1 1 1 1 0 1 0
 1 1 0 0 1 0 0 1 0 1 0 1 0 0 0 0 1 0 0 0 1 0 0 0 1 0 0 1 1 1 0 1 1 0 0 1 0
 1 0 0 0 1 0 1 1 0 1 0 0 1 0 1 1 1 1 1 1 0 1 0 1 1 0 1 1 1 0 1 0 1 0 1 1 0
 0 0 1 1 1 0 1 1 0 1 1 1 1 0 0 0 1 0 1 1 1 1 1 1 0 1 0 1 0 1 0 1 1 1 0 0 0
 1 1 1 0 1 1 1 1 0 0 0 1 1 0 1 1 0 1 0 0 1 0 0 1 0 1 0 1 1 1 0 0 0 0 1 1 1
 1 0 0 1 1 0 0 0 0 1 1 0 1 1 1 0 0 1 1 1 0 1 1 1 0 0 1 1 1 1 1 0 0 0 0 0 1
 1 0 0 0 0 1 0 1 1 0 1 0 1 0 1 1 0 0 1 1 0 1 1 0 0 0 0 0 0 1 0 0 0 1 0 0 1
 1 1 1 1 0 1 1 1 0 1 1 1 1 1 1 1 1 1 1 1 1 0 0 0 1 0 1 0 1 0 0 1 0 0 0 1 1
 1 1 1 0 1 1 1 1 1 0 0 1 1 1 0 0 1 0 1 0 0 0 0 0 1 1 0 0 0 1 0 0 0 1 0 1 1
 1 1 0 0 1 1 1 0 1 0 1 1 1 0 0 0 1 1 1 1 0 1 1 1 0 1 0 1 1 1 0 1 1 1 1 0 0
 1 1 1 0 0 0 1 1 1 1 0 0 1 0 1 1 1 0 1 0 1 1 1 1 1 1 1 0 1 1 1 0 1 1 1 0 0
 0 0 1 1 0 1 1 0 0 0 0 0 1 0 0 1 0 0 0 0 1 1 0 0 1 0 0 1 1 0 1 0 0 1 1 0 1
 0 1 0 0 1 1 1 1 0 0 1 0 0 0 1 1 1 0 0 1 1 1 0 1 1 0 1 0 1 0 1 1 0 0 0 0 1
 1 1 1 0 0 1 1 1 1 1 1 0 0 0 1 1 1 0 1 1 0 0 0 0 1 0 0 1 0 0 0 1 1 0 1 1 0
 1 0 1 1 1 0 0 1 0 0 1 0 1 1 1 0 1 0 0 1 1 0 0 0 1 0 0 0 1 1 0 0 1 0 1 1 0
 1 0 1 1 1 0 1 1 0 1 1 0 0 1 0 1 0 0 0 1 0 0 1 1 0 1 0 1 1 1 1 0 0 1 1 1 1
 1 1 0 0 1 1 1 1 1 1 0 1 0 1 0 1 1 0 1 1 1 1 1 1 0 1 0 0 1 1 1 0 0 0 1 0 1
 0 1 1 0 0 0 1 0 0 1 1 0 0 0 0 0 0 0 0 0 0 1 0 0 0 0 0 1 0 1 0 0 0 1 1 1 1
 0 1 1 0 1 1 0 0 0 0 0 1 0 0 1 1 0 0 0 1 0 1 1 1 0 1 1 1 1 0 1 1 0 1 1 0 1
 0 1 1 1 0 0 0 0 1 1 1 0 1 0 0 1 0 1 1 0 0 0 0 1 1 1 0 0 0 1 1 1 0 1 0 0 1
 0 1 0 0 1 0 1 0 0 1 0 0 0 1 0 0 0 1 1 0 1 1 1 0 1 0 0 0 1 0 1 1 0 0 1 1 1
 0 0 1 0 1 0 0 0 1 1 0 1 1 0 0 1 0 0 1 1 1 0 1 1 0 0 1 1 0 0 1 1 0 0 0 1 1
 0 0 0 0 0 1 1 0 0 0 0 0 1 0 0 0 0 1 1 0 0 1 1 0 1 0 0 0 0 0 1 0 1 0 1 1 1
 1 0 1 0 1 0 1 0 1 0 1 0 1 1 1 1 1 1 1 1 0 0 1 1 1 1 0 0 0 1 0 1 1 1 1 0 1
 1 0 0 1 1 0 0 1 0 0 0 1 1 1 0 1 0 1 0 0 1 0 0 0 1 0 0 1 1 1 0 0 0 0 1 1 1
 0 1 0 0 1 1 1 1 1 1 1 0 1 0 0 0 1 0 0 1 1 0 1 0 1 1 1 1 0 1 0 1 1 0 0 1 0
 0 1 1 1 1 1 1 0 0 1 0 1 0 1 1 1 1 1 0 0 1 0 1 1 1 1 0 1 1 1 0 0 0 1 0 1 1
 1 1 1 1 0 1 1 1 1 1 1 1 1 0 1 1 1 0 0 0 0 1 0 0 1 1 1 0 1 0 0 1 0 1 0 0 0
 1 1 1 0 0 1 0 0 1 1 0 1 0 1 1 1 1 1 1 0 0 1 0 1 0 0 1 1 1 0 0 0 1 1 0 1 1
 1 0 1 0 1 0 0 1 0 1 0 1 1 0 0 1 1 0 1 1 0 1 0 1 0 1 1 0 0 0 0 1 1 0 1 1 1
 1 0 0 0 0 1 0 1 1 1 0 1 0 0 0 1 0 0 0 0 1 1 0 1 0 0 0 1 1 1 0 0 1 1 0 1 0
 1 0]