[[443 501]
 [496 560]]
              precision    recall  f1-score   support

           0       0.47      0.47      0.47       944
           1       0.53      0.53      0.53      1056

    accuracy                           0.50      2000
   macro avg       0.50      0.50      0.50      2000
weighted avg       0.50      0.50      0.50      2000

[1 1 0 0 1 1 0 1 0 1 1 0 0 0 1 1 0 0 1 1 1 1 1 1 1 1 0 0 1 0 1 1 0 0 1 0 0
 0 0 0 0 0 1 1 1 1 0 1 1 1 1 0 0 0 1 1 1 1 1 0 1 1 1 1 1 0 1 0 1 1 1 0 1 1
 1 0 0 1 1 0 0 0 0 0 1 0 0 0 1 0 1 0 0 0 0 1 0 0 1 0 1 1 1 1 0 0 1 1 1 1 1
 1 0 0 0 0 1 0 0 0 1 0 1 1 1 0 0 1 1 0 1 1 1 0 1 1 1 1 0 0 0 1 0 1 1 0 0 0
 1 0 0 1 0 1 0 1 1 0 0 1 1 1 1 0 1 1 0 0 1 1 1 1 1 1 1 0 0 1 0 1 0 1 0 1 1
 1 1 1 1 1 0 1 1 1 1 0 1 1 1 1 0 0 0 1 1 1 1 0 1 1 1 1 0 0 0 1 0 0 1 1 0 1
 1 0 1 1 0 1 1 1 1 0 1 0 0 0 1 0 1 0 1 1 0 0 1 0 1 0 1 1 1 0 1 0 0 1 0 1 0
 1 0 0 1 0 0 1 1 0 0 0 0 1 0 1 1 0 1 1 0 0 0 1 0 1 1 1 1 0 1 1 1 0 0 1 0 0
 1 0 0 1 0 1 1 0 1 1 1 0 1 0 0 1 1 0 1 0 0 1 0 1 1 1 0 1 1 0 0 1 0 0 0 1 0
 0 1 0 0 1 0 1 1 1 0 1 1 0 1 0 1 1 1 1 0 0 0 1 1 1 0 0 0 0 1 1 1 0 0 1 0 1
 1 0 1 0 0 0 1 1 0 1 1 1 1 1 1 1 1 1 0 0 1 0 0 0 0 1 1 0 0 0 0 1 0 1 1 1 1
 1 0 1 1 1 1 0 0 0 0 1 0 1 1 1 0 1 0 1 0 1 0 0 0 0 0 1 1 1 1 1 1 0 1 1 1 0
 1 0 0 0 0 1 0 1 0 0 0 0 1 1 1 1 1 0 1 1 1 1 0 1 1 1 0 1 1 0 1 0 0 1 0 0 0
 0 0 0 1 1 1 0 0 1 0 1 1 1 1 0 0 0 1 1 1 0 0 0 0 0 1 0 0 0 1 1 1 0 0 0 0 0
 1 1 0 1 0 0 1 1 0 1 1 1 1 1 0 1 0 1 1 1 0 0 0 0 0 0 1 1 0 0 1 0 1 1 1 1 1
 0 0 1 0 0 0 1 1 0 1 0 1 1 1 1 0 1 1 1 0 1 0 1 0 1 1 1 0 0 0 1 1 1 1 1 0 1
 0 1 1 1 0 1 0 1 0 0 0 1 0 0 0 1 0 1 0 1 0 1 0 1 1 0 1 1 1 0 1 0 0 1 1 1 1
 0 1 0 0 0 1 0 0 0 1 1 1 1 1 1 1 0 1 0 1 0 1 1 0 0 0 0 0 1 1 1 1 0 0 0 1 1
 1 1 0 1 1 0 0 0 1 1 0 1 1 0 0 1 0 0 0 0 1 0 0 0 1 0 1 1 1 1 0 1 1 0 0 1 1
 1 0 0 0 1 1 1 0 1 1 1 1 0 0 1 0 0 0 1 1 0 1 0 0 1 1 1 0 1 1 1 1 1 0 1 0 1
 1 1 0 1 1 0 1 1 1 0 0 0 1 1 1 1 1 0 1 1 0 1 1 1 0 0 0 0 1 0 0 0 0 0 1 1 1
 1 0 1 0 1 1 0 0 1 1 0 1 0 0 1 0 1 0 0 1 1 1 0 1 1 1 0 0 0 1 0 1 0 1 0 1 1
 0 0 0 1 0 0 0 1 1 1 1 1 1 0 0 1 0 0 0 1 1 0 0 1 0 1 0 1 0 1 0 1 0 1 1 0 1
 0 1 0 1 0 0 1 1 1 1 0 0 1 1 1 0 1 1 1 0 1 0 1 1 0 0 1 1 0 1 0 1 1 1 1 0 1
 1 0 0 0 0 1 1 1 1 1 1 1 1 0 1 1 0 0 0 0 1 1 0 0 0 0 0 0 1 0 0 1 1 0 0 1 1
 1 1 1 1 0 0 0 1 0 1 1 1 1 1 0 0 1 0 0 0 0 0 1 0 0 1 1 1 1 1 1 0 1 0 1 1 0
 0 1 0 0 1 0 1 0 1 0 0 1 0 1 1 0 0 1 0 0 0 1 1 0 1 0 1 0 0 0 1 1 0 0 1 0 0
 1 0 1 1 0 1 0 0 0 0 1 0 0 0 0 0 0 1 1 1 0 0 1 1 0 0 1 1 1 1 0 0 1 0 1 0 0
 0 0 1 1 0 0 1 0 1 0 1 1 1 1 1 1 1 0 0 1 0 0 1 1 0 1 1 1 0 0 1 0 1 1 1 0 1
 1 1 1 1 0 1 1 0 0 0 0 0 0 1 1 1 0 1 0 1 0 0 1 1 0 0 0 0 0 0 0 1 1 1 0 0 1
 1 0 0 0 0 0 1 1 0 0 1 1 1 0 1 0 0 1 0 0 0 0 1 0 0 0 0 0 1 0 1 1 0 1 0 1 1
 0 0 0 0 1 0 1 1 0 1 0 1 0 1 0 0 0 1 1 1 0 1 0 1 0 0 0 1 0 1 1 0 0 1 1 1 0
 0 0 1 0 1 0 1 1 1 1 1 1 0 1 1 0 0 0 1 1 1 1 1 0 0 1 1 0 0 1 0 1 0 1 0 1 1
 0 0 1 0 1 0 0 0 1 1 1 1 0 0 0 1 1 1 0 1 1 0 0 1 0 1 1 1 1 0 1 0 1 0 1 1 1
 0 0 0 1 1 1 0 0 0 0 1 0 1 0 1 1 0 1 1 0 1 0 0 0 1 0 0 1 0 1 0 1 1 1 1 1 0
 1 0 0 0 0 0 0 1 1 1 1 1 0 1 0 1 1 1 0 0 0 1 1 1 1 1 1 0 1 0 0 1 0 0 0 0 0
 1 0 0 1 1 0 1 1 1 1 1 1 0 0 0 0 1 0 0 0 1 0 1 1 0 1 0 1 1 0 1 1 0 1 1 1 0
 1 0 1 1 0 0 0 0 1 0 0 0 0 0 0 1 1 1 0 0 1 1 1 1 0 0 1 1 0 1 1 0 0 1 1 1 0
 1 1 0 0 0 0 1 1 0 1 1 1 0 1 1 1 1 0 1 1 1 1 0 0 0 1 0 1 1 0 0 0 0 0 1 0 1
 0 0 1 1 0 1 1 0 0 1 0 1 1 1 1 0 1 0 0 0 1 1 1 1 1 0 1 1 0 0 0 0 0 1 1 1 1
 1 1 0 1 1 0 1 1 1 1 1 1 1 1 1 1 0 1 0 1 0 1 0 1 1 1 1 1 1 0 1 1 1 1 1 1 0
 0 0 0 0 0 0 1 0 1 0 1 0 1 1 1 1 1 0 1 1 1 1 1 0 0 1 0 1 1 1 0 1 1 1 0 0 1
 0 1 0 0 0 1 1 1 0 0 1 0 0 1 0 1 1 0 0 1 1 1 1 0 0 0 0 0 1 1 1 1 0 1 0 1 0
 1 0 1 0 1 1 1 0 1 0 1 1 0 0 1 0 1 1 1 1 0 0 1 0 0 1 0 1 1 1 0 0 0 0 0 0 1
 0 1 1 1 0 1 1 1 1 0 0 1 0 0 0 1 1 1 0 1 0 1 0 0 0 1 0 1 1 1 0 1 0 0 0 1 0
 1 0 0 1 0 0 0 0 0 0 1 0 1 1 0 0 0 1 1 0 0 1 0 0 1 1 1 1 1 1 0 1 1 0 1 0 0
 1 1 0 1 1 1 1 1 0 1 0 0 1 1 1 0 1 1 1 1 0 0 0 0 0 1 1 1 1 0 1 1 1 1 0 0 1
 0 1 1 0 0 0 1 0 1 0 0 1 0 0 1 0 0 1 1 0 0 1 1 0 0 1 0 1 1 1 0 0 1 0 1 1 0
 1 1 0 0 1 1 0 1 1 1 0 1 1 0 0 0 0 1 0 0 0 1 0 0 1 1 0 1 0 1 0 0 0 0 0 0 1
 0 1 1 0 0 1 0 0 1 0 0 1 1 0 0 0 1 1 0 0 1 0 1 1 0 0 1 1 0 1 0 1 1 0 0 1 1
 1 1 1 0 1 0 0 1 1 1 1 1 0 1 0 0 0 1 0 0 0 1 1 1 0 1 1 0 1 0 0 1 1 0 1 1 0
 0 0 1 0 1 0 1 0 1 1 1 1 1 1 1 0 1 0 0 1 1 0 0 0 0 0 0 0 1 1 1 0 0 0 1 1 0
 0 1 0 1 0 0 1 1 0 0 0 0 0 0 1 1 1 0 0 1 0 1 1 0 1 1 1 0 1 1 1 0 0 0 0 1 0
 1 0 1 1 0 0 0 0 0 1 1 1 1 1 0 1 1 1 0 0 0 1 1 0 1 0 0 1 0 1 1 1 0 0 0 1 0
 0 1]