[[202 195]
 [214 189]]
              precision    recall  f1-score   support

           0       0.49      0.51      0.50       397
           1       0.49      0.47      0.48       403

    accuracy                           0.49       800
   macro avg       0.49      0.49      0.49       800
weighted avg       0.49      0.49      0.49       800

[0 1 0 0 1 0 1 0 1 1 1 0 0 1 0 1 0 0 0 0 1 0 1 0 1 1 1 0 1 1 0 0 1 1 0 0 0
 1 0 0 1 1 0 1 0 1 0 0 1 1 0 1 0 0 0 1 0 1 0 0 1 0 1 0 0 1 0 1 1 0 0 1 1 1
 0 0 1 1 0 1 0 0 0 0 1 0 0 1 1 1 0 0 1 0 0 0 0 1 0 0 1 1 0 1 0 1 1 1 1 0 0
 0 1 1 0 0 1 1 1 0 1 1 1 0 0 1 1 0 0 0 0 1 1 0 0 1 1 0 0 1 1 1 0 0 0 1 1 1
 0 1 1 0 0 1 0 1 0 1 1 1 0 1 0 0 0 0 1 0 1 0 1 0 0 1 1 1 1 0 0 1 1 0 1 1 1
 0 0 0 1 0 0 1 0 1 0 1 1 0 1 0 0 0 0 0 1 1 1 1 1 0 1 1 1 0 0 0 1 1 0 1 1 0
 1 0 1 0 1 0 1 0 0 0 0 1 1 1 1 0 0 0 0 0 1 1 0 0 1 1 1 0 0 1 1 1 1 1 1 1 1
 0 0 1 0 0 1 0 0 1 1 0 0 0 1 0 0 0 0 0 1 1 0 0 0 0 1 0 1 0 0 0 0 1 0 0 1 0
 0 0 0 0 0 1 0 1 0 1 0 0 0 0 1 0 0 0 0 0 1 0 0 0 1 1 0 1 0 0 1 0 0 1 0 0 0
 0 1 1 1 0 0 0 0 1 1 0 1 1 0 1 1 1 0 0 1 0 1 1 1 0 0 1 0 1 1 0 0 1 1 0 0 0
 0 0 1 1 1 0 1 1 0 1 1 0 1 0 1 1 1 0 1 0 0 1 0 0 1 0 0 1 0 1 0 1 1 1 0 0 0
 1 1 0 1 1 0 1 1 0 0 1 1 1 0 0 1 1 1 1 0 1 1 0 1 0 0 0 0 1 1 0 0 0 1 0 1 0
 1 0 1 0 1 0 0 0 0 0 1 0 1 0 0 0 1 0 1 1 1 1 1 0 1 1 1 1 0 0 1 0 0 1 0 1 0
 1 1 1 1 1 1 0 0 0 1 0 0 0 1 0 1 0 1 1 1 1 1 0 1 0 1 0 0 0 0 0 1 1 1 0 1 1
 1 0 0 0 0 1 1 1 1 0 0 0 1 0 0 0 0 1 1 1 1 1 0 0 0 0 0 0 0 1 1 1 0 0 1 0 1
 0 0 0 0 1 1 0 1 1 0 1 1 0 1 1 1 1 1 1 1 1 1 0 1 1 0 1 0 0 0 0 1 0 1 0 0 0
 0 0 0 0 0 1 0 1 1 0 0 1 1 0 0 0 1 1 1 0 0 0 1 1 0 0 1 1 1 1 1 0 0 0 0 1 0
 1 1 1 1 1 1 0 1 1 1 1 0 0 1 0 0 0 1 0 0 0 1 0 1 0 1 1 0 1 1 0 0 0 0 0 1 0
 0 0 1 1 0 1 0 1 0 0 0 0 0 1 1 0 1 1 0 1 1 1 1 0 1 1 0 1 0 1 1 0 0 1 1 0 1
 0 1 1 1 0 0 1 0 1 1 0 1 1 0 0 1 1 0 0 0 1 0 0 0 1 0 0 1 0 1 1 1 1 0 1 0 1
 1 0 1 0 1 0 0 1 0 0 0 0 1 1 1 0 1 0 0 0 0 1 1 1 1 1 0 0 1 1 1 0 0 1 0 0 1
 0 0 0 1 1 0 0 0 0 1 0 0 1 0 1 0 0 1 0 0 1 0 1]