[[47 53]
 [44 56]]
              precision    recall  f1-score   support

           0       0.52      0.47      0.49       100
           1       0.51      0.56      0.54       100

    accuracy                           0.52       200
   macro avg       0.52      0.52      0.51       200
weighted avg       0.52      0.52      0.51       200

[1 0 1 1 0 1 1 0 1 1 1 1 1 0 1 1 0 0 1 1 1 1 1 1 1 1 0 1 1 1 0 1 0 1 0 1 1
 1 1 0 0 1 1 0 0 0 0 0 0 0 0 1 1 1 1 1 0 1 1 1 0 0 1 0 1 1 1 0 0 0 0 0 1 0
 0 0 0 0 0 0 0 0 1 0 1 1 0 1 0 1 0 1 0 0 1 1 0 0 1 1 0 0 0 0 0 1 1 1 1 1 1
 0 1 0 0 1 1 0 0 0 0 0 1 1 1 0 0 0 1 1 1 1 1 0 1 1 1 0 1 1 1 0 0 0 1 1 1 0
 1 1 1 0 1 0 1 0 1 0 0 0 0 0 0 0 1 1 0 0 1 1 1 0 0 0 0 0 1 1 1 1 1 1 1 1 0
 1 1 1 1 1 0 1 0 1 1 1 1 0 0 0]