[[48 45]
 [58 49]]
              precision    recall  f1-score   support

           0       0.45      0.52      0.48        93
           1       0.52      0.46      0.49       107

    accuracy                           0.48       200
   macro avg       0.49      0.49      0.48       200
weighted avg       0.49      0.48      0.49       200

[1 0 0 1 0 0 1 0 1 0 1 0 0 1 0 0 0 1 1 0 1 1 1 0 1 0 1 1 1 1 1 0 1 0 0 0 0
 0 1 0 0 1 1 0 1 1 0 1 1 0 0 0 0 0 0 1 0 0 1 0 0 0 1 1 0 0 0 0 0 0 1 1 0 1
 0 0 0 0 0 0 1 1 0 1 1 1 1 0 0 1 1 1 1 0 0 1 0 1 1 0 1 1 1 1 1 0 1 1 1 1 0
 1 1 1 0 1 0 0 1 1 0 0 0 0 0 0 1 1 1 1 1 0 1 1 1 0 0 1 1 1 0 0 1 1 0 1 0 1
 1 1 1 1 0 0 1 0 0 0 0 1 0 0 0 1 1 1 1 0 0 0 1 0 0 1 0 1 1 0 0 1 1 0 0 0 0
 0 0 0 0 1 0 0 0 0 0 1 1 0 0 0]