[[44 60]
 [51 45]]
              precision    recall  f1-score   support

           0       0.46      0.42      0.44       104
           1       0.43      0.47      0.45        96

    accuracy                           0.45       200
   macro avg       0.45      0.45      0.44       200
weighted avg       0.45      0.45      0.44       200

[0 1 1 1 0 0 0 0 0 1 1 0 1 0 1 0 1 0 1 1 1 0 1 0 0 0 0 0 1 0 1 0 0 0 1 0 0
 0 1 1 0 0 0 1 0 0 1 1 0 0 0 0 1 0 0 0 1 1 1 0 1 1 0 0 0 1 0 1 1 1 1 1 0 1
 0 1 0 1 0 0 0 1 1 0 0 1 0 0 1 0 1 0 1 0 0 1 1 0 1 1 1 1 1 1 1 1 1 0 1 0 0
 0 1 0 1 1 1 1 1 0 0 0 1 1 0 1 0 1 1 0 1 1 1 1 1 1 1 0 0 0 0 1 1 0 1 1 1 0
 1 1 1 1 1 0 0 0 0 1 1 1 0 0 1 1 1 1 1 1 1 0 0 0 0 0 1 0 1 0 0 1 0 1 0 1 0
 0 1 0 1 1 0 0 0 1 1 1 1 1 0 1]