[[50 56]
 [48 46]]
              precision    recall  f1-score   support

           0       0.51      0.47      0.49       106
           1       0.45      0.49      0.47        94

    accuracy                           0.48       200
   macro avg       0.48      0.48      0.48       200
weighted avg       0.48      0.48      0.48       200

[1 0 1 1 1 1 1 0 1 0 0 0 1 0 0 0 0 0 1 1 1 0 1 1 1 1 0 0 0 0 0 0 1 1 1 0 0
 0 1 1 1 0 0 1 1 0 1 0 1 1 1 1 1 1 0 0 1 1 1 1 1 0 1 0 0 1 1 0 1 1 1 0 0 0
 0 1 1 1 0 1 0 1 1 0 0 0 1 0 1 0 1 0 0 1 0 0 0 0 1 1 1 1 1 0 1 0 0 0 1 0 0
 1 0 1 1 1 0 1 0 1 0 1 1 0 0 0 1 1 0 0 1 1 1 1 0 0 1 0 1 0 0 1 1 1 0 0 1 1
 0 1 0 0 1 0 1 1 0 0 0 1 0 0 1 0 0 1 0 0 1 0 1 0 1 0 0 1 1 0 1 0 1 1 1 0 0
 0 0 0 1 0 0 1 0 1 1 0 1 1 0 1]