[[52 39]
 [56 53]]
              precision    recall  f1-score   support

           0       0.48      0.57      0.52        91
           1       0.58      0.49      0.53       109

    accuracy                           0.53       200
   macro avg       0.53      0.53      0.52       200
weighted avg       0.53      0.53      0.53       200

[0 0 1 1 0 0 1 1 1 0 1 0 0 1 0 0 0 1 1 0 1 0 0 1 0 1 1 0 1 1 0 1 0 1 0 0 0
 1 1 1 0 1 0 0 1 1 0 0 0 0 0 1 0 0 0 1 0 0 1 1 0 0 1 1 0 0 1 1 0 1 0 0 0 0
 0 0 1 0 1 0 1 0 1 0 1 1 1 0 1 1 0 0 0 1 1 0 0 0 0 1 0 1 0 0 0 1 0 0 1 1 1
 1 0 1 0 1 1 0 1 0 1 1 0 0 0 0 0 0 1 0 1 0 0 0 0 1 0 1 1 1 1 0 0 0 0 1 0 1
 0 1 0 0 0 0 1 1 0 1 1 0 0 0 0 1 1 0 1 0 1 0 0 0 1 1 0 1 0 1 1 0 1 1 1 1 0
 1 1 1 1 1 0 1 1 1 0 0 0 0 1 0]