[[39 57]
 [60 44]]
              precision    recall  f1-score   support

           0       0.39      0.41      0.40        96
           1       0.44      0.42      0.43       104

    accuracy                           0.41       200
   macro avg       0.41      0.41      0.41       200
weighted avg       0.42      0.41      0.42       200

[0 1 0 0 0 0 1 0 1 0 0 0 0 0 0 0 0 0 0 0 1 1 1 0 1 0 0 0 0 1 1 1 1 0 1 1 1
 0 0 1 1 1 1 1 1 1 0 1 0 0 1 1 1 1 1 0 1 1 1 0 1 1 1 1 0 0 1 0 0 1 1 0 1 0
 0 1 1 1 0 1 0 1 0 1 1 0 0 0 0 0 0 0 1 0 0 1 1 0 1 0 1 0 1 0 1 1 1 0 0 1 1
 0 1 1 1 0 1 1 0 1 1 0 1 0 0 1 1 0 0 0 0 0 1 0 1 0 0 0 0 1 1 1 0 0 0 1 1 0
 1 0 1 0 0 1 0 0 1 1 0 1 1 0 0 0 0 0 1 1 1 1 1 1 0 1 1 0 1 1 1 1 0 0 1 1 0
 0 0 0 0 1 1 1 0 0 1 0 1 1 0 1]