[[47 41]
 [60 52]]
              precision    recall  f1-score   support

           0       0.44      0.53      0.48        88
           1       0.56      0.46      0.51       112

    accuracy                           0.49       200
   macro avg       0.50      0.50      0.49       200
weighted avg       0.51      0.49      0.50       200

[1 1 0 1 1 0 1 1 0 1 0 1 0 0 0 1 1 1 0 1 0 1 0 0 0 0 1 0 1 0 0 1 1 0 1 0 0
 1 0 0 0 0 0 0 1 1 0 1 1 0 1 0 0 1 1 0 0 0 1 1 1 1 1 0 1 1 1 1 0 0 0 0 1 1
 0 1 1 0 1 1 0 0 1 1 0 0 0 1 0 1 1 1 0 1 0 1 0 0 0 0 0 1 0 1 0 1 0 1 0 0 0
 0 0 0 0 1 0 1 0 1 0 0 0 1 0 0 0 1 1 1 1 1 0 1 0 1 0 1 0 1 0 0 0 0 1 0 0 0
 0 0 1 0 1 0 0 0 1 1 1 1 0 0 1 0 1 0 1 0 0 0 1 1 0 1 0 0 1 1 1 1 1 0 1 1 1
 1 1 0 0 0 0 0 1 0 0 1 0 1 1 0]