[[54 51]
 [55 40]]
              precision    recall  f1-score   support

           0       0.50      0.51      0.50       105
           1       0.44      0.42      0.43        95

    accuracy                           0.47       200
   macro avg       0.47      0.47      0.47       200
weighted avg       0.47      0.47      0.47       200

[0 1 0 0 1 0 0 0 0 1 0 0 1 0 0 1 0 0 0 1 0 1 1 0 1 1 1 0 1 0 1 0 0 0 1 0 0
 0 0 0 0 0 0 1 1 0 0 0 0 1 0 1 0 1 0 1 0 1 1 0 0 1 0 0 0 0 1 1 0 0 0 1 1 1
 0 1 1 0 1 0 0 0 0 0 0 1 1 0 0 1 1 0 0 1 0 0 0 1 1 0 1 0 1 0 1 0 0 0 1 1 0
 1 1 0 1 1 0 0 0 0 0 1 0 0 0 0 1 0 0 1 0 1 1 0 1 1 0 1 1 0 1 0 1 1 0 1 1 1
 1 1 0 1 1 0 0 0 0 1 1 0 1 0 1 1 0 1 0 0 1 1 0 0 0 1 1 1 1 1 0 0 1 0 1 1 0
 1 0 0 0 0 1 1 1 1 1 1 0 1 0 1]