[[50 53]
 [53 44]]
              precision    recall  f1-score   support

           0       0.49      0.49      0.49       103
           1       0.45      0.45      0.45        97

    accuracy                           0.47       200
   macro avg       0.47      0.47      0.47       200
weighted avg       0.47      0.47      0.47       200

[1 1 1 0 1 1 1 0 0 0 1 1 1 1 0 1 1 1 0 1 0 1 0 0 0 0 1 0 1 1 0 0 0 0 1 0 0
 1 1 0 1 1 0 1 1 1 0 1 1 0 0 1 1 0 1 0 0 1 0 0 0 0 1 0 0 0 1 1 0 0 0 1 0 1
 1 1 1 0 0 1 0 1 1 1 1 1 0 1 0 1 0 0 0 1 1 1 0 0 0 0 1 0 0 1 1 0 0 0 0 1 0
 0 0 1 0 1 0 0 0 1 1 0 0 0 1 1 0 0 1 1 1 0 0 0 0 1 1 0 0 0 0 0 1 1 0 1 1 1
 0 1 1 1 1 0 1 0 0 0 1 0 0 1 1 1 0 0 0 0 0 0 1 0 1 0 0 1 0 1 1 1 1 1 0 1 1
 1 1 1 1 1 1 0 0 0 0 0 0 0 0 1]