[[  9   7]
 [455 429]]
              precision    recall  f1-score   support

           0       0.02      0.56      0.04        16
           1       0.98      0.49      0.65       884

    accuracy                           0.49       900
   macro avg       0.50      0.52      0.34       900
weighted avg       0.97      0.49      0.64       900

[0 0 0 1 0 0 0 1 1 1 1 1 0 1 0 0 1 1 1 0 0 1 0 0 0 0 0 0 1 0 0 1 0 1 1 1 0
 1 0 1 1 1 0 1 0 1 0 0 1 0 1 1 0 0 1 1 0 1 0 0 1 1 0 1 1 1 1 1 1 1 1 0 0 1
 0 1 1 0 0 0 0 1 1 0 0 1 1 0 0 0 1 1 1 1 0 0 0 1 1 0 1 0 1 0 1 1 0 1 0 0 1
 0 0 0 0 0 1 0 0 0 1 1 0 0 1 0 0 1 0 0 0 1 0 1 0 1 1 0 0 0 1 1 1 1 0 0 1 0
 1 1 0 0 1 1 1 0 1 0 1 1 0 1 1 1 0 1 1 0 0 0 1 1 1 1 1 1 0 0 1 1 1 1 0 1 0
 0 0 0 0 1 1 0 1 1 0 0 1 1 1 0 1 1 0 0 0 0 0 0 1 1 0 1 0 1 0 0 1 0 1 0 0 1
 0 0 0 0 1 1 0 0 1 0 0 0 1 1 1 1 0 1 0 1 1 1 1 0 0 0 0 1 1 1 1 1 1 0 0 1 1
 0 1 0 0 0 0 0 1 0 0 0 1 0 1 0 0 0 0 0 0 1 1 1 1 1 1 0 0 1 1 0 0 1 0 0 0 1
 1 0 0 0 0 0 1 1 0 1 0 1 1 0 0 0 0 0 0 1 0 1 0 0 1 0 0 1 1 1 1 1 0 1 1 1 1
 0 0 0 0 1 0 0 0 1 1 0 0 0 0 0 0 1 1 1 0 0 1 0 0 0 1 0 0 0 0 0 0 0 0 1 0 0
 1 1 1 1 1 0 1 1 0 1 0 1 0 1 0 1 1 1 1 1 0 1 0 1 1 1 0 1 0 1 0 1 1 0 1 1 1
 0 0 1 0 1 1 0 1 1 0 0 1 1 1 1 1 0 0 1 0 1 0 0 1 1 1 1 1 0 0 0 1 0 0 1 0 1
 0 0 1 0 0 1 0 0 0 1 0 0 0 0 0 1 1 1 1 1 0 1 1 0 0 1 0 0 1 1 0 1 1 1 1 1 1
 0 0 0 1 0 0 0 1 1 0 1 1 1 1 0 1 0 0 0 1 0 1 1 1 1 1 0 0 1 1 0 1 1 1 1 0 1
 0 0 1 0 0 1 0 0 0 1 1 1 1 0 0 0 1 1 0 1 0 0 1 1 1 0 1 0 1 0 1 1 0 0 1 1 1
 0 0 1 0 1 0 0 0 0 1 0 1 0 0 1 1 1 0 0 1 1 1 1 1 1 0 1 0 0 0 0 0 0 0 1 1 0
 1 1 1 0 0 1 0 1 1 0 0 1 1 1 1 0 1 0 0 0 0 1 1 0 0 0 1 1 0 0 0 1 0 1 0 0 0
 1 1 0 1 1 1 1 0 1 0 1 0 0 0 1 1 0 1 0 0 1 1 1 0 1 1 0 1 1 0 1 1 0 0 1 0 0
 1 0 0 1 1 0 1 0 1 1 0 0 1 0 0 1 1 0 1 0 0 0 0 1 0 0 0 1 0 1 0 0 1 0 1 0 0
 0 1 0 1 1 1 0 1 0 0 1 0 0 1 0 1 1 0 0 0 0 0 0 1 0 0 0 1 1 0 0 0 0 1 1 0 0
 1 1 0 1 1 0 0 1 0 1 1 0 0 0 0 1 1 1 0 1 1 0 1 1 0 1 1 1 1 0 1 1 1 0 0 1 1
 0 0 1 1 1 1 0 1 0 1 0 0 0 0 1 0 0 1 1 1 1 0 0 1 0 0 1 0 0 0 0 0 1 1 1 0 0
 0 0 1 0 0 1 1 0 0 1 0 0 1 0 1 1 0 1 0 0 1 1 0 0 0 0 1 0 1 0 0 0 1 0 0 0 0
 0 1 0 0 0 1 0 0 1 1 0 1 0 1 1 1 0 1 1 1 1 0 1 0 0 0 0 1 0 0 0 0 0 1 1 0 0
 0 1 1 1 0 1 1 1 0 0 1 1]