[[  0   0]
 [468 432]]
              precision    recall  f1-score   support

           0       0.00      0.00      0.00         0
           1       1.00      0.48      0.65       900

    accuracy                           0.48       900
   macro avg       0.50      0.24      0.32       900
weighted avg       1.00      0.48      0.65       900

[0 1 1 1 1 0 0 0 1 1 0 0 0 1 1 0 0 0 1 0 0 1 1 0 0 0 0 0 0 1 0 1 1 0 0 0 1
 0 0 1 0 0 1 1 1 0 0 1 0 1 1 1 1 0 1 0 0 1 0 1 0 0 1 0 1 0 1 1 0 0 1 0 0 1
 1 1 0 0 1 1 1 1 1 0 0 0 0 1 1 0 1 0 0 0 1 0 1 0 0 1 0 0 0 1 1 1 0 1 1 1 1
 1 0 1 1 1 0 1 0 1 1 0 0 1 0 0 0 0 1 1 1 1 0 0 0 1 0 1 0 1 0 0 0 1 1 0 1 0
 1 0 0 0 0 0 1 1 0 1 1 1 1 0 0 1 0 1 0 1 1 1 1 0 0 0 1 0 0 0 0 1 0 1 1 0 1
 0 0 0 0 1 1 0 0 1 0 1 0 1 1 1 0 0 1 0 0 0 1 1 1 0 0 1 1 1 0 0 0 0 0 1 1 0
 0 1 1 1 1 0 1 1 1 1 0 0 0 0 1 1 0 1 1 1 0 0 0 0 0 0 1 0 1 1 1 1 1 1 1 1 0
 1 0 0 0 1 0 0 1 0 0 0 1 0 0 0 1 0 0 0 1 1 0 1 1 1 1 0 0 1 1 1 1 1 0 0 0 0
 0 0 0 0 1 0 0 0 0 1 1 0 0 1 1 0 1 1 0 1 1 1 0 1 1 0 0 1 0 1 0 0 1 0 0 1 0
 0 0 0 0 1 0 1 1 1 1 0 0 0 1 1 0 0 0 1 0 1 0 0 0 0 1 0 0 1 1 1 0 0 0 1 1 0
 1 0 1 1 0 0 1 1 0 1 1 0 0 1 0 0 1 0 1 0 0 1 1 1 1 0 0 1 0 1 1 1 0 1 1 0 0
 1 1 1 1 1 1 1 0 1 0 0 0 1 0 1 0 0 0 1 0 1 1 1 0 0 0 1 0 1 0 1 1 1 1 1 0 0
 0 0 0 0 0 0 0 1 1 0 1 0 1 1 1 1 1 1 0 1 0 1 1 0 0 0 1 0 1 1 0 1 1 1 0 0 0
 1 0 1 0 1 0 0 1 0 0 0 1 0 0 0 1 1 0 0 0 0 1 1 1 0 1 0 0 0 0 1 0 0 1 1 0 1
 1 0 1 1 0 0 0 0 1 1 1 1 1 0 0 1 0 1 0 1 0 0 0 1 0 0 0 0 0 0 0 0 0 1 0 1 0
 1 1 0 0 0 0 0 1 1 1 0 0 1 1 0 1 1 1 0 1 0 1 1 0 0 0 0 1 1 1 1 0 0 0 1 1 1
 1 0 1 1 0 0 1 0 1 1 0 1 0 1 0 1 0 0 0 0 1 1 0 1 1 1 1 1 0 0 0 1 1 0 0 1 0
 1 1 1 0 1 0 1 0 1 1 1 1 0 1 1 0 0 0 0 1 0 1 0 0 0 0 0 0 1 0 0 1 1 1 0 0 1
 0 1 0 1 0 1 1 1 1 1 0 1 1 0 1 0 1 0 1 1 1 1 1 0 0 1 0 0 0 1 1 1 1 1 1 1 1
 0 1 0 0 0 1 0 1 1 1 0 1 1 0 1 1 0 1 0 0 1 0 1 1 1 1 1 0 0 0 0 1 1 0 0 0 0
 0 1 1 0 1 0 0 1 1 1 1 0 0 0 0 0 1 0 0 0 0 0 0 1 0 0 0 0 0 0 0 1 1 0 1 1 1
 0 1 1 1 1 1 1 0 0 0 0 0 1 1 0 1 1 0 0 0 1 1 1 0 1 0 0 0 1 0 0 0 0 1 0 1 1
 1 1 1 0 1 0 0 0 1 0 0 0 0 0 1 1 0 1 1 0 0 0 0 1 1 1 0 0 1 1 1 0 1 1 0 1 1
 0 0 0 0 0 0 1 1 0 0 0 1 0 0 0 0 0 0 1 0 0 0 0 1 0 1 1 0 1 1 0 1 0 0 0 0 1
 1 1 1 0 1 0 1 0 1 0 1 1]