[[394 498]
 [522 586]]
              precision    recall  f1-score   support

           0       0.43      0.44      0.44       892
           1       0.54      0.53      0.53      1108

    accuracy                           0.49      2000
   macro avg       0.49      0.49      0.49      2000
weighted avg       0.49      0.49      0.49      2000

[0 0 1 0 1 1 1 1 1 1 0 1 1 0 1 0 1 1 1 1 1 1 0 0 0 0 1 0 0 1 1 0 1 1 0 0 0
 0 0 0 1 1 1 0 1 0 0 1 1 1 0 1 0 0 1 0 1 1 0 1 1 0 0 1 1 0 0 1 1 0 0 1 0 1
 0 0 1 1 0 1 0 0 0 1 0 1 0 0 1 0 0 1 0 0 0 1 1 1 0 1 0 0 1 1 0 1 1 0 1 1 1
 0 1 0 1 1 0 0 0 1 1 1 0 1 0 0 0 1 0 0 1 1 1 1 1 1 0 1 1 1 0 0 1 1 0 0 0 0
 0 1 1 1 1 0 1 1 1 1 1 0 0 1 1 0 0 0 1 1 0 1 1 0 0 1 1 1 1 1 0 1 0 1 0 1 0
 1 0 0 0 1 0 1 1 1 0 0 1 1 1 0 1 0 0 1 1 1 0 1 0 0 1 0 0 0 0 1 1 1 1 0 0 1
 0 0 1 1 0 1 1 0 1 0 0 1 0 0 0 0 0 0 1 1 1 1 1 0 0 1 1 1 1 1 1 1 0 0 0 0 0
 0 1 0 1 0 0 1 1 1 0 0 0 1 1 0 0 0 1 0 1 0 1 0 1 1 0 0 1 1 1 0 1 0 0 0 0 1
 1 1 0 0 0 0 0 1 0 1 1 1 1 0 1 1 1 1 0 0 1 0 0 0 1 0 1 1 1 1 0 1 0 0 0 1 1
 0 0 0 1 1 0 1 1 1 1 0 0 1 0 0 0 1 0 0 1 0 1 0 1 0 1 0 1 0 1 0 0 1 1 0 1 0
 1 1 0 0 1 0 0 0 0 0 0 0 1 1 1 0 1 0 0 1 0 0 1 1 1 1 1 1 1 0 0 0 1 0 0 1 0
 0 1 1 0 1 1 1 0 1 1 1 1 1 0 1 1 0 1 0 0 1 0 0 0 1 1 1 0 1 1 1 0 1 1 1 0 0
 0 1 1 1 1 0 1 1 0 1 1 1 0 1 1 1 1 0 1 1 1 0 1 0 1 0 0 1 1 1 1 1 0 0 0 1 0
 1 0 1 1 0 1 1 1 1 0 1 1 0 0 1 0 0 0 0 0 1 0 0 0 1 1 1 0 0 1 1 1 1 1 1 1 0
 0 0 0 1 1 1 0 1 0 1 1 0 1 1 1 0 1 0 0 1 0 0 1 1 1 0 1 1 1 1 1 1 0 1 1 0 0
 0 1 1 0 1 1 1 1 1 1 1 1 0 1 1 0 0 0 1 1 0 1 1 0 1 1 1 0 1 1 1 1 1 1 1 1 0
 1 1 1 0 1 0 1 1 0 0 1 1 1 0 1 1 0 1 1 0 1 1 0 1 1 0 1 0 1 1 1 0 1 1 1 0 0
 1 0 1 1 1 1 0 0 0 1 0 1 1 0 0 0 0 0 1 1 1 0 1 1 1 0 0 0 1 0 1 0 1 0 0 0 1
 1 1 1 0 0 0 0 0 1 0 1 1 0 0 0 0 1 1 0 1 1 1 1 1 1 1 1 1 0 0 1 0 0 1 1 1 1
 0 0 0 0 0 1 1 0 0 1 1 1 0 1 0 0 1 0 0 1 0 1 1 1 1 0 0 1 0 0 1 1 1 0 1 0 1
 1 0 1 0 1 1 1 0 0 1 0 1 1 1 1 0 0 1 1 1 0 1 1 0 0 1 1 0 1 1 1 1 1 1 0 1 0
 1 0 0 1 1 0 0 1 1 1 0 1 0 0 1 1 0 1 0 1 1 1 0 0 0 0 0 0 0 1 0 0 1 0 1 1 1
 1 1 0 1 0 0 0 0 1 1 1 0 1 1 0 0 1 0 0 0 0 1 1 1 1 0 1 0 0 0 1 0 0 1 0 0 0
 0 1 1 0 0 0 0 1 0 0 0 1 1 0 0 0 1 1 0 0 1 0 1 0 0 1 0 0 1 0 0 0 1 1 0 1 0
 0 0 1 0 1 1 0 0 0 1 1 1 1 0 1 1 1 0 1 1 1 0 1 0 1 1 0 1 0 1 1 1 1 0 1 0 1
 0 1 1 0 0 1 0 1 0 0 1 0 0 1 1 0 0 0 0 0 0 0 1 1 1 0 0 1 1 1 1 0 0 0 0 0 1
 1 1 0 1 1 1 1 1 0 0 0 1 0 1 1 0 1 1 1 0 1 1 0 0 0 1 1 1 0 1 1 0 1 0 1 1 1
 0 0 0 1 0 1 1 1 0 0 1 1 0 1 1 1 0 0 0 1 1 0 0 1 1 0 1 1 0 0 0 0 0 1 1 1 1
 0 1 1 1 0 1 0 1 0 1 1 1 1 1 0 1 1 1 0 0 0 1 1 0 0 1 0 0 0 0 0 0 1 1 1 1 1
 0 0 0 1 0 1 0 1 1 1 0 1 1 1 0 0 1 0 1 1 1 1 0 0 1 0 0 0 0 0 0 0 0 1 1 1 1
 1 1 0 1 0 1 1 1 1 1 0 0 1 0 0 1 0 1 0 1 0 1 1 0 0 1 1 0 1 0 1 0 1 0 1 0 0
 0 0 1 0 1 0 1 1 1 1 1 1 1 0 0 1 0 1 0 1 0 0 0 0 0 1 1 0 1 1 1 1 0 0 1 0 1
 0 0 0 0 1 0 0 1 1 1 1 0 1 1 1 1 0 1 1 0 1 1 1 1 1 0 0 1 0 0 1 0 0 1 1 0 1
 0 1 1 1 0 1 0 1 0 1 0 0 1 0 0 1 0 1 1 1 1 1 1 0 0 0 0 1 0 0 1 1 0 1 0 0 1
 1 1 0 1 0 0 0 1 0 0 0 1 0 1 1 1 1 0 1 1 0 0 1 1 1 1 1 0 0 1 0 1 1 0 1 0 1
 1 0 0 1 0 1 0 0 1 0 0 1 0 0 1 1 1 0 1 0 0 1 1 1 1 1 0 0 0 1 0 0 1 0 0 0 0
 0 1 0 0 1 1 0 0 1 0 0 1 0 0 1 1 1 1 0 1 0 1 0 0 0 0 1 0 0 0 0 1 0 0 1 1 1
 0 1 1 1 1 0 0 1 1 1 1 0 1 1 1 0 0 0 1 0 0 1 0 0 1 1 1 0 0 1 1 1 1 1 1 1 0
 1 0 0 1 1 0 1 0 1 1 1 0 0 1 0 0 0 0 1 1 1 1 1 0 0 1 1 1 0 0 1 1 1 1 1 0 0
 0 0 0 1 0 1 1 0 1 0 0 0 0 0 1 1 0 1 0 1 1 0 1 0 1 0 0 0 0 0 1 0 1 1 0 1 0
 1 1 1 1 1 0 1 1 0 0 0 0 0 0 0 0 0 0 1 1 0 0 0 0 1 0 1 1 1 0 1 0 0 0 0 1 1
 1 1 0 1 0 1 0 0 1 1 0 1 0 1 1 1 0 1 1 0 1 1 0 1 1 0 1 0 1 0 1 0 1 1 1 1 0
 0 0 0 0 1 1 1 1 0 0 1 1 0 1 1 0 1 1 0 0 1 1 1 1 0 1 1 1 1 1 0 0 1 1 1 0 0
 1 0 0 0 1 1 0 1 1 0 1 0 1 0 0 1 0 1 1 1 1 0 1 1 1 1 0 1 1 1 0 0 0 1 0 1 1
 0 1 1 1 1 1 0 1 0 1 1 1 0 1 1 0 0 1 0 0 1 0 0 1 1 1 1 1 1 1 0 0 1 1 0 0 1
 1 0 0 1 1 0 1 1 0 1 1 1 1 1 0 0 1 0 0 0 1 0 1 0 1 0 1 1 1 1 0 1 1 1 0 0 1
 0 1 1 0 0 1 1 0 1 1 0 1 0 0 1 1 1 0 1 1 0 1 1 0 0 0 0 1 0 0 1 1 1 1 1 1 1
 0 1 0 1 1 0 1 0 0 1 0 1 1 0 0 0 1 0 0 1 1 0 1 1 1 1 0 1 0 0 0 0 1 0 1 1 0
 0 0 1 0 1 1 1 1 0 0 0 1 1 1 1 1 1 0 0 1 0 1 0 1 1 0 0 1 0 1 1 0 0 1 1 1 1
 1 1 1 0 1 1 1 0 1 1 1 0 1 0 0 0 0 0 0 0 1 0 1 1 0 1 1 0 0 0 0 1 1 0 1 0 0
 0 1 1 0 0 0 1 0 0 1 1 1 0 1 0 1 1 1 1 1 1 0 0 0 1 0 0 0 1 1 1 1 0 0 1 0 0
 0 0 0 0 0 1 1 1 1 0 1 1 0 1 0 0 1 1 1 1 0 1 1 1 0 0 0 1 0 0 0 1 1 0 1 1 1
 0 1 1 1 1 1 0 0 1 1 0 1 1 1 1 0 1 1 1 0 1 1 1 0 1 1 1 1 1 1 0 1 1 1 1 1 0
 1 0 0 1 0 1 0 1 0 0 0 1 0 0 0 0 0 1 1 1 1 1 0 0 0 1 0 0 0 1 0 1 1 1 0 1 1
 1 0]