[[40 54]
 [55 51]]
              precision    recall  f1-score   support

           0       0.42      0.43      0.42        94
           1       0.49      0.48      0.48       106

    accuracy                           0.46       200
   macro avg       0.45      0.45      0.45       200
weighted avg       0.46      0.46      0.46       200

[1 0 0 0 0 1 0 1 1 1 1 1 0 1 1 0 1 0 1 1 1 0 0 0 0 0 1 0 0 0 0 0 1 0 1 1 1
 0 1 0 1 1 0 1 1 0 1 0 1 0 1 0 0 1 0 0 1 0 0 1 0 0 0 1 1 1 1 1 0 1 1 1 0 0
 0 0 0 1 1 1 1 1 0 0 1 1 0 0 1 0 1 0 0 0 1 1 1 0 1 1 1 0 1 1 1 0 0 0 1 0 1
 0 0 1 1 1 0 0 0 0 0 1 0 1 0 0 1 1 0 0 0 0 0 1 1 1 0 1 0 0 1 1 0 1 0 0 1 0
 1 1 1 1 0 1 1 1 1 0 1 1 1 1 1 1 0 1 1 1 0 1 0 0 0 1 0 1 1 0 0 0 1 0 1 1 1
 1 1 1 1 0 0 1 1 0 0 0 1 0 0 1]