[[46 50]
 [57 47]]
              precision    recall  f1-score   support

           0       0.45      0.48      0.46        96
           1       0.48      0.45      0.47       104

    accuracy                           0.47       200
   macro avg       0.47      0.47      0.46       200
weighted avg       0.47      0.47      0.47       200

[0 0 0 1 0 0 1 0 1 0 0 0 1 0 1 0 1 1 1 1 0 0 1 1 0 1 0 0 1 0 1 1 0 1 0 1 1
 1 1 0 1 1 0 1 1 0 1 0 1 1 0 1 0 0 1 1 1 1 0 0 1 0 1 0 1 0 0 1 1 1 0 1 0 1
 0 1 0 0 0 1 0 1 1 1 1 0 0 0 0 1 1 0 1 0 1 1 0 0 1 0 1 0 1 0 1 0 1 0 1 0 1
 0 1 1 1 1 0 0 0 0 1 0 1 0 0 0 0 0 0 1 0 1 0 0 1 1 1 0 0 0 1 0 0 0 0 0 1 1
 0 1 0 1 0 0 0 0 0 0 0 0 1 1 1 0 1 1 0 0 1 1 1 0 1 1 0 1 0 1 0 1 1 1 1 1 0
 0 1 0 0 1 1 1 0 0 0 0 1 0 1 0]