[ 1.89260931e-01  9.35317485e-01  8.46647810e-01  5.18035270e-01
  7.73812049e-01  5.30530287e-01  6.37019111e-01  4.50635310e-01
  5.13743229e-01  7.34627225e-01  7.35249634e-01  3.56131686e-01
 -6.63953093e-02  5.96197763e-01  3.74973979e-01  9.13555702e-01
  1.23315678e-01  7.36863164e-01  5.23965508e-01  5.29544221e-01
  3.91499860e-01  5.89311447e-01  1.40157843e+00  8.31995719e-01
  1.28946368e+00  8.43107081e-01  4.91375294e-01  4.04683549e-01
  7.15137633e-01  4.70301819e-01  6.74045991e-01 -3.78810733e-01
  4.20314705e-01  7.60752572e-01  3.30066496e-01  4.63160190e-02
  4.62344027e-01  4.40024390e-01  2.92098227e-01  4.88900171e-01
  5.28731721e-01  3.96687775e-01  7.26852899e-01  4.51364656e-01
  4.54882880e-01  9.01927469e-01  7.27041717e-01  8.61646002e-01
  9.06446012e-01 -1.19064294e-01  2.73188871e-01  7.60355532e-01
  3.25832206e-01  3.42821435e-01  2.30298564e-01  3.07018764e-01
  9.91121090e-01  1.35557034e-01  3.67693092e-01  6.89231107e-01
  1.33985696e-01  8.63783107e-01  4.57289026e-01 -2.29103003e-02
  7.63406988e-01  5.77301268e-02  6.08267138e-01  7.13796452e-01
  6.91297356e-01  1.03733180e+00  6.83866406e-01  2.46821337e-01
  6.18135890e-01  1.06838295e-01  6.55441650e-01  6.50087479e-01
 -1.21222441e-02  6.46001135e-01  1.06312330e+00  8.59847418e-01
  1.83869613e-01  8.06508158e-01  7.30964871e-01  3.50894375e-01
 -5.33824172e-02  9.06872483e-01  1.10433633e+00  3.17470502e-01
  1.04234193e+00  1.86409876e-01  5.21919924e-01  5.99080637e-01
  1.94422235e-01  9.10184507e-01  8.90057067e-01  2.63079296e-01
 -2.05647048e-01  7.37817395e-01  8.05393768e-01  1.11545134e+00
  1.21282564e-01  6.42988952e-01  1.20218745e-01  5.56986831e-01
  3.74649229e-01  9.24344381e-01 -1.04570161e-01  6.75164512e-01
  7.32315133e-01  4.85048008e-01  3.91096552e-01  7.24600581e-01
  4.25706355e-01  6.91678755e-01  4.02665923e-01  6.06307293e-01
  9.94606075e-01 -1.20723592e-01  4.09359731e-01  3.87907081e-01
  7.81788553e-01  8.22669887e-01  8.37572223e-01  5.99029074e-01
 -1.28643680e-01 -5.87652284e-01  5.59739920e-01  7.24988887e-01
  2.94065534e-01  1.04947761e+00 -1.52006704e-01  6.23007371e-01
  1.32404558e-02  1.10791464e+00 -3.50698531e-02  1.00168114e+00
 -8.35177337e-01  2.06146105e-03  1.46562629e-01  8.47428729e-01
  3.21334793e-01  3.30225357e-01  7.65682170e-01  6.13566597e-01
  1.00215219e+00  7.75135605e-01  1.19967887e+00  2.95012376e-01
  4.50826490e-01  1.08819273e+00 -1.96611797e-01  1.13384727e+00
 -4.57964821e-02  1.13840713e+00  5.64463688e-01  1.87044180e-01
  6.81274317e-01  4.87016597e-01  6.81342576e-01  6.91122306e-01
  5.40312436e-02  2.61980488e-01 -1.23749440e-01  5.24949408e-01
  3.81092714e-01  8.18880548e-01  2.10441371e-01 -6.07704411e-02
  5.79040491e-01  4.83431981e-01  3.11204799e-01  6.53959221e-01
  4.77230437e-01  6.98214780e-01  8.18731116e-01  9.92671646e-01
  8.87265983e-01  3.69130888e-01  1.01831081e+00  3.56736212e-01
  1.17086582e+00  1.30727943e-01  8.48355316e-01  3.97641550e-01
  4.54108862e-01  8.84087290e-01  1.10802438e+00  7.35205680e-01
  1.04919311e+00  8.28347698e-01  5.24769944e-01  7.43658538e-01
  5.75045516e-01  3.89017935e-01  7.95742275e-01  1.25740181e+00
  7.71830637e-01  7.44322903e-01  7.25351529e-01  8.07687489e-01
  7.04717409e-01  8.79373490e-01  5.93863674e-01  4.37487558e-01
  1.23322877e+00  1.54197672e-01  1.08904310e-01  7.06747769e-01
  7.52842826e-01  6.51657927e-01  5.02608436e-01  7.99945664e-01
  1.17428930e+00  8.06749294e-01  2.55102959e-01 -5.85706204e-01
  2.58019029e-01  1.06520525e+00  7.73848943e-01  7.24550766e-01
 -1.29995729e-01  8.15073084e-01  1.79342807e-01  2.23879207e-01
  2.07486661e-01  5.22742236e-01  7.67428628e-01 -7.14459534e-02
  3.42341924e-01  1.86897151e-01 -6.59834097e-01  1.32154985e+00
  6.17917894e-01  9.01847790e-01  8.07325544e-02  1.23397627e-01
  1.13739758e-01  6.21204750e-01  8.12332274e-01 -2.69379330e-01
  6.04693394e-01 -3.53840229e-02 -4.14461296e-01  8.87249564e-01
 -1.00215214e-01  1.06304031e+00 -4.51523926e-01  2.13453786e-01
  4.06357920e-01 -9.73236527e-01  7.26477088e-01  7.00973617e-01
  1.17924399e+00  1.31821967e-01  7.94764388e-01  6.89201102e-01
  7.89933856e-01  5.27267892e-01  8.22707298e-01  1.06996256e+00
  6.95192494e-01  2.48002877e-01  7.90575561e-01  5.47357616e-01
  2.99496864e-01  2.10291791e-01  9.47472805e-01  8.16468732e-01
  1.11780083e+00  3.44293776e-01  5.82456474e-01  3.85124264e-02
  5.98387652e-01  9.27772330e-01 -4.83796683e-01  3.59449431e-01
  6.61133220e-01  1.16793313e-01  7.12880057e-01  7.88365060e-01
 -1.47353010e-01  6.97895841e-01  9.60993394e-01  1.04041353e+00
  7.88981121e-02  2.13194640e-01  1.18676506e+00  8.77584152e-01
  1.43184811e-01  5.07400516e-01  2.64722915e-01  8.65367963e-01
 -1.62961496e-01  8.59749405e-01  4.75006730e-01  6.27252562e-01
  4.65275384e-01  2.74148325e-01  1.12763604e+00  8.04540316e-01
 -4.11287631e-02  9.40563710e-01  1.30009291e-01  8.42615560e-04
  1.05069797e+00  3.66683583e-01 -2.53828561e-01  6.18883445e-01
  1.02500496e+00  2.72977271e-01  9.36412123e-01  1.16069799e-01
 -1.90109722e-01  8.45400715e-01  2.88729288e-01  8.61918005e-01
  8.54862665e-01  1.30198656e-01  6.57130675e-01 -9.11989507e-02
  6.02235043e-01  8.37778652e-01 -1.83087505e-01  1.05934133e+00
  9.21807287e-02  1.12716197e+00  1.05405968e+00  7.15943986e-02
  5.67766288e-01  7.48028020e-01  8.91714729e-01  1.03380205e+00
  1.36247442e-01  4.95534922e-01  6.20080805e-01  5.69050941e-01
 -6.61903996e-01  6.78226524e-01  6.52320660e-02  2.70684253e-01
 -1.47356136e-02  1.12638521e+00  5.95389886e-01  9.27540162e-01
  6.34776641e-01  6.43553701e-01 -7.62572258e-03  7.71026607e-01
  8.34799741e-01  1.51515785e-01  9.26021383e-01  8.83723206e-01
  3.44173978e-01  7.22625860e-01  5.76583703e-01  5.31785963e-01
  1.06105676e+00  2.00729127e-01  3.86381764e-01  9.91476194e-01
  3.16305698e-01  1.19589675e+00  2.83392357e-01  7.79374626e-01
  6.38067412e-01 -5.48376338e-02  4.81323058e-01 -3.34934244e-01
  1.41382573e-01  6.48689563e-01  7.99297951e-01  7.02350029e-01
  7.66032998e-01  7.94500649e-01 -2.81579271e-01  3.25897157e-01
  2.84054898e-01  6.60347059e-01  5.35767575e-01 -2.88875380e-02
  8.69908523e-01  3.06278306e-01  1.42499323e-01  6.35175519e-01
  6.72791168e-01  3.51527606e-01  6.45121757e-01  8.18079618e-01
  6.80524153e-01  1.03889005e+00  2.70620077e-02  2.87883392e-01
  3.45699655e-01  2.97794992e-01  3.27768870e-01  6.89717356e-01
  4.91979966e-01  4.93532642e-01  4.08488616e-01 -3.13608605e-01
  3.86665540e-01  2.42148883e-01  8.67128056e-01  2.92585783e-01
  1.17968852e+00  2.15505287e-01  7.08179284e-01 -2.43392492e-01
  4.36098676e-01  6.62613314e-01  4.58215661e-02  5.88023955e-01
  9.94488287e-01  2.96108132e-01 -1.04089078e-01  5.05865601e-01
  6.32074902e-01  1.22717504e+00  2.88062019e-01  1.07209278e+00
  6.31711945e-01  1.40419618e-02 -6.16161033e-01  6.96034914e-01
  1.19995314e+00 -5.28938747e-01  6.92700005e-01 -4.11699067e-01
  1.27782665e+00  8.19778598e-01  4.26735256e-01  2.93326562e-01
  3.59013054e-01  5.79695069e-01  2.36937766e-01  5.12445832e-01
  1.69699191e-01  1.85679979e-01  7.26416302e-01  1.04153017e+00
  1.67397290e-01  6.29685137e-01  9.56738373e-01  5.26148902e-01
  1.07949891e-01  1.21835501e+00 -6.37555400e-01  1.13832664e-01
 -9.88803342e-02  7.93760120e-01  7.16761281e-01  9.92136188e-01
 -1.62345838e-01  7.62513002e-01 -2.22119913e-01  7.04904331e-01
  4.24908929e-01  1.25168038e+00  2.19554424e-01  5.82762033e-02
  7.37595761e-01  9.48541926e-01  3.87917995e-02  7.33055411e-01
  8.54688471e-01  8.65455052e-01 -1.90273306e-01  5.78112475e-01
  4.05912347e-01  9.64039804e-01  3.29509053e-01  7.72369294e-01
  6.50188451e-01  8.61215518e-01 -1.15405229e-01  5.19468080e-01
  1.08036674e+00  4.18442367e-01  3.60642190e-01  9.04671306e-01
  7.63849407e-01  7.36436615e-01  6.59458758e-01  1.34583588e-01
 -9.21558856e-02  1.08144538e+00  8.07408157e-01 -7.64553283e-02
  6.45874267e-02  2.48181415e-01  7.99080326e-01  7.20295536e-01
  4.54817422e-01  5.47401459e-01  1.41821309e-01 -2.68938802e-01
  1.04310143e+00 -9.32248517e-03  3.96866746e-01  5.76352604e-01
  4.06738039e-01  6.31840103e-01  7.05781007e-01  1.58216755e-01
  6.20046980e-01 -4.03419731e-02  9.49223062e-01  1.91911379e-01
  1.05582983e+00  3.64526624e-01  1.04520239e+00  2.57965546e-01
  1.62348015e-01 -1.31037165e-01  4.15398581e-01  1.06598733e+00
  4.55244859e-01 -3.17037515e-01  5.46584241e-01  7.12974713e-01
  8.49136301e-01  2.34209373e-01  1.13807338e+00  3.41268023e-01
  1.06151741e+00  6.32493074e-01  1.93860582e-01  8.64876294e-01
 -4.20967724e-02  9.88167849e-01  4.91120217e-01  4.73490759e-01
  6.34769935e-01  6.62926872e-01  2.82465203e-01  3.50047202e-01
  7.04342980e-01  1.03456911e+00  1.28884375e+00  5.75705367e-01
 -2.46009938e-01 -2.06902143e-01 -2.23046565e-01  7.01227198e-01
  3.56016783e-01  9.11440515e-01  1.23592514e+00  5.55661734e-01
  4.95482824e-01 -2.71465730e-01  1.00434784e+00  3.33169809e-02
  1.15771145e-01 -8.55068961e-02  6.51423748e-01  9.78577565e-02
  1.16955319e-01  7.52799333e-01  4.47679412e-01  7.54038568e-01
  2.18831160e-01  1.39860374e-01  1.31733630e-01  5.82702695e-01
  2.36353749e-01  1.01993670e-01  5.53220698e-01 -6.73220670e-01
  3.26584105e-01  5.45428409e-01  4.75146836e-01  2.87213745e-01
  3.78012205e-01  6.91009908e-01  3.27966347e-01  7.69188346e-01
  9.78650417e-01  8.11374545e-01  1.11964950e+00  1.08449475e+00
  6.94926034e-01  7.38588575e-01  7.36830734e-01 -6.39619929e-02
  2.50198291e-01  7.59818910e-01 -5.13391493e-02  9.04917381e-01
  6.92392071e-01  9.63148696e-01  4.21067858e-01  1.75767968e-01
  1.19609465e+00  4.75218277e-01  4.05155475e-01  5.95806938e-01
  7.30201953e-01  7.68790641e-01  5.47244094e-01  1.05326448e+00
  1.10073662e+00  7.57457208e-01  7.21846428e-01  7.18767587e-01
  3.77216064e-01  6.01193570e-01 -2.10614479e-01  8.99313206e-01
  4.57848892e-01  7.17700577e-01  5.48238904e-01  9.44729104e-01
  9.36742419e-01  2.45802136e-01  1.70714572e-01  7.52111238e-01
  5.93125994e-01  5.17754028e-01  1.14411607e+00  1.00889817e+00
  2.71315160e-01  6.76046419e-01  2.61389120e-01  2.85460499e-01
  3.86873985e-01  4.17391798e-01  7.91121805e-01 -1.57403357e-01
 -3.23249318e-02  9.49899760e-01  1.22396031e+00  1.81822413e-01
 -2.23576165e-01  6.79821947e-01  5.11161924e-01  6.63761339e-02
  2.38438793e-01  1.04571956e+00  2.72718421e-01  4.35117114e-01
 -5.89397771e-02  4.59040228e-01  3.85579104e-01  5.81795836e-01
  2.83448020e-01  2.00185607e-01  4.92708335e-01  3.73023340e-01
  1.22613868e-01  2.34496158e-01  8.60603391e-01  2.36693739e-01
  7.82568506e-01  6.59482746e-01  6.95977423e-01 -6.82426519e-01
  2.28719830e-01  6.29222565e-01  2.02238451e-01  1.03661214e+00
  2.45303348e-01  5.05315154e-01  1.37451238e+00  2.43539714e-01
  8.09898185e-01  7.20806792e-01  3.09533643e-01  2.97388812e-01
  6.51542734e-01  6.45345254e-01  6.72059039e-01  4.11566057e-01
  1.44553165e-01  3.47913392e-01  1.14215151e+00  2.83283986e-01
  9.07882449e-01  5.65353975e-01  6.17637086e-01  7.13621829e-01
  5.16001751e-01  3.92425553e-01  6.70326589e-03  1.09383263e+00
  1.86259487e-01  1.22941946e+00  1.02773071e+00 -1.29067767e-03
  1.12131136e-01  3.96086533e-01  4.41129537e-01  6.36381601e-01
  4.04474318e-01  3.22098624e-01  9.16084394e-01  7.60001196e-01
  4.38073130e-01  6.96313176e-01  8.46899761e-01  1.48447897e-01
  6.56301535e-01  5.44774340e-01  1.15605354e+00  6.25517118e-01
  7.92636892e-01  3.55514192e-01 -4.49536284e-01  3.08187021e-01
  4.31355751e-01  6.16740751e-01  7.52263201e-01  9.82206094e-01
  4.14229012e-01  3.65255764e-01  1.01860895e+00  7.52316222e-01
  1.03915441e-01  6.73540509e-01  9.31606850e-01  1.01404032e+00
  3.95649638e-01  5.32671472e-01  2.79959546e-01  3.38866767e-01
 -1.75558768e-01 -1.09184978e-01  7.82211740e-02  4.48412308e-01
 -3.73863626e-02  5.38149635e-01  5.84190398e-01  4.92080160e-01
  1.00748350e+00  2.55997003e-02  8.39323536e-01  3.33009268e-01
  6.62949463e-01 -2.13603292e-01 -3.04036511e-01  4.43656258e-01
 -3.15510567e-01  9.45546845e-01  8.69807073e-01  7.35236718e-01
  3.15080339e-01  1.41410149e+00 -6.68692896e-04  2.16092639e-01
  9.48038512e-01  6.42783163e-01  5.68794964e-01  7.44553940e-01
  4.45897825e-01  9.40521529e-01  9.56430563e-01  6.48523578e-01
  1.22489925e+00  7.74018054e-01 -4.36011734e-02  4.29030946e-01
  1.58155904e-01  8.46029423e-01  6.86071668e-01  8.75811022e-01
  4.63590068e-01  5.81861970e-01 -8.34225498e-01  2.66419752e-01
  5.67086753e-01  1.16093036e+00  7.10540961e-02  1.02597893e+00
  6.35695223e-01  5.73872387e-01  3.66506697e-01  1.00298973e+00
  1.63541429e-01  6.09682367e-01  7.14559253e-01  9.01535132e-01
  7.17126430e-01  2.87070756e-01  5.42030131e-01  6.84627333e-01
  9.96200644e-01  6.33590018e-01  9.25944622e-01 -1.77217906e-01
  5.72324515e-01  8.09246261e-01  2.44588912e-01  1.18981010e+00
  6.52876458e-01  7.33490159e-01  1.12260597e+00  8.34262419e-01
  8.36685542e-01  5.21711849e-01  3.26986621e-01  3.81034417e-01
  1.24528736e+00  2.84509324e-01  6.75553155e-01  3.98551561e-01
  8.08421898e-01  3.55964497e-01  1.10770708e+00  8.47675766e-01
  5.22130246e-01  1.71884826e-01  4.45553677e-01  6.93453340e-01
  3.98386204e-01  5.86803441e-01  4.17673116e-01  7.28744924e-01
  3.55032352e-01 -5.20935319e-01  6.13689123e-01  7.65316071e-01
  9.61225983e-01  3.77949541e-01  5.53660738e-01 -8.01789363e-02
  1.16707268e+00  9.38793645e-01  1.58687246e-01  4.29537939e-01
  7.50169315e-01  1.33514474e+00  4.97104285e-01  7.01424147e-01
  5.24858343e-01  3.94107852e-01  8.82335587e-01  8.20803877e-01
  4.16112499e-01  9.84306643e-01  5.46398206e-01  3.20089888e-01
  7.27279087e-01  7.67678466e-01  7.42359398e-01  7.92664905e-01
  6.20747106e-01  8.24357577e-01  6.98973902e-02  4.09239828e-01
  7.33981051e-01  7.97333200e-01 -9.19379640e-04  1.02092078e+00
  4.50297462e-01  1.12701852e+00  1.11314539e+00  8.31186576e-01
  6.36199898e-01  7.62858252e-01  8.79646159e-01  1.36186211e-01
  6.78347606e-01 -6.12307793e-01  1.67306916e-01  4.14495627e-01
  1.92117226e-01 -4.04308242e-03  7.15224654e-01  3.89615535e-01
  9.76677757e-01  4.57789774e-01  5.17226016e-01  6.44425614e-01
  4.18710929e-01 -1.62767050e-01  2.60404390e-01  7.95239209e-01
  3.29483419e-01  2.45099697e-01 -5.86254132e-01  5.63215797e-01
  1.01219046e+00  5.43049675e-02  9.43729832e-01  2.84263718e-01
  7.83788762e-01  2.71772110e-01  5.11141404e-01  2.28714337e-01
 -1.54053037e-01  5.41644508e-01  1.68719807e-01  9.24786375e-01
 -1.79340938e-01 -1.57660526e-01  6.29117719e-01  8.77315318e-01
  3.32281260e-01  5.81068243e-01  1.65833901e-01  5.34250187e-01
  5.49154563e-01  1.02519470e+00  8.53308293e-01 -4.47309126e-01
  9.11337892e-01  1.04524605e+00  5.50993366e-01  3.86171606e-01
  5.70325010e-01  5.68107697e-01  8.96752178e-02  5.47790400e-01
  5.36518571e-01  6.10170993e-01  1.25418166e+00  9.02627497e-01
  4.17686126e-01  5.69812122e-01  4.85918566e-01  2.55277538e-01
  2.50995070e-01  6.06194085e-01  9.03744628e-01  3.67698181e-01
  5.06568058e-01  3.71875193e-01  1.73812812e-01  7.31429919e-02
  7.48343309e-01  7.01518388e-01  2.11103104e-01  6.16908032e-01
  6.65300168e-01  1.00872457e+00  8.76607503e-01  6.64768330e-01
  7.21671029e-01  5.20496804e-01  1.11529319e+00  3.85783682e-01
  8.69656085e-01  2.78566696e-01  3.33937098e-01  1.16015422e+00
  7.60622754e-02  2.75447233e-01  6.40196047e-01  4.13923812e-01
  5.88330549e-01  9.57361265e-01  5.87623381e-01  2.38714090e-01
  4.87918707e-01  3.65502428e-01  7.15658498e-01  7.34862042e-01
  7.23148357e-02  2.01515419e-01  4.65427097e-01  5.66220743e-01
  1.30148791e+00  7.25040281e-01  5.37512594e-01  5.84890252e-01
  5.65829541e-01  3.64135773e-01 -9.02950290e-02  9.73757298e-01
 -6.97213776e-03  2.39243881e-03  6.35828548e-01 -3.94505547e-02
  6.22888788e-01  7.33494997e-02  7.63586607e-01 -1.76248071e-01
  8.80265166e-01  9.38140695e-01  8.73894352e-01  6.41292962e-01
 -2.00926293e-01  5.68783428e-01  1.14563103e+00  4.10059206e-01
  6.89309824e-01  7.22230712e-01  4.40347964e-01  5.69011505e-01
  2.76741398e-01  1.64398033e-01  2.51368388e-01  9.51251458e-01
  6.48188014e-01  4.04298880e-01  7.35914188e-01  3.57136666e-01
  7.02543079e-01  4.14770461e-01  1.14997698e+00  7.85213725e-01]