[0.         0.         0.         0.0019685  0.0019685  0.00393701
 0.00393701 0.01377953 0.01377953 0.01574803 0.01574803 0.01771654
 0.01771654 0.02165354 0.02165354 0.02362205 0.02362205 0.02559055
 0.02559055 0.03149606 0.03149606 0.03543307 0.03543307 0.03740157
 0.03740157 0.06299213 0.06299213 0.07086614 0.07086614 0.07283465
 0.07283465 0.07677165 0.07677165 0.08267717 0.08267717 0.09251969
 0.09251969 0.09448819 0.09448819 0.1023622  0.1023622  0.10629921
 0.10629921 0.11220472 0.11220472 0.11417323 0.11417323 0.11614173
 0.11614173 0.12795276 0.12795276 0.13188976 0.13188976 0.14173228
 0.14173228 0.14370079 0.14370079 0.1476378  0.1476378  0.15551181
 0.15551181 0.15944882 0.15944882 0.16141732 0.16141732 0.16338583
 0.16338583 0.16535433 0.16535433 0.17125984 0.17125984 0.17322835
 0.17322835 0.17716535 0.17716535 0.18110236 0.18110236 0.18897638
 0.18897638 0.19291339 0.19291339 0.19488189 0.19488189 0.2007874
 0.2007874  0.21259843 0.21259843 0.21456693 0.21456693 0.22637795
 0.22637795 0.22834646 0.22834646 0.23031496 0.23031496 0.23425197
 0.23425197 0.24015748 0.24015748 0.24212598 0.24212598 0.2480315
 0.2480315  0.25787402 0.25787402 0.25984252 0.25984252 0.26377953
 0.26377953 0.26771654 0.26771654 0.26968504 0.26968504 0.27165354
 0.27165354 0.27559055 0.27559055 0.27952756 0.27952756 0.28346457
 0.28346457 0.28543307 0.28543307 0.28937008 0.28937008 0.2992126
 0.2992126  0.30511811 0.30511811 0.30708661 0.30708661 0.30905512
 0.30905512 0.31496063 0.31496063 0.31889764 0.31889764 0.32086614
 0.32086614 0.32480315 0.32480315 0.33070866 0.33070866 0.33267717
 0.33267717 0.33464567 0.33464567 0.34448819 0.34448819 0.34645669
 0.34645669 0.3523622  0.3523622  0.37204724 0.37204724 0.37401575
 0.37401575 0.37795276 0.37795276 0.37992126 0.37992126 0.38188976
 0.38188976 0.38582677 0.38582677 0.38779528 0.38779528 0.38976378
 0.38976378 0.39370079 0.39370079 0.3976378  0.3976378  0.3996063
 0.3996063  0.40748031 0.40748031 0.40944882 0.40944882 0.41338583
 0.41338583 0.41535433 0.41535433 0.41929134 0.41929134 0.42125984
 0.42125984 0.42322835 0.42322835 0.42716535 0.42716535 0.43897638
 0.43897638 0.44291339 0.44291339 0.44685039 0.44685039 0.45275591
 0.45275591 0.45669291 0.45669291 0.45866142 0.45866142 0.46653543
 0.46653543 0.46850394 0.46850394 0.47047244 0.47047244 0.47244094
 0.47244094 0.47440945 0.47440945 0.47834646 0.47834646 0.48818898
 0.48818898 0.49409449 0.49409449 0.4980315  0.4980315  0.5
 0.5        0.50787402 0.50787402 0.52559055 0.52559055 0.53149606
 0.53149606 0.53543307 0.53543307 0.53937008 0.53937008 0.54330709
 0.54330709 0.54527559 0.54527559 0.54724409 0.54724409 0.5511811
 0.5511811  0.56102362 0.56102362 0.56299213 0.56299213 0.56496063
 0.56496063 0.56889764 0.56889764 0.57086614 0.57086614 0.57283465
 0.57283465 0.58661417 0.58661417 0.59055118 0.59055118 0.59251969
 0.59251969 0.59448819 0.59448819 0.5984252  0.5984252  0.60433071
 0.60433071 0.61417323 0.61417323 0.61614173 0.61614173 0.61811024
 0.61811024 0.62401575 0.62401575 0.62598425 0.62598425 0.62795276
 0.62795276 0.63188976 0.63188976 0.63779528 0.63779528 0.63976378
 0.63976378 0.64566929 0.64566929 0.6496063  0.6496063  0.6515748
 0.6515748  0.65354331 0.65354331 0.65551181 0.65551181 0.65748031
 0.65748031 0.66732283 0.66732283 0.67519685 0.67519685 0.67913386
 0.67913386 0.68307087 0.68307087 0.68700787 0.68700787 0.68897638
 0.68897638 0.69094488 0.69094488 0.69291339 0.69291339 0.69488189
 0.69488189 0.6988189  0.6988189  0.7007874  0.7007874  0.70866142
 0.70866142 0.71062992 0.71062992 0.71456693 0.71456693 0.72047244
 0.72047244 0.72244094 0.72244094 0.72440945 0.72440945 0.73228346
 0.73228346 0.73425197 0.73425197 0.73622047 0.73622047 0.73818898
 0.73818898 0.74015748 0.74015748 0.74409449 0.74409449 0.7480315
 0.7480315  0.7519685  0.7519685  0.75787402 0.75787402 0.76181102
 0.76181102 0.76377953 0.76377953 0.76574803 0.76574803 0.78346457
 0.78346457 0.78740157 0.78740157 0.78937008 0.78937008 0.79133858
 0.79133858 0.79330709 0.79330709 0.79527559 0.79527559 0.79724409
 0.79724409 0.7992126  0.7992126  0.8011811  0.8011811  0.80511811
 0.80511811 0.80708661 0.80708661 0.80905512 0.80905512 0.81102362
 0.81102362 0.82480315 0.82480315 0.82677165 0.82677165 0.82874016
 0.82874016 0.83070866 0.83070866 0.83464567 0.83464567 0.84251969
 0.84251969 0.84645669 0.84645669 0.8503937  0.8503937  0.8523622
 0.8523622  0.85629921 0.85629921 0.85826772 0.85826772 0.86417323
 0.86417323 0.86811024 0.86811024 0.87007874 0.87007874 0.87992126
 0.87992126 0.88582677 0.88582677 0.88976378 0.88976378 0.89566929
 0.89566929 0.8976378  0.8976378  0.8996063  0.8996063  0.90354331
 0.90354331 0.90551181 0.90551181 0.90944882 0.90944882 0.91535433
 0.91535433 0.91929134 0.91929134 0.92125984 0.92125984 0.92519685
 0.92519685 0.92716535 0.92716535 0.93110236 0.93110236 0.93307087
 0.93307087 0.93700787 0.93700787 0.94291339 0.94291339 0.94488189
 0.94488189 0.94685039 0.94685039 0.9488189  0.9488189  0.95275591
 0.95275591 0.95472441 0.95472441 0.95866142 0.95866142 0.96062992
 0.96062992 0.96653543 0.96653543 0.96850394 0.96850394 0.97244094
 0.97244094 0.97637795 0.97637795 0.98031496 0.98031496 0.98228346
 0.98228346 0.98425197 0.98425197 0.98622047 0.98622047 0.98818898
 0.98818898 0.99015748 0.99015748 0.99212598 0.99212598 0.99409449
 0.99409449 0.9980315  0.9980315  1.         1.        ]