[ 2.41410149e+00  1.41410149e+00  1.37451238e+00  1.33514474e+00
  1.32154985e+00  1.30148791e+00  1.27782665e+00  1.23592514e+00
  1.23322877e+00  1.22941946e+00  1.22489925e+00  1.22396031e+00
  1.19995314e+00  1.19609465e+00  1.19589675e+00  1.18981010e+00
  1.18676506e+00  1.17968852e+00  1.17924399e+00  1.16707268e+00
  1.16093036e+00  1.15605354e+00  1.14563103e+00  1.14411607e+00
  1.14215151e+00  1.11314539e+00  1.10802438e+00  1.10073662e+00
  1.08819273e+00  1.08449475e+00  1.08036674e+00  1.06996256e+00
  1.06598733e+00  1.06304031e+00  1.06151741e+00  1.05326448e+00
  1.05069797e+00  1.04947761e+00  1.04571956e+00  1.04234193e+00
  1.04153017e+00  1.03889005e+00  1.03733180e+00  1.03380205e+00
  1.02500496e+00  1.02092078e+00  1.01831081e+00  1.01404032e+00
  1.01219046e+00  1.00215219e+00  1.00168114e+00  9.94606075e-01
  9.94488287e-01  9.88167849e-01  9.84306643e-01  9.82206094e-01
  9.78650417e-01  9.73757298e-01  9.64039804e-01  9.57361265e-01
  9.56430563e-01  9.49899760e-01  9.49223062e-01  9.48541926e-01
  9.48038512e-01  9.47472805e-01  9.45546845e-01  9.44729104e-01
  9.43729832e-01  9.38793645e-01  9.38140695e-01  9.36742419e-01
  9.35317485e-01  9.27772330e-01  9.27540162e-01  9.25944622e-01
  9.24786375e-01  9.11440515e-01  9.10184507e-01  9.06872483e-01
  9.06446012e-01  9.04917381e-01  9.03744628e-01  9.01847790e-01
  9.01535132e-01  8.84087290e-01  8.83723206e-01  8.82335587e-01
  8.79646159e-01  8.73894352e-01  8.69908523e-01  8.69807073e-01
  8.69656085e-01  8.67128056e-01  8.64876294e-01  8.61918005e-01
  8.61215518e-01  8.59749405e-01  8.54862665e-01  8.54688471e-01
  8.53308293e-01  8.47675766e-01  8.46899761e-01  8.39323536e-01
  8.37778652e-01  8.37572223e-01  8.36685542e-01  8.34262419e-01
  8.31995719e-01  8.28347698e-01  8.22707298e-01  8.22669887e-01
  8.20803877e-01  8.19778598e-01  8.18880548e-01  8.18079618e-01
  8.16468732e-01  8.12332274e-01  8.09898185e-01  8.08421898e-01
  8.07687489e-01  8.07408157e-01  8.06749294e-01  8.05393768e-01
  8.04540316e-01  7.95742275e-01  7.95239209e-01  7.93760120e-01
  7.92664905e-01  7.92636892e-01  7.91121805e-01  7.90575561e-01
  7.89933856e-01  7.83788762e-01  7.75135605e-01  7.73848943e-01
  7.73812049e-01  7.72369294e-01  7.71026607e-01  7.68790641e-01
  7.66032998e-01  7.63849407e-01  7.60355532e-01  7.60001196e-01
  7.57457208e-01  7.54038568e-01  7.52316222e-01  7.48028020e-01
  7.44553940e-01  7.44322903e-01  7.42359398e-01  7.37595761e-01
  7.36863164e-01  7.33490159e-01  7.33055411e-01  7.32315133e-01
  7.30201953e-01  7.27279087e-01  7.27041717e-01  7.26852899e-01
  7.26416302e-01  7.25351529e-01  7.24988887e-01  7.24550766e-01
  7.22230712e-01  7.21846428e-01  7.20806792e-01  7.20295536e-01
  7.17700577e-01  7.16761281e-01  7.15224654e-01  7.14559253e-01
  7.13621829e-01  7.12974713e-01  7.12880057e-01  7.04904331e-01
  7.04717409e-01  7.04342980e-01  7.02350029e-01  7.01424147e-01
  6.98214780e-01  6.97895841e-01  6.96034914e-01  6.95192494e-01
  6.92700005e-01  6.92392071e-01  6.91678755e-01  6.91297356e-01
  6.91009908e-01  6.89309824e-01  6.86071668e-01  6.79821947e-01
  6.78347606e-01  6.76046419e-01  6.75553155e-01  6.74045991e-01
  6.73540509e-01  6.65300168e-01  6.62949463e-01  6.62613314e-01
  6.61133220e-01  6.60347059e-01  6.59458758e-01  6.53959221e-01
  6.51542734e-01  6.51423748e-01  6.48188014e-01  6.46001135e-01
  6.45121757e-01  6.44425614e-01  6.43553701e-01  6.42988952e-01
  6.42783163e-01  6.40196047e-01  6.35175519e-01  6.32074902e-01
  6.31840103e-01  6.29222565e-01  6.25517118e-01  6.22888788e-01
  6.20080805e-01  6.20046980e-01  6.18883445e-01  6.16908032e-01
  6.13689123e-01  6.01193570e-01  5.95806938e-01  5.93125994e-01
  5.88330549e-01  5.87623381e-01  5.86803441e-01  5.84190398e-01
  5.82702695e-01  5.81861970e-01  5.81795836e-01  5.81068243e-01
  5.79695069e-01  5.79040491e-01  5.78112475e-01  5.76352604e-01
  5.69050941e-01  5.67766288e-01  5.65829541e-01  5.65353975e-01
  5.64463688e-01  5.63215797e-01  5.59739920e-01  5.55661734e-01
  5.50993366e-01  5.49154563e-01  5.47790400e-01  5.47401459e-01
  5.47357616e-01  5.41644508e-01  5.38149635e-01  5.36518571e-01
  5.35767575e-01  5.34250187e-01  5.32671472e-01  5.31785963e-01
  5.28731721e-01  5.26148902e-01  5.23965508e-01  5.21919924e-01
  5.17226016e-01  5.11141404e-01  5.07400516e-01  5.06568058e-01
  5.05865601e-01  5.05315154e-01  4.95482824e-01  4.92080160e-01
  4.91375294e-01  4.91120217e-01  4.88900171e-01  4.87918707e-01
  4.83431981e-01  4.77230437e-01  4.75218277e-01  4.73490759e-01
  4.65427097e-01  4.65275384e-01  4.57289026e-01  4.54817422e-01
  4.54108862e-01  4.50826490e-01  4.50635310e-01  4.50297462e-01
  4.48412308e-01  4.47679412e-01  4.45897825e-01  4.45553677e-01
  4.40024390e-01  4.38073130e-01  4.36098676e-01  4.26735256e-01
  4.18442367e-01  4.16112499e-01  4.14770461e-01  4.14229012e-01
  4.13923812e-01  4.10059206e-01  4.09239828e-01  4.06738039e-01
  4.06357920e-01  4.05912347e-01  4.04474318e-01  4.04298880e-01
  4.02665923e-01  3.98551561e-01  3.96086533e-01  3.95649638e-01
  3.92425553e-01  3.91096552e-01  3.87907081e-01  3.86873985e-01
  3.86665540e-01  3.85579104e-01  3.81034417e-01  3.78012205e-01
  3.77949541e-01  3.74973979e-01  3.74649229e-01  3.69130888e-01
  3.67693092e-01  3.66683583e-01  3.65502428e-01  3.65255764e-01
  3.64526624e-01  3.59013054e-01  3.57136666e-01  3.56736212e-01
  3.56016783e-01  3.55964497e-01  3.51527606e-01  3.50894375e-01
  3.44293776e-01  3.44173978e-01  3.42341924e-01  3.38866767e-01
  3.32281260e-01  3.30066496e-01  3.29483419e-01  3.27768870e-01
  3.26986621e-01  3.25832206e-01  3.06278306e-01  2.97794992e-01
  2.97388812e-01  2.96108132e-01  2.94065534e-01  2.93326562e-01
  2.92585783e-01  2.84263718e-01  2.84054898e-01  2.83392357e-01
  2.78566696e-01  2.76741398e-01  2.73188871e-01  2.72977271e-01
  2.71772110e-01  2.71315160e-01  2.70684253e-01  2.66419752e-01
  2.61389120e-01  2.60404390e-01  2.55277538e-01  2.55102959e-01
  2.50995070e-01  2.50198291e-01  2.48181415e-01  2.46821337e-01
  2.45802136e-01  2.45303348e-01  2.44588912e-01  2.43539714e-01
  2.42148883e-01  2.38714090e-01  2.36937766e-01  2.28714337e-01
  2.23879207e-01  2.19554424e-01  2.18831160e-01  2.16092639e-01
  2.13194640e-01  2.11103104e-01  2.10291791e-01  2.02238451e-01
  2.01515419e-01  1.93860582e-01  1.92117226e-01  1.89260931e-01
  1.86897151e-01  1.86259487e-01  1.69699191e-01  1.68719807e-01
  1.65833901e-01  1.63541429e-01  1.58216755e-01  1.58155904e-01
  1.43184811e-01  1.41382573e-01  1.39860374e-01  1.36186211e-01
  1.33985696e-01  1.31821967e-01  1.30198656e-01  1.21282564e-01
  1.16955319e-01  1.15771145e-01  1.13832664e-01  1.12131136e-01
  1.08904310e-01  1.03915441e-01  7.88981121e-02  7.82211740e-02
  7.60622754e-02  7.33494997e-02  7.10540961e-02  6.63761339e-02
  6.52320660e-02  6.45874267e-02  5.77301268e-02  5.40312436e-02
  4.63160190e-02  3.85124264e-02  2.70620077e-02  1.40419618e-02
  1.32404558e-02  6.70326589e-03  2.39243881e-03  8.42615560e-04
 -9.19379640e-04 -1.29067767e-03 -4.04308242e-03 -7.62572258e-03
 -1.47356136e-02 -2.29103003e-02 -3.53840229e-02 -3.94505547e-02
 -4.36011734e-02 -5.33824172e-02 -6.07704411e-02 -6.39619929e-02
 -6.63953093e-02 -7.14459534e-02 -9.21558856e-02 -9.88803342e-02
 -1.00215214e-01 -1.04570161e-01 -1.09184978e-01 -1.15405229e-01
 -1.20723592e-01 -1.28643680e-01 -1.31037165e-01 -1.47353010e-01
 -1.52006704e-01 -1.57660526e-01 -1.62345838e-01 -1.62767050e-01
 -1.83087505e-01 -1.90273306e-01 -1.96611797e-01 -2.05647048e-01
 -2.13603292e-01 -2.23046565e-01 -2.23576165e-01 -2.43392492e-01
 -2.46009938e-01 -2.53828561e-01 -2.68938802e-01 -2.69379330e-01
 -3.04036511e-01 -3.13608605e-01 -3.15510567e-01 -3.17037515e-01
 -3.34934244e-01 -3.78810733e-01 -5.28938747e-01 -5.85706204e-01
 -5.87652284e-01 -6.16161033e-01 -8.34225498e-01 -8.35177337e-01
 -9.73236527e-01]