[0.         0.00203252 0.00609756 0.00609756 0.00813008 0.00813008
 0.01422764 0.01422764 0.01626016 0.01626016 0.0203252  0.0203252
 0.02439024 0.02439024 0.02642276 0.02642276 0.02845528 0.02845528
 0.0304878  0.0304878  0.03252033 0.03252033 0.03658537 0.03658537
 0.03861789 0.03861789 0.04065041 0.04065041 0.04471545 0.04471545
 0.04878049 0.04878049 0.05081301 0.05081301 0.05284553 0.05284553
 0.05487805 0.05487805 0.05894309 0.05894309 0.06097561 0.06097561
 0.06300813 0.06300813 0.07113821 0.07113821 0.07520325 0.07520325
 0.07723577 0.07723577 0.07926829 0.07926829 0.08130081 0.08130081
 0.08333333 0.08333333 0.08536585 0.08536585 0.08739837 0.08739837
 0.09146341 0.09146341 0.09349593 0.09349593 0.09552846 0.09552846
 0.09756098 0.09756098 0.0995935  0.0995935  0.10162602 0.10162602
 0.10569106 0.10569106 0.10772358 0.10772358 0.1097561  0.1097561
 0.11382114 0.11382114 0.11585366 0.11585366 0.1199187  0.1199187
 0.12195122 0.12195122 0.12398374 0.12398374 0.12804878 0.12804878
 0.1300813  0.1300813  0.13211382 0.13211382 0.13821138 0.13821138
 0.14227642 0.14227642 0.14430894 0.14430894 0.14634146 0.14634146
 0.1504065  0.1504065  0.15243902 0.15243902 0.15447154 0.15447154
 0.15650407 0.15650407 0.16056911 0.16056911 0.16260163 0.16260163
 0.16463415 0.16463415 0.16666667 0.16666667 0.17073171 0.17073171
 0.17276423 0.17276423 0.17479675 0.17479675 0.17682927 0.17682927
 0.17886179 0.17886179 0.18089431 0.18089431 0.18292683 0.18292683
 0.18495935 0.18495935 0.19308943 0.19308943 0.19512195 0.19512195
 0.19918699 0.19918699 0.20528455 0.20528455 0.21747967 0.21747967
 0.22154472 0.22154472 0.22764228 0.22764228 0.2296748  0.2296748
 0.23373984 0.23373984 0.23577236 0.23577236 0.23780488 0.23780488
 0.24186992 0.24186992 0.24390244 0.24390244 0.24796748 0.24796748
 0.25203252 0.25203252 0.25609756 0.25609756 0.2601626  0.2601626
 0.26422764 0.26422764 0.26829268 0.26829268 0.27235772 0.27235772
 0.27439024 0.27439024 0.27642276 0.27642276 0.2804878  0.2804878
 0.28658537 0.28658537 0.29065041 0.29065041 0.29674797 0.29674797
 0.29878049 0.29878049 0.30284553 0.30284553 0.30894309 0.30894309
 0.31097561 0.31097561 0.31300813 0.31300813 0.31504065 0.31504065
 0.31910569 0.31910569 0.32113821 0.32113821 0.32520325 0.32520325
 0.33130081 0.33130081 0.34146341 0.34146341 0.34552846 0.34552846
 0.34756098 0.34756098 0.3495935  0.3495935  0.36382114 0.36382114
 0.36585366 0.36585366 0.37195122 0.37195122 0.37804878 0.37804878
 0.3800813  0.3800813  0.38414634 0.38414634 0.39430894 0.39430894
 0.39837398 0.39837398 0.4004065  0.4004065  0.40243902 0.40243902
 0.40447154 0.40447154 0.40650407 0.40650407 0.40853659 0.40853659
 0.42276423 0.42276423 0.42886179 0.42886179 0.43089431 0.43089431
 0.43292683 0.43292683 0.43902439 0.43902439 0.44308943 0.44308943
 0.44512195 0.44512195 0.44715447 0.44715447 0.44918699 0.44918699
 0.45121951 0.45121951 0.45731707 0.45731707 0.46544715 0.46544715
 0.47764228 0.47764228 0.4796748  0.4796748  0.48170732 0.48170732
 0.4898374  0.4898374  0.49390244 0.49390244 0.49593496 0.49593496
 0.50406504 0.50406504 0.50609756 0.50609756 0.5101626  0.5101626
 0.52235772 0.52235772 0.52439024 0.52439024 0.52642276 0.52642276
 0.52845528 0.52845528 0.5304878  0.5304878  0.53861789 0.53861789
 0.54268293 0.54268293 0.55487805 0.55487805 0.55894309 0.55894309
 0.56097561 0.56097561 0.56504065 0.56504065 0.56707317 0.56707317
 0.57317073 0.57317073 0.57520325 0.57520325 0.58536585 0.58536585
 0.58943089 0.58943089 0.59552846 0.59552846 0.59756098 0.59756098
 0.60162602 0.60162602 0.60365854 0.60365854 0.60569106 0.60569106
 0.6097561  0.6097561  0.61382114 0.61382114 0.61585366 0.61585366
 0.61788618 0.61788618 0.62195122 0.62195122 0.62804878 0.62804878
 0.63617886 0.63617886 0.6402439  0.6402439  0.64634146 0.64634146
 0.6504065  0.6504065  0.65243902 0.65243902 0.67479675 0.67479675
 0.67682927 0.67682927 0.68089431 0.68089431 0.68292683 0.68292683
 0.68495935 0.68495935 0.69308943 0.69308943 0.69918699 0.69918699
 0.70325203 0.70325203 0.70528455 0.70528455 0.71341463 0.71341463
 0.7195122  0.7195122  0.72357724 0.72357724 0.72560976 0.72560976
 0.72764228 0.72764228 0.73170732 0.73170732 0.73373984 0.73373984
 0.73780488 0.73780488 0.7398374  0.7398374  0.74186992 0.74186992
 0.74796748 0.74796748 0.75203252 0.75203252 0.75406504 0.75406504
 0.75609756 0.75609756 0.7601626  0.7601626  0.77845528 0.77845528
 0.78455285 0.78455285 0.79065041 0.79065041 0.80284553 0.80284553
 0.80487805 0.80487805 0.81097561 0.81097561 0.81707317 0.81707317
 0.82113821 0.82113821 0.82317073 0.82317073 0.82520325 0.82520325
 0.83739837 0.83739837 0.83943089 0.83943089 0.84756098 0.84756098
 0.8495935  0.8495935  0.85365854 0.85365854 0.85569106 0.85569106
 0.8597561  0.8597561  0.86178862 0.86178862 0.86382114 0.86382114
 0.86788618 0.86788618 0.8699187  0.8699187  0.87601626 0.87601626
 0.88414634 0.88414634 0.89227642 0.89227642 0.89837398 0.89837398
 0.9004065  0.9004065  0.91260163 0.91260163 0.91463415 0.91463415
 0.91666667 0.91666667 0.92073171 0.92073171 0.92479675 0.92479675
 0.92682927 0.92682927 0.92886179 0.92886179 0.94105691 0.94105691
 0.94308943 0.94308943 0.94918699 0.94918699 0.95121951 0.95121951
 0.95325203 0.95325203 0.95528455 0.95528455 0.96138211 0.96138211
 0.96341463 0.96341463 0.96544715 0.96544715 0.98170732 0.98170732
 0.98577236 0.98577236 0.99796748 0.99796748 1.        ]