[0.         0.         0.         0.0019685  0.0019685  0.00590551
 0.00590551 0.01377953 0.01377953 0.01574803 0.01574803 0.01771654
 0.01771654 0.02362205 0.02362205 0.02952756 0.02952756 0.0511811
 0.0511811  0.05708661 0.05708661 0.06692913 0.06692913 0.06889764
 0.06889764 0.07480315 0.07480315 0.09645669 0.09645669 0.1003937
 0.1003937  0.11023622 0.11023622 0.11417323 0.11417323 0.12007874
 0.12007874 0.13385827 0.13385827 0.1496063  0.1496063  0.1515748
 0.1515748  0.15354331 0.15354331 0.16141732 0.16141732 0.16535433
 0.16535433 0.17125984 0.17125984 0.17322835 0.17322835 0.17913386
 0.17913386 0.18700787 0.18700787 0.19685039 0.19685039 0.20866142
 0.20866142 0.21062992 0.21062992 0.21259843 0.21259843 0.22244094
 0.22244094 0.23031496 0.23031496 0.23425197 0.23425197 0.24015748
 0.24015748 0.24212598 0.24212598 0.25       0.25       0.25393701
 0.25393701 0.25590551 0.25590551 0.25787402 0.25787402 0.25984252
 0.25984252 0.26181102 0.26181102 0.27559055 0.27559055 0.27755906
 0.27755906 0.28149606 0.28149606 0.28543307 0.28543307 0.28937008
 0.28937008 0.29133858 0.29133858 0.29330709 0.29330709 0.29527559
 0.29527559 0.30511811 0.30511811 0.30708661 0.30708661 0.31102362
 0.31102362 0.31496063 0.31496063 0.32283465 0.32283465 0.32677165
 0.32677165 0.32874016 0.32874016 0.33070866 0.33070866 0.34055118
 0.34055118 0.34645669 0.34645669 0.3503937  0.3503937  0.35629921
 0.35629921 0.35826772 0.35826772 0.36023622 0.36023622 0.36220472
 0.36220472 0.36417323 0.36417323 0.36614173 0.36614173 0.36811024
 0.36811024 0.37204724 0.37204724 0.37401575 0.37401575 0.37598425
 0.37598425 0.37795276 0.37795276 0.37992126 0.37992126 0.38582677
 0.38582677 0.38779528 0.38779528 0.39173228 0.39173228 0.39566929
 0.39566929 0.40354331 0.40354331 0.40748031 0.40748031 0.41338583
 0.41338583 0.41535433 0.41535433 0.41732283 0.41732283 0.41929134
 0.41929134 0.42125984 0.42125984 0.42519685 0.42519685 0.43110236
 0.43110236 0.43307087 0.43307087 0.43897638 0.43897638 0.44488189
 0.44488189 0.44685039 0.44685039 0.4488189  0.4488189  0.4507874
 0.4507874  0.45669291 0.45669291 0.46062992 0.46062992 0.47244094
 0.47244094 0.47637795 0.47637795 0.47834646 0.47834646 0.48031496
 0.48031496 0.48228346 0.48228346 0.49409449 0.49409449 0.5
 0.5        0.50787402 0.50787402 0.51181102 0.51181102 0.51968504
 0.51968504 0.52362205 0.52362205 0.52755906 0.52755906 0.52952756
 0.52952756 0.53937008 0.53937008 0.54724409 0.54724409 0.56299213
 0.56299213 0.56496063 0.56496063 0.57283465 0.57283465 0.57677165
 0.57677165 0.57874016 0.57874016 0.58267717 0.58267717 0.58464567
 0.58464567 0.58661417 0.58661417 0.59055118 0.59055118 0.59251969
 0.59251969 0.5984252  0.5984252  0.6003937  0.6003937  0.60433071
 0.60433071 0.60629921 0.60629921 0.61220472 0.61220472 0.61811024
 0.61811024 0.62992126 0.62992126 0.63188976 0.63188976 0.63385827
 0.63385827 0.63582677 0.63582677 0.64566929 0.64566929 0.6476378
 0.6476378  0.6496063  0.6496063  0.6515748  0.6515748  0.65748031
 0.65748031 0.66141732 0.66141732 0.66338583 0.66338583 0.66732283
 0.66732283 0.66929134 0.66929134 0.67519685 0.67519685 0.67716535
 0.67716535 0.68503937 0.68503937 0.69094488 0.69094488 0.69685039
 0.69685039 0.6988189  0.6988189  0.7007874  0.7007874  0.70472441
 0.70472441 0.70669291 0.70669291 0.71062992 0.71062992 0.71259843
 0.71259843 0.71456693 0.71456693 0.71653543 0.71653543 0.71850394
 0.71850394 0.72244094 0.72244094 0.72440945 0.72440945 0.72637795
 0.72637795 0.73425197 0.73425197 0.73622047 0.73622047 0.73818898
 0.73818898 0.74015748 0.74015748 0.74212598 0.74212598 0.74409449
 0.74409449 0.7480315  0.7480315  0.7519685  0.7519685  0.75393701
 0.75393701 0.75787402 0.75787402 0.76181102 0.76181102 0.76574803
 0.76574803 0.76771654 0.76771654 0.76968504 0.76968504 0.77165354
 0.77165354 0.77559055 0.77559055 0.77755906 0.77755906 0.77952756
 0.77952756 0.79724409 0.79724409 0.8011811  0.8011811  0.80314961
 0.80314961 0.80511811 0.80511811 0.80708661 0.80708661 0.80905512
 0.80905512 0.81299213 0.81299213 0.81889764 0.81889764 0.82086614
 0.82086614 0.82480315 0.82480315 0.82677165 0.82677165 0.82874016
 0.82874016 0.83267717 0.83267717 0.83661417 0.83661417 0.83858268
 0.83858268 0.84448819 0.84448819 0.84645669 0.84645669 0.8484252
 0.8484252  0.8523622  0.8523622  0.85826772 0.85826772 0.86417323
 0.86417323 0.86614173 0.86614173 0.87007874 0.87007874 0.88188976
 0.88188976 0.88385827 0.88385827 0.88582677 0.88582677 0.88779528
 0.88779528 0.89173228 0.89173228 0.89370079 0.89370079 0.8996063
 0.8996063  0.90944882 0.90944882 0.91141732 0.91141732 0.91535433
 0.91535433 0.91929134 0.91929134 0.92519685 0.92519685 0.93110236
 0.93110236 0.93307087 0.93307087 0.93897638 0.93897638 0.94291339
 0.94291339 0.94488189 0.94488189 0.94685039 0.94685039 0.9488189
 0.9488189  0.95669291 0.95669291 0.96062992 0.96062992 0.96259843
 0.96259843 0.96653543 0.96653543 0.97047244 0.97047244 0.97244094
 0.97244094 0.97440945 0.97440945 0.97637795 0.97637795 0.98031496
 0.98031496 0.98228346 0.98228346 0.98622047 0.98622047 0.98818898
 0.98818898 0.99409449 0.99409449 0.99606299 0.99606299 1.
 1.        ]