[ 2.50355427e+02  2.49355427e+02  2.30279009e+02  1.94275390e+02
  1.88924672e+02  1.33826004e+02  1.31990625e+02  1.29295692e+02
  1.01050312e+02  9.79968723e+01  9.52788628e+01  9.41221317e+01
  9.01454538e+01  8.70532655e+01  8.29735202e+01  7.89855636e+01
  7.40783560e+01  7.27296383e+01  6.67188181e+01  6.30392180e+01
  6.22693991e+01  5.96639331e+01  5.96249259e+01  5.78733279e+01
  5.42692313e+01  5.20877933e+01  5.19101995e+01  5.04222893e+01
  5.01345137e+01  5.00568963e+01  4.91901478e+01  4.18484902e+01
  4.15455061e+01  4.11971420e+01  4.07471368e+01  3.96798514e+01
  3.93683580e+01  3.82894249e+01  3.81443707e+01  3.71860104e+01
  3.57790432e+01  3.38444765e+01  3.17123651e+01  3.14542753e+01
  3.08630594e+01  3.00396074e+01  2.90595039e+01  2.69040035e+01
  2.67520407e+01  2.66449280e+01  2.63042004e+01  2.49557940e+01
  2.48783443e+01  2.34854514e+01  2.33109548e+01  2.30944592e+01
  2.29068647e+01  2.25200298e+01  2.16868497e+01  2.16586494e+01
  2.06525596e+01  2.00764917e+01  1.87216376e+01  1.85533708e+01
  1.82674383e+01  1.75373835e+01  1.72743301e+01  1.64670914e+01
  1.63007274e+01  1.59891009e+01  1.57800115e+01  1.55735593e+01
  1.54747632e+01  1.53026627e+01  1.47384427e+01  1.41789611e+01
  1.37898980e+01  1.34995865e+01  1.29946671e+01  1.29201516e+01
  1.26163034e+01  1.21190623e+01  1.21091908e+01  1.20775679e+01
  1.19536045e+01  1.17777182e+01  1.12867333e+01  1.09027131e+01
  1.08472435e+01  1.04925740e+01  1.02905915e+01  1.02696893e+01
  1.01498329e+01  9.86932162e+00  9.74465443e+00  9.62272165e+00
  9.59806074e+00  9.15782812e+00  9.11986973e+00  9.01087369e+00
  9.00256437e+00  8.94779794e+00  8.88556152e+00  8.59614750e+00
  8.35877824e+00  8.28474718e+00  8.13690844e+00  8.12455067e+00
  7.98744776e+00  7.69081955e+00  7.65708818e+00  7.51591087e+00
  7.46023320e+00  7.42793138e+00  7.10789187e+00  6.99623924e+00
  6.51064006e+00  6.16752841e+00  6.16213311e+00  5.76577891e+00
  5.60876124e+00  5.57811807e+00  5.57568618e+00  5.43143852e+00
  5.38352877e+00  5.37546931e+00  5.08381563e+00  5.00921278e+00
  4.94138901e+00  4.86391673e+00  4.69495002e+00  4.67075559e+00
  4.65972217e+00  4.57868328e+00  4.50135164e+00  4.36055815e+00
  4.33966614e+00  4.26937821e+00  4.15605751e+00  4.04939439e+00
  3.99210917e+00  3.93060567e+00  3.58138946e+00  3.50536863e+00
  3.47787037e+00  3.42725206e+00  3.33381064e+00  3.26989019e+00
  3.22357165e+00  3.15920591e+00  3.15136534e+00  2.96182719e+00
  2.91500088e+00  2.90499041e+00  2.83102468e+00  2.81971052e+00
  2.70309766e+00  2.51506907e+00  2.47011034e+00  2.46140635e+00
  2.44404963e+00  2.43449849e+00  2.40552321e+00  2.36048129e+00
  2.30405180e+00  2.29016487e+00  2.26697210e+00  2.22384158e+00
  2.07354187e+00  2.02906496e+00  1.99962262e+00  1.99710637e+00
  1.98228276e+00  1.95493302e+00  1.84810696e+00  1.84481730e+00
  1.83415693e+00  1.80606220e+00  1.66493732e+00  1.65303778e+00
  1.56578672e+00  1.55870297e+00  1.54855853e+00  1.53606325e+00
  1.51420862e+00  1.48419470e+00  1.48315931e+00  1.46256640e+00
  1.45318984e+00  1.42303758e+00  1.41114151e+00  1.39407972e+00
  1.37033559e+00  1.36949229e+00  1.33702106e+00  1.30023704e+00
  1.24328846e+00  1.21425016e+00  1.18319477e+00  1.17310098e+00
  1.13569446e+00  1.13517906e+00  1.10291433e+00  1.09255544e+00
  1.05874310e+00  1.05776854e+00  1.05515329e+00  1.04346034e+00
  9.98072949e-01  9.51203450e-01  9.46549482e-01  9.12524830e-01
  9.10801437e-01  9.00885580e-01  8.52381983e-01  8.45320985e-01
  8.44354972e-01  8.33423814e-01  8.28041622e-01  8.14641300e-01
  8.14340603e-01  8.11786274e-01  7.88648077e-01  7.83040551e-01
  7.77378372e-01  7.69077277e-01  7.68925886e-01  7.50285574e-01
  7.38630789e-01  7.35737735e-01  7.12004336e-01  6.91153434e-01
  6.55235960e-01  6.53182353e-01  6.45396230e-01  6.11987841e-01
  5.82862220e-01  5.79484235e-01  5.77810842e-01  5.60105943e-01
  5.20823294e-01  4.88486588e-01  4.88158143e-01  4.79969357e-01
  4.72235825e-01  4.64797943e-01  4.62131733e-01  4.61926489e-01
  4.58014791e-01  4.50044608e-01  4.41717996e-01  4.33868512e-01
  4.28487501e-01  4.21768285e-01  4.12020858e-01  4.05733936e-01
  3.91409716e-01  3.90094306e-01  3.86953223e-01  3.84357169e-01
  3.82161327e-01  3.76342444e-01  3.70399398e-01  3.66132738e-01
  3.61573949e-01  3.49235922e-01  3.46277177e-01  3.28062103e-01
  3.23085350e-01  3.18991388e-01  3.16963664e-01  3.16391897e-01
  3.14724810e-01  3.13038134e-01  3.04650956e-01  2.76854742e-01
  2.70487782e-01  2.70224480e-01  2.69157692e-01  2.66494202e-01
  2.51730365e-01  2.49649115e-01  2.40339153e-01  2.37917363e-01
  2.11547356e-01  2.07349630e-01  1.98793548e-01  1.87809877e-01
  1.86156985e-01  1.79786878e-01  1.58144162e-01  1.20130850e-01
  1.18455904e-01  1.08056736e-01  1.01271182e-01  7.88847293e-02
  6.74609321e-02  5.87901851e-02  5.31344209e-02  5.06773901e-02
  4.89458149e-02  3.45393331e-02  2.24970014e-02  8.34176814e-03
 -3.68325539e-03 -3.62971247e-02 -7.55162222e-02 -1.11149950e-01
 -1.12961152e-01 -1.13008930e-01 -1.44231149e-01 -1.62289924e-01
 -2.04671565e-01 -2.08780667e-01 -2.21369597e-01 -2.50054571e-01
 -2.71047678e-01 -2.88052513e-01 -3.00399752e-01 -3.54826471e-01
 -3.86521337e-01 -3.96850926e-01 -4.78535586e-01 -5.01044098e-01
 -5.02855900e-01 -5.22614794e-01 -5.28704306e-01 -5.29471492e-01
 -5.46324353e-01 -5.72502685e-01 -5.80091056e-01 -6.13269767e-01
 -6.32387213e-01 -6.55019084e-01 -6.61869615e-01 -6.97708407e-01
 -7.11911355e-01 -7.27158126e-01 -8.04077716e-01 -8.43783757e-01
 -1.06160592e+00 -1.09751352e+00 -1.11647607e+00 -1.12212175e+00
 -1.19596661e+00 -1.22317237e+00 -1.24225530e+00 -1.27483165e+00
 -1.29999346e+00 -1.31332171e+00 -1.33925243e+00 -1.40589837e+00
 -1.53501002e+00 -1.54622158e+00 -1.56452687e+00 -1.57387166e+00
 -1.86710151e+00 -1.92224186e+00 -1.96918731e+00 -1.98833109e+00
 -2.01772741e+00 -2.05184763e+00 -2.05744331e+00 -2.07919405e+00
 -2.13210824e+00 -2.13447731e+00 -2.18123006e+00 -2.23819073e+00
 -2.36573729e+00 -2.39385800e+00 -2.42245235e+00 -2.46125593e+00
 -2.49394069e+00 -2.52022136e+00 -2.54971650e+00 -2.66054776e+00
 -2.67119831e+00 -2.89177066e+00 -2.92622119e+00 -3.17179074e+00
 -3.18593888e+00 -3.20220571e+00 -3.32247522e+00 -3.32461867e+00
 -3.40274267e+00 -3.40443727e+00 -3.46103711e+00 -3.52576928e+00
 -3.57296777e+00 -3.96178826e+00 -3.97659006e+00 -4.00563369e+00
 -4.08314648e+00 -4.20315664e+00 -4.38404729e+00 -4.60223739e+00
 -4.62612064e+00 -4.68526962e+00 -4.72402602e+00 -4.76831034e+00
 -4.84092544e+00 -4.95580085e+00 -5.51104798e+00 -5.61233526e+00
 -5.74416328e+00 -5.77788580e+00 -5.81390153e+00 -6.24259945e+00
 -6.29778410e+00 -6.63860551e+00 -6.94711734e+00 -7.09753568e+00
 -7.12771036e+00 -7.50532381e+00 -7.88262806e+00 -7.93977565e+00
 -7.99259346e+00 -8.02359505e+00 -8.15565393e+00 -8.37225669e+00
 -8.64082229e+00 -9.03079681e+00 -9.52493226e+00 -9.66357667e+00
 -9.77212099e+00 -9.92937463e+00 -9.99155046e+00 -1.01362099e+01
 -1.02905612e+01 -1.04121798e+01 -1.04370685e+01 -1.07637091e+01
 -1.09289476e+01 -1.12133677e+01 -1.20070733e+01 -1.21113855e+01
 -1.22207528e+01 -1.24188024e+01 -1.25887283e+01 -1.28362909e+01
 -1.29540519e+01 -1.34545649e+01 -1.35981077e+01 -1.38309060e+01
 -1.42626530e+01 -1.43244419e+01 -1.45202096e+01 -1.48476785e+01
 -1.52763313e+01 -1.53411997e+01 -1.74120664e+01 -1.75741233e+01
 -1.77698818e+01 -1.78742812e+01 -1.80451335e+01 -1.84300568e+01
 -1.85881610e+01 -1.87151853e+01 -1.96164582e+01 -2.06564799e+01
 -2.09828356e+01 -2.10307863e+01 -2.21197033e+01 -2.33134520e+01
 -2.34547585e+01 -2.34651621e+01 -2.41929658e+01 -2.51111820e+01
 -2.53362035e+01 -2.54776550e+01 -2.59253238e+01 -2.66922346e+01
 -2.85501941e+01 -2.89281489e+01 -2.91737110e+01 -3.01472535e+01
 -3.12433826e+01 -3.16116783e+01 -3.23201393e+01 -3.30914678e+01
 -3.40115608e+01 -3.40254051e+01 -3.40266465e+01 -3.87103083e+01
 -3.87675674e+01 -4.32640663e+01 -4.51698987e+01 -4.54021366e+01
 -4.67106889e+01 -4.68699826e+01 -4.93703369e+01 -5.15625278e+01
 -5.18061331e+01 -5.66950257e+01 -5.95093125e+01 -6.23669602e+01
 -7.00290694e+01 -9.66641826e+01 -9.87272894e+01 -1.02181588e+02
 -1.10617666e+02 -1.74056056e+02]