[0.         0.00203252 0.00609756 0.00609756 0.01422764 0.01422764
 0.01626016 0.01626016 0.02235772 0.02235772 0.02642276 0.02642276
 0.02845528 0.02845528 0.0304878  0.0304878  0.03252033 0.03252033
 0.03455285 0.03455285 0.03658537 0.03658537 0.03861789 0.03861789
 0.04674797 0.04674797 0.05081301 0.05081301 0.06097561 0.06097561
 0.06504065 0.06504065 0.07113821 0.07113821 0.07317073 0.07317073
 0.07520325 0.07520325 0.07723577 0.07723577 0.08130081 0.08130081
 0.08333333 0.08333333 0.08536585 0.08536585 0.08943089 0.08943089
 0.0995935  0.0995935  0.10162602 0.10162602 0.10365854 0.10365854
 0.10569106 0.10569106 0.10772358 0.10772358 0.1097561  0.1097561
 0.11178862 0.11178862 0.11382114 0.11382114 0.11585366 0.11585366
 0.11788618 0.11788618 0.12398374 0.12398374 0.12804878 0.12804878
 0.13211382 0.13211382 0.13617886 0.13617886 0.1402439  0.1402439
 0.14227642 0.14227642 0.14430894 0.14430894 0.14634146 0.14634146
 0.1504065  0.1504065  0.15243902 0.15243902 0.15447154 0.15447154
 0.16260163 0.16260163 0.16666667 0.16666667 0.17073171 0.17073171
 0.17886179 0.17886179 0.18495935 0.18495935 0.18699187 0.18699187
 0.18902439 0.18902439 0.19308943 0.19308943 0.19918699 0.19918699
 0.20121951 0.20121951 0.20325203 0.20325203 0.20731707 0.20731707
 0.20934959 0.20934959 0.21544715 0.21544715 0.21747967 0.21747967
 0.2195122  0.2195122  0.22154472 0.22154472 0.22764228 0.22764228
 0.2296748  0.2296748  0.23170732 0.23170732 0.23577236 0.23577236
 0.23780488 0.23780488 0.24186992 0.24186992 0.24390244 0.24390244
 0.24796748 0.24796748 0.25       0.25       0.25203252 0.25203252
 0.25609756 0.25609756 0.25813008 0.25813008 0.2601626  0.2601626
 0.26219512 0.26219512 0.26422764 0.26422764 0.27235772 0.27235772
 0.27439024 0.27439024 0.27642276 0.27642276 0.27845528 0.27845528
 0.28658537 0.28658537 0.29268293 0.29268293 0.29674797 0.29674797
 0.29878049 0.29878049 0.30284553 0.30284553 0.30487805 0.30487805
 0.30894309 0.30894309 0.31300813 0.31300813 0.31504065 0.31504065
 0.31707317 0.31707317 0.32317073 0.32317073 0.32520325 0.32520325
 0.33333333 0.33333333 0.33536585 0.33536585 0.33943089 0.33943089
 0.34146341 0.34146341 0.34552846 0.34552846 0.35365854 0.35365854
 0.35569106 0.35569106 0.36178862 0.36178862 0.36382114 0.36382114
 0.36585366 0.36585366 0.36788618 0.36788618 0.3699187  0.3699187
 0.37195122 0.37195122 0.3800813  0.3800813  0.38617886 0.38617886
 0.39634146 0.39634146 0.4004065  0.4004065  0.40447154 0.40447154
 0.40853659 0.40853659 0.41056911 0.41056911 0.41260163 0.41260163
 0.41666667 0.41666667 0.41869919 0.41869919 0.42073171 0.42073171
 0.42276423 0.42276423 0.42479675 0.42479675 0.43089431 0.43089431
 0.44308943 0.44308943 0.44512195 0.44512195 0.44715447 0.44715447
 0.44918699 0.44918699 0.45121951 0.45121951 0.45528455 0.45528455
 0.45731707 0.45731707 0.45934959 0.45934959 0.46138211 0.46138211
 0.47154472 0.47154472 0.47560976 0.47560976 0.48577236 0.48577236
 0.49593496 0.49593496 0.5        0.5        0.50406504 0.50406504
 0.50609756 0.50609756 0.51422764 0.51422764 0.5203252  0.5203252
 0.5304878  0.5304878  0.53252033 0.53252033 0.53455285 0.53455285
 0.53861789 0.53861789 0.54268293 0.54268293 0.54674797 0.54674797
 0.54878049 0.54878049 0.55081301 0.55081301 0.55284553 0.55284553
 0.56300813 0.56300813 0.56910569 0.56910569 0.57723577 0.57723577
 0.58130081 0.58130081 0.58333333 0.58333333 0.59756098 0.59756098
 0.60162602 0.60162602 0.60365854 0.60365854 0.60569106 0.60569106
 0.6097561  0.6097561  0.61585366 0.61585366 0.61788618 0.61788618
 0.62195122 0.62195122 0.62398374 0.62398374 0.6300813  0.6300813
 0.63821138 0.63821138 0.64430894 0.64430894 0.64634146 0.64634146
 0.6504065  0.6504065  0.65853659 0.65853659 0.66056911 0.66056911
 0.67276423 0.67276423 0.67886179 0.67886179 0.68089431 0.68089431
 0.69512195 0.69512195 0.69715447 0.69715447 0.69918699 0.69918699
 0.70528455 0.70528455 0.70731707 0.70731707 0.71544715 0.71544715
 0.71747967 0.71747967 0.7195122  0.7195122  0.72154472 0.72154472
 0.72560976 0.72560976 0.72764228 0.72764228 0.73577236 0.73577236
 0.7398374  0.7398374  0.74186992 0.74186992 0.74390244 0.74390244
 0.74796748 0.74796748 0.75609756 0.75609756 0.75813008 0.75813008
 0.76422764 0.76422764 0.76829268 0.76829268 0.77845528 0.77845528
 0.78861789 0.78861789 0.79674797 0.79674797 0.79878049 0.79878049
 0.80081301 0.80081301 0.80487805 0.80487805 0.81504065 0.81504065
 0.82723577 0.82723577 0.82926829 0.82926829 0.83333333 0.83333333
 0.83536585 0.83536585 0.83739837 0.83739837 0.83943089 0.83943089
 0.84146341 0.84146341 0.84349593 0.84349593 0.8597561  0.8597561
 0.86178862 0.86178862 0.86585366 0.86585366 0.87195122 0.87195122
 0.88211382 0.88211382 0.88414634 0.88414634 0.88617886 0.88617886
 0.89634146 0.89634146 0.89837398 0.89837398 0.9004065  0.9004065
 0.90447154 0.90447154 0.91260163 0.91260163 0.91869919 0.91869919
 0.92682927 0.92682927 0.93089431 0.93089431 0.93292683 0.93292683
 0.94105691 0.94105691 0.94512195 0.94512195 0.95325203 0.95325203
 0.95731707 0.95731707 0.95934959 0.95934959 0.96747967 0.96747967
 0.97154472 0.97154472 0.98577236 0.98577236 0.99593496 0.99593496
 1.        ]