[0.         0.         0.00203252 0.00203252 0.00406504 0.00406504
 0.00609756 0.00609756 0.01219512 0.01219512 0.01626016 0.01626016
 0.0203252  0.0203252  0.02235772 0.02235772 0.02439024 0.02439024
 0.02642276 0.02642276 0.02845528 0.02845528 0.0304878  0.0304878
 0.03252033 0.03252033 0.03455285 0.03455285 0.04065041 0.04065041
 0.04878049 0.04878049 0.05081301 0.05081301 0.05487805 0.05487805
 0.05894309 0.05894309 0.06707317 0.06707317 0.06910569 0.06910569
 0.07317073 0.07317073 0.07723577 0.07723577 0.07926829 0.07926829
 0.08333333 0.08333333 0.08536585 0.08536585 0.08943089 0.08943089
 0.09146341 0.09146341 0.09552846 0.09552846 0.09756098 0.09756098
 0.0995935  0.0995935  0.10162602 0.10162602 0.10365854 0.10365854
 0.10772358 0.10772358 0.11178862 0.11178862 0.11585366 0.11585366
 0.1199187  0.1199187  0.12195122 0.12195122 0.12398374 0.12398374
 0.12601626 0.12601626 0.12804878 0.12804878 0.1300813  0.1300813
 0.13211382 0.13211382 0.13414634 0.13414634 0.13617886 0.13617886
 0.14227642 0.14227642 0.14634146 0.14634146 0.14837398 0.14837398
 0.15243902 0.15243902 0.15447154 0.15447154 0.15650407 0.15650407
 0.15853659 0.15853659 0.16056911 0.16056911 0.16260163 0.16260163
 0.16463415 0.16463415 0.16869919 0.16869919 0.18089431 0.18089431
 0.18292683 0.18292683 0.18495935 0.18495935 0.18902439 0.18902439
 0.19105691 0.19105691 0.19715447 0.19715447 0.20121951 0.20121951
 0.20528455 0.20528455 0.20731707 0.20731707 0.20934959 0.20934959
 0.21341463 0.21341463 0.21747967 0.21747967 0.2195122  0.2195122
 0.22560976 0.22560976 0.2296748  0.2296748  0.23170732 0.23170732
 0.23373984 0.23373984 0.23577236 0.23577236 0.24186992 0.24186992
 0.24796748 0.24796748 0.25       0.25       0.25203252 0.25203252
 0.25609756 0.25609756 0.2601626  0.2601626  0.26219512 0.26219512
 0.26422764 0.26422764 0.26829268 0.26829268 0.2703252  0.2703252
 0.27235772 0.27235772 0.27439024 0.27439024 0.27642276 0.27642276
 0.27845528 0.27845528 0.2804878  0.2804878  0.28455285 0.28455285
 0.28658537 0.28658537 0.28861789 0.28861789 0.29065041 0.29065041
 0.29268293 0.29268293 0.29878049 0.29878049 0.30487805 0.30487805
 0.30894309 0.30894309 0.31097561 0.31097561 0.31504065 0.31504065
 0.31707317 0.31707317 0.31910569 0.31910569 0.32520325 0.32520325
 0.33333333 0.33333333 0.33536585 0.33536585 0.33943089 0.33943089
 0.34146341 0.34146341 0.3495935  0.3495935  0.35365854 0.35365854
 0.35569106 0.35569106 0.36178862 0.36178862 0.36382114 0.36382114
 0.36788618 0.36788618 0.3699187  0.3699187  0.37195122 0.37195122
 0.37398374 0.37398374 0.37601626 0.37601626 0.37804878 0.37804878
 0.38617886 0.38617886 0.39227642 0.39227642 0.39634146 0.39634146
 0.39837398 0.39837398 0.4004065  0.4004065  0.40447154 0.40447154
 0.41260163 0.41260163 0.41463415 0.41463415 0.42073171 0.42073171
 0.42479675 0.42479675 0.42682927 0.42682927 0.43292683 0.43292683
 0.43495935 0.43495935 0.43699187 0.43699187 0.44105691 0.44105691
 0.44308943 0.44308943 0.44512195 0.44512195 0.44918699 0.44918699
 0.45731707 0.45731707 0.45934959 0.45934959 0.46138211 0.46138211
 0.46341463 0.46341463 0.46544715 0.46544715 0.46747967 0.46747967
 0.4695122  0.4695122  0.47357724 0.47357724 0.47560976 0.47560976
 0.47764228 0.47764228 0.48373984 0.48373984 0.48577236 0.48577236
 0.48780488 0.48780488 0.49390244 0.49390244 0.49796748 0.49796748
 0.5        0.5        0.50406504 0.50406504 0.50609756 0.50609756
 0.51219512 0.51219512 0.51422764 0.51422764 0.5203252  0.5203252
 0.52642276 0.52642276 0.52845528 0.52845528 0.53658537 0.53658537
 0.53861789 0.53861789 0.54065041 0.54065041 0.54268293 0.54268293
 0.54674797 0.54674797 0.55284553 0.55284553 0.55691057 0.55691057
 0.56097561 0.56097561 0.56300813 0.56300813 0.56707317 0.56707317
 0.57113821 0.57113821 0.57520325 0.57520325 0.57723577 0.57723577
 0.57926829 0.57926829 0.59146341 0.59146341 0.59349593 0.59349593
 0.5995935  0.5995935  0.60569106 0.60569106 0.6097561  0.6097561
 0.61178862 0.61178862 0.62195122 0.62195122 0.62601626 0.62601626
 0.62804878 0.62804878 0.63821138 0.63821138 0.64430894 0.64430894
 0.64634146 0.64634146 0.65243902 0.65243902 0.65650407 0.65650407
 0.66463415 0.66463415 0.66666667 0.66666667 0.68292683 0.68292683
 0.68699187 0.68699187 0.70528455 0.70528455 0.70731707 0.70731707
 0.71341463 0.71341463 0.72560976 0.72560976 0.73373984 0.73373984
 0.73780488 0.73780488 0.7398374  0.7398374  0.74186992 0.74186992
 0.74593496 0.74593496 0.74796748 0.74796748 0.75       0.75
 0.75203252 0.75203252 0.75609756 0.75609756 0.75813008 0.75813008
 0.76219512 0.76219512 0.76422764 0.76422764 0.76626016 0.76626016
 0.7703252  0.7703252  0.77642276 0.77642276 0.7804878  0.7804878
 0.78252033 0.78252033 0.78455285 0.78455285 0.79268293 0.79268293
 0.79471545 0.79471545 0.79674797 0.79674797 0.80081301 0.80081301
 0.80284553 0.80284553 0.81707317 0.81707317 0.82113821 0.82113821
 0.83333333 0.83333333 0.84349593 0.84349593 0.84552846 0.84552846
 0.8495935  0.8495935  0.85569106 0.85569106 0.8597561  0.8597561
 0.86178862 0.86178862 0.87804878 0.87804878 0.88211382 0.88211382
 0.88414634 0.88414634 0.88821138 0.88821138 0.8902439  0.8902439
 0.89227642 0.89227642 0.90853659 0.90853659 0.91056911 0.91056911
 0.92886179 0.92886179 0.93089431 0.93089431 0.93292683 0.93292683
 0.93699187 0.93699187 0.94308943 0.94308943 0.94512195 0.94512195
 0.94715447 0.94715447 0.94918699 0.94918699 0.95731707 0.95731707
 0.95934959 0.95934959 0.96138211 0.96138211 0.9695122  0.9695122
 0.97154472 0.97154472 0.97357724 0.97357724 0.97764228 0.97764228
 0.9796748  0.9796748  0.98170732 0.98170732 0.98780488 0.98780488
 0.9898374  0.9898374  0.99186992 0.99186992 0.99390244 0.99390244
 1.         1.        ]