[-1.40901684e-01  9.65766633e-01  8.32889373e-01  4.34985099e-01
  6.46346066e-01  3.90314049e-01  3.95119505e-01  2.80637992e-01
  4.34696686e-01  6.10664597e-01  9.42382800e-01  1.23297973e-01
 -3.38993323e-01  6.90398289e-01  2.63408642e-02  9.25423740e-01
  4.15990177e-02  6.09332243e-01  3.14707217e-01  3.09451221e-01
  2.44867142e-01  3.35072407e-01  1.53866810e+00  7.74476373e-01
  1.42959806e+00  8.78466606e-01  3.81054504e-01  1.19927574e-01
  6.14843394e-01  1.45959947e-01  6.58085759e-01 -1.03024396e+00
  2.27152292e-01  8.48424369e-01  7.59683069e-02 -3.88028560e-01
  2.22994400e-01  1.21474432e-01 -3.78974862e-02  5.57682997e-01
  3.16984504e-01  3.20100435e-01  5.60028326e-01  2.12200886e-01
  2.26958233e-01  8.89236958e-01  5.74110898e-01  7.99730047e-01
  8.33247690e-01 -2.70436881e-01  3.24430413e-02  6.40014267e-01
  1.77899853e-01  2.05546534e-01 -1.38663242e-01  6.39521109e-02
  9.25948461e-01 -2.99902857e-01  3.33765884e-01  5.38344062e-01
 -1.66945619e-01  9.10041940e-01  2.93318953e-01 -1.81359867e-01
  5.43753660e-01 -2.72089307e-01  4.53538220e-01  5.31543955e-01
  5.74996433e-01  1.14934581e+00  6.69057087e-01  2.65852698e-01
  4.64316877e-01 -1.86495334e-01  6.40810921e-01  5.39397036e-01
 -2.84310927e-01  7.89949378e-01  1.04843563e+00  7.91048289e-01
 -1.22771650e-01  8.33426658e-01  6.00770690e-01  3.99275603e-02
 -3.55932877e-01  8.62725171e-01  1.24111331e+00  1.57606467e-01
  1.08306184e+00  5.47737688e-03  4.98639023e-01  6.09496921e-01
 -1.60983073e-01  1.09626395e+00  8.06698506e-01  1.72972608e-01
 -5.19951971e-01  7.51394626e-01  6.77409280e-01  1.17156536e+00
 -2.89639921e-01  4.43450710e-01 -2.66740888e-01  4.36046887e-01
  7.12442323e-02  9.88694885e-01 -4.38375699e-01  5.05805585e-01
  7.18515417e-01  2.85956937e-01  1.24280860e-01  5.94993834e-01
  1.66476951e-01  5.30478750e-01 -6.29906380e-03  5.99061224e-01
  1.02342981e+00 -5.52887084e-01  1.94936904e-01  3.26664733e-01
  7.38769212e-01  7.84961383e-01  7.10729693e-01  5.28292885e-01
 -5.00545347e-01 -1.04962523e+00  3.28581539e-01  8.34084530e-01
  1.13461309e-01  1.08861659e+00 -5.67737761e-01  7.00723324e-01
 -2.13145190e-01  1.14650291e+00 -3.82983035e-01  9.45375039e-01
 -1.20803013e+00 -2.76945843e-01 -1.50896218e-01  8.90487856e-01
  4.24610429e-02 -1.24617965e-02  7.04049947e-01  5.30785790e-01
  1.01636893e+00  7.47566716e-01  1.36479414e+00  8.25497433e-02
  3.55744546e-01  1.16204390e+00 -5.89679770e-01  1.20708836e+00
 -3.71487187e-01  1.21660707e+00  4.85183706e-01 -2.62550605e-01
  6.14922754e-01  1.85071917e-01  6.92282006e-01  4.86410813e-01
 -3.96939348e-01  8.18923969e-02 -3.00812362e-01  1.98101523e-01
 -2.52094719e-02  8.58608127e-01 -2.00666771e-01 -3.22123297e-01
  5.56137965e-01  3.27692582e-01  1.44432062e-01  5.46408828e-01
  3.51016773e-01  7.10669427e-01  8.23969982e-01  1.08055385e+00
  8.47419637e-01  3.02369250e-02  1.16949554e+00  1.33803615e-01
  1.30462016e+00 -3.00778229e-01  7.50792060e-01  1.62927719e-01
  2.56364565e-01  9.44348538e-01  1.17389590e+00  5.08687622e-01
  1.10229705e+00  9.11086186e-01  3.49520211e-01  6.04607328e-01
  5.73302023e-01  3.44213517e-01  6.80724620e-01  1.41656130e+00
  6.50300420e-01  5.38450437e-01  6.84389235e-01  6.28978514e-01
  5.29567614e-01  9.39121204e-01  4.16250243e-01  3.90226402e-01
  1.43748392e+00 -3.36131749e-01 -3.70174197e-02  6.17342543e-01
  6.88594255e-01  4.19683345e-01  1.76027822e-01  6.90903818e-01
  1.22468645e+00  7.90562674e-01 -1.32179990e-01 -7.73537679e-01
 -2.13789919e-02  1.11312299e+00  5.82945321e-01  6.00889035e-01
 -6.13051275e-01  6.97122655e-01 -1.30831415e-01  3.30642655e-02
  7.31785283e-02  5.58641373e-01  6.78298474e-01 -3.09161700e-01
  1.09926888e-01 -4.05977374e-02 -9.15859342e-01  1.43228178e+00
  4.96733763e-01  8.44055905e-01 -3.46439891e-01 -5.12099571e-02
 -3.55435303e-01  7.59252921e-01  8.82753610e-01 -8.07707219e-01
  5.17945420e-01 -5.68755942e-01 -9.98324546e-01  8.16672426e-01
 -5.56043179e-01  1.22522644e+00 -6.53427069e-01  4.38332717e-02
  4.54331290e-02 -1.19351132e+00  7.64349267e-01  5.84188990e-01
  1.33595717e+00 -1.84632925e-01  6.32178665e-01  5.17441996e-01
  8.17642739e-01  7.22553662e-01  8.62930112e-01  1.08518697e+00
  8.05384371e-01 -9.09254546e-02  8.10872208e-01  4.82913694e-01
  9.36093133e-02 -2.02006710e-01  9.14951507e-01  7.18271757e-01
  1.05855341e+00 -2.03722894e-02  5.31363852e-01 -2.01529636e-01
  4.00214660e-01  1.03111080e+00 -1.02090860e+00  1.30246374e-01
  5.00018685e-01 -2.52878624e-01  5.84256567e-01  8.13087916e-01
 -4.51394925e-01  3.89326744e-01  1.13998611e+00  1.03099810e+00
 -1.99935132e-01  1.28255936e-01  1.20837472e+00  7.28046088e-01
  1.54070213e-02  1.84318967e-01 -5.99881890e-03  7.06331441e-01
 -9.96277733e-02  8.58381371e-01  4.81507387e-01  6.11656512e-01
  2.13557867e-01 -6.10041362e-02  1.15122221e+00  7.64052354e-01
 -4.95164906e-01  9.62656979e-01 -2.51649816e-01 -2.12738452e-01
  1.07229168e+00 -8.10270395e-03 -4.37444569e-01  4.57830720e-01
  9.51051290e-01  1.00276716e-01  9.99586486e-01 -5.21732486e-02
 -6.07306711e-01  8.81085474e-01 -7.05113215e-02  1.01362786e+00
  8.05861712e-01 -1.29293017e-01  6.35868151e-01 -3.96388180e-01
  4.82369789e-01  6.72006470e-01 -4.89401435e-01  9.85765360e-01
  7.91600849e-03  1.31256525e+00  1.18535405e+00 -8.03535632e-02
  6.33645724e-01  7.04689849e-01  8.95270050e-01  1.17520082e+00
 -1.45663371e-01  2.71715081e-01  3.79521801e-01  3.91517513e-01
 -9.03201446e-01  5.52632215e-01  4.27623821e-02 -1.42190990e-01
 -3.82118097e-01  1.23039669e+00  5.72365391e-01  9.66450578e-01
  4.39131184e-01  6.35564413e-01  1.11120221e-01  6.18906351e-01
  7.15749231e-01  4.19210073e-02  8.39332917e-01  8.64881085e-01
  1.87529484e-02  5.69238254e-01  4.07349904e-01  3.32069310e-01
  1.00665742e+00 -2.55261928e-01  5.10854728e-02  1.12074018e+00
  3.99327578e-02  1.35936235e+00  3.02887614e-02  7.08481125e-01
  7.34230497e-01 -4.72934551e-01  3.29364604e-01 -5.30939553e-01
  6.64014300e-04  4.06101506e-01  8.13121989e-01  6.00749141e-01
  7.99991087e-01  7.91176672e-01 -9.64121456e-01  2.96018090e-02
  1.25952542e-01  3.61843250e-01  3.42091765e-01 -3.76852287e-01
  7.60044705e-01  1.38429879e-02 -1.95029964e-01  4.72461130e-01
  5.24729806e-01  8.96921373e-02  5.63490601e-01  8.67704459e-01
  4.92803352e-01  1.12772534e+00 -3.82041574e-01 -1.17290306e-02
  1.43472221e-01  1.19821633e-01 -1.55208164e-03  6.44271704e-01
  2.89678608e-01  3.10353840e-01  1.52590522e-01 -3.83832526e-01
  3.55104511e-01 -8.87759519e-03  8.16598649e-01  6.81274983e-02
  1.20914175e+00 -8.22960144e-02  5.67319140e-01 -8.11968725e-01
  1.57508091e-01  5.00086998e-01 -5.35431500e-03  7.58138191e-01
  9.18507472e-01 -1.83401851e-01 -5.06288181e-01  3.18087086e-01
  4.70273436e-01  1.32567077e+00 -2.79521038e-02  1.13126765e+00
  5.18247886e-01 -3.17532697e-01 -1.19460090e+00  5.01099130e-01
  1.35203560e+00 -7.66284147e-01  7.90642411e-01 -7.19802382e-01
  1.45782214e+00  6.53891766e-01  1.84552645e-01  1.42486877e-01
  5.73494107e-02  5.85503545e-01  1.46492437e-01  3.58058690e-01
 -8.55835639e-02 -1.87844462e-01  7.83505219e-01  1.09275010e+00
 -9.30523829e-02  5.47903018e-01  8.46927645e-01  3.74950593e-01
 -4.39258156e-01  1.34412921e+00 -7.77644907e-01 -1.92693609e-01
 -5.21511711e-01  5.53723937e-01  4.51608500e-01  1.00770032e+00
 -5.59502253e-01  6.30374817e-01 -7.03961415e-01  5.15618637e-01
  1.38982833e-01  1.40357857e+00  1.73891813e-01 -2.61135782e-01
  9.14992360e-01  9.82533853e-01 -2.17728189e-01  6.06951391e-01
  8.38439494e-01  7.35061582e-01 -4.90602005e-01  4.74633587e-01
  1.40381556e-01  9.66172992e-01  2.07049267e-01  5.90450674e-01
  6.81865198e-01  8.89582748e-01 -6.61936109e-01  4.24321999e-01
  1.16881622e+00  3.21142097e-01  3.16527413e-01  9.30197017e-01
  7.30700078e-01  6.52236848e-01  5.32999429e-01 -5.88463072e-02
 -5.88687982e-01  1.07377717e+00  6.11122654e-01 -5.79165157e-01
  4.07888814e-02 -5.06741199e-02  7.52429221e-01  7.65352516e-01
  4.98736367e-01  4.28402252e-01 -6.53516783e-02 -4.81484666e-01
  1.03510561e+00 -1.05832163e-01  1.91205047e-01  4.70653156e-01
  3.58638422e-01  4.48973910e-01  6.83793787e-01 -1.34918156e-01
  3.82204883e-01 -5.47623408e-01  9.80827990e-01  3.30921608e-01
  1.17696932e+00  1.60402713e-01  1.07091408e+00 -1.70113073e-01
  1.03194833e-01 -4.98541847e-01  2.77125290e-01  1.06656763e+00
  1.40644957e-01 -6.96276840e-01  4.25818692e-01  6.11415251e-01
  8.74853393e-01 -2.10829830e-01  1.25231137e+00  1.46271601e-01
  9.68432170e-01  5.49657937e-01  6.06285673e-02  8.58474208e-01
 -3.16043389e-01  1.08900601e+00  3.07348938e-01  3.57896350e-01
  4.68401053e-01  5.00487862e-01  1.10826908e-01  6.33240689e-02
  6.05594933e-01  1.15262789e+00  1.41462727e+00  3.99896919e-01
 -5.10804628e-01 -6.91956781e-01 -5.45952925e-01  7.11606155e-01
  1.61897515e-01  8.50681353e-01  1.32807385e+00  4.64839389e-01
  2.73597974e-01 -8.42939455e-01  1.01217516e+00 -1.94179677e-01
 -3.17336129e-01 -3.52579535e-01  5.41341536e-01 -2.20240687e-02
 -3.11462082e-01  6.67929110e-01  2.78659953e-01  7.19807099e-01
 -2.53546301e-01 -2.00938253e-02 -2.74492866e-01  4.28538067e-01
  1.26017489e-01 -4.13646798e-01  4.02547698e-01 -1.33354507e+00
  1.11612819e-01  4.31368443e-01  2.39482625e-01  2.78664712e-01
  1.39711267e-01  6.41605362e-01  3.00570457e-02  7.29650542e-01
  1.07827579e+00  6.57484021e-01  1.14728260e+00  1.26733761e+00
  7.09954694e-01  5.93733512e-01  6.37166338e-01 -5.65864933e-01
 -1.54953968e-01  8.21395172e-01 -3.91682111e-01  9.91666900e-01
  5.04063253e-01  9.50208916e-01  3.64916186e-01 -1.92935132e-01
  1.23708952e+00  2.44551932e-01  1.53848793e-01  4.74519369e-01
  5.63254892e-01  7.59718056e-01  3.09289566e-01  9.26525364e-01
  1.17833229e+00  6.31787313e-01  6.83234727e-01  4.38174368e-01
  3.11512181e-02  6.57246472e-01 -5.09852515e-01  8.36252314e-01
  3.44094246e-01  6.08531459e-01  3.02409427e-01  8.79196704e-01
  8.55455728e-01  8.85762120e-02 -1.91169512e-01  5.62308110e-01
  5.09976007e-01  3.69792843e-01  1.20980227e+00  1.02707660e+00
  2.48203412e-02  6.96116526e-01  8.31243089e-03  8.83670394e-02
  2.39935183e-01  3.58309418e-01  1.04988396e+00 -4.70007709e-01
 -4.42614844e-01  9.27562538e-01  1.24187470e+00  1.29163687e-01
 -7.06530131e-01  4.92846071e-01  2.59339950e-01 -1.34622495e-01
 -1.96153149e-01  1.08646613e+00 -5.04824185e-04  2.25050060e-01
 -1.22908860e-01  1.99817001e-01  1.00520142e-01  3.93383246e-01
  2.80957407e-02 -1.39129363e-01  4.47253015e-01  2.99248957e-01
 -2.28199083e-01 -2.43328559e-02  8.41685306e-01 -3.50481165e-02
  6.72097267e-01  5.96129494e-01  5.46923122e-01 -1.27719761e+00
 -8.31126625e-02  5.22402651e-01 -2.27063889e-01  1.12034901e+00
  1.45497820e-01  2.97913345e-01  1.46498559e+00 -2.38614075e-01
  7.39066254e-01  6.34265959e-01  6.01540571e-02 -8.66485110e-02
  5.08663989e-01  4.38602462e-01  5.91036243e-01  5.05049893e-01
 -2.32802109e-01  4.95348055e-02  1.14827631e+00  1.19338109e-01
  9.38053445e-01  6.34377632e-01  4.03268890e-01  5.97959847e-01
  4.09629429e-01  1.84680424e-01 -1.22613221e-01  1.08552890e+00
 -1.82537925e-01  1.30764268e+00  1.18954880e+00 -3.17244477e-01
 -1.33955485e-01  3.90556215e-02  1.81008270e-01  5.52735558e-01
  2.32242504e-01  3.28542210e-01  9.71034635e-01  6.20022135e-01
  2.62081673e-01  4.78613198e-01  7.73447188e-01  9.55235747e-04
  5.79104585e-01  3.52509957e-01  1.23439038e+00  6.38712189e-01
  8.16163923e-01  1.89294491e-01 -7.76425199e-01 -9.72692699e-02
  3.62091806e-01  6.96609714e-01  6.95903083e-01  1.07934864e+00
  4.41249164e-01  3.73749586e-01  1.11007370e+00  5.73488629e-01
  1.55012882e-01  7.28281908e-01  1.06828037e+00  9.38619187e-01
  2.48522715e-01  4.71301253e-01 -8.69480147e-02  3.55500017e-02
 -4.06115747e-01 -4.42482438e-01 -3.52284038e-01  2.14132706e-01
 -2.77968787e-01  3.10864314e-01  4.46579670e-01  3.58457881e-01
  1.05767542e+00 -2.99538600e-01  7.53685853e-01  1.31243317e-01
  7.24211605e-01 -2.23232531e-01 -5.92983831e-01  3.17710023e-01
 -7.34357531e-01  1.00116841e+00  9.26163649e-01  6.17667138e-01
  2.76093494e-01  1.51371009e+00 -1.46651323e-01  7.10131081e-02
  8.36757384e-01  3.09829539e-01  5.51245925e-01  5.53508469e-01
  2.06375165e-01  9.44563317e-01  8.36765855e-01  4.50803861e-01
  1.35266844e+00  7.07037595e-01 -2.58512698e-01  2.50293798e-01
 -1.98606198e-01  9.59475188e-01  7.15889452e-01  8.76902198e-01
  1.96872915e-01  3.85802505e-01 -1.13639387e+00 -2.74074515e-02
  2.79911493e-01  1.24233929e+00 -3.16020383e-01  1.15747395e+00
  4.94148479e-01  5.63079655e-01  1.54917439e-01  1.12649405e+00
 -3.02241679e-01  6.96174745e-01  6.47060789e-01  8.67335718e-01
  5.99873420e-01 -3.89255746e-02  3.80397519e-01  4.76377069e-01
  1.01562542e+00  4.40171367e-01  8.62695217e-01 -4.41029992e-01
  4.23547266e-01  9.07863651e-01  9.82933501e-02  1.38786683e+00
  7.91954694e-01  9.31443237e-01  1.19506779e+00  5.88554748e-01
  8.48906843e-01  6.05192311e-01  5.97922403e-02 -3.90439966e-02
  1.35145552e+00 -3.28411418e-02  3.92380578e-01  2.19033152e-01
  6.38352503e-01  1.89404146e-01  1.13133231e+00  6.97534197e-01
  3.07760036e-01  1.38158262e-01  4.21148582e-01  4.88874735e-01
  2.76595004e-01  4.59181091e-01  2.82694905e-01  6.15466631e-01
  6.08428955e-02 -1.12619503e+00  6.62030851e-01  7.88504301e-01
  9.94321882e-01  2.53072602e-01  4.74377346e-01 -4.93602978e-01
  1.19647522e+00  9.83454742e-01 -1.76556652e-01  3.42057097e-01
  7.39036788e-01  1.46284913e+00  2.80585431e-01  7.22663862e-01
  3.59183052e-01  2.93431932e-01  8.90303883e-01  6.03184549e-01
  2.40138706e-01  9.79092673e-01  3.32555763e-01  4.79869288e-02
  5.75758686e-01  5.86354370e-01  6.54980760e-01  6.28045061e-01
  4.13992197e-01  8.97607558e-01 -1.08838450e-01  1.88958986e-01
  8.35418748e-01  6.65985990e-01 -5.32671921e-02  1.15011381e+00
  4.30715340e-01  1.17826961e+00  1.07863268e+00  7.90034589e-01
  5.66778799e-01  8.25704176e-01  7.54469069e-01  2.72322786e-01
  5.77797779e-01 -7.93125517e-01 -2.57352806e-02  8.49401689e-02
  8.32870305e-02 -1.02636572e-01  6.44208823e-01  6.52000678e-02
  9.58110849e-01  3.52423193e-01  5.31324868e-01  4.29742768e-01
  2.18997728e-01 -6.04416444e-01 -1.83517659e-01  7.72312421e-01
  6.55005516e-02 -5.96678381e-02 -1.11275411e+00  3.32706563e-01
  9.93336369e-01 -1.45902912e-02  9.41046413e-01  1.47271235e-01
  7.50429690e-01 -5.15061613e-03  2.44809917e-01 -7.51156927e-03
 -2.32691329e-01  3.60075171e-01 -5.56160295e-02  9.90013678e-01
 -4.91395225e-01 -5.71328794e-01  5.35373917e-01  1.02097726e+00
  1.13937211e-01  3.96614290e-01 -1.76451637e-01  4.98828915e-01
  3.70567322e-01  1.02137448e+00  8.46198948e-01 -8.21610720e-01
  7.89034636e-01  1.13862797e+00  3.50443239e-01  2.24178607e-02
  8.19490104e-01  4.40778846e-01 -3.71862203e-01  3.83035550e-01
  5.22203943e-01  4.53502736e-01  1.36351177e+00  9.73935499e-01
  1.96911038e-01  5.99322809e-01  2.74026108e-01 -3.75472237e-02
 -4.76180999e-02  5.85468420e-01  9.70167365e-01  5.85679088e-02
  4.42518003e-01  3.24548896e-01 -1.70791581e-01 -2.74905092e-01
  7.26617607e-01  5.41345811e-01  2.83825992e-02  5.04675847e-01
  3.87036750e-01  1.03798977e+00  7.13544463e-01  6.87083644e-01
  5.91266029e-01  3.86953878e-01  1.23996685e+00  2.24704934e-01
  7.95224850e-01 -3.07974555e-02  2.44008186e-02  1.25043933e+00
 -3.42922830e-01 -8.62581631e-02  5.76914156e-01  2.43219084e-01
  4.07984577e-01  1.01366388e+00  3.89972871e-01  2.14681530e-01
  1.90222311e-01  8.03622108e-02  5.40247507e-01  6.16786626e-01
  3.28574852e-02 -3.30806199e-02  4.76830114e-01  2.59965939e-01
  1.42353866e+00  5.75275347e-01  4.16244996e-01  5.76562582e-01
  3.27348628e-01  3.82883791e-01 -1.93022997e-01  9.12933307e-01
 -3.70797572e-01 -3.58784207e-01  4.81025093e-01 -2.43289562e-01
  5.21286058e-01 -3.54955007e-01  6.56434168e-01 -4.47726470e-01
  7.88870934e-01  8.77227211e-01  8.68580077e-01  4.04326418e-01
 -4.31194477e-01  4.52353324e-01  1.09587927e+00  2.64021854e-01
  6.38744842e-01  6.64663153e-01  1.37176582e-01  5.79818512e-01
 -6.59075998e-02 -2.44464350e-01 -8.37875533e-02  1.05309964e+00
  6.15218436e-01  6.94105232e-02  8.19378184e-01  1.17863708e-01
  6.92452209e-01  5.51534137e-02  1.30359347e+00  6.25748451e-01]