[0.         0.0019685  0.0019685  0.00787402 0.00787402 0.01181102
 0.01181102 0.01574803 0.01574803 0.01771654 0.01771654 0.01968504
 0.01968504 0.02362205 0.02362205 0.02559055 0.02559055 0.02755906
 0.02755906 0.03149606 0.03149606 0.04330709 0.04330709 0.0511811
 0.0511811  0.05314961 0.05314961 0.05905512 0.05905512 0.07283465
 0.07283465 0.07480315 0.07480315 0.07874016 0.07874016 0.08267717
 0.08267717 0.08464567 0.08464567 0.09251969 0.09251969 0.09448819
 0.09448819 0.09645669 0.09645669 0.1023622  0.1023622  0.10629921
 0.10629921 0.10826772 0.10826772 0.11811024 0.11811024 0.12007874
 0.12007874 0.12204724 0.12204724 0.12401575 0.12401575 0.12795276
 0.12795276 0.12992126 0.12992126 0.13188976 0.13188976 0.13385827
 0.13385827 0.14566929 0.14566929 0.1496063  0.1496063  0.15944882
 0.15944882 0.16338583 0.16338583 0.17125984 0.17125984 0.17322835
 0.17322835 0.17519685 0.17519685 0.17913386 0.17913386 0.18307087
 0.18307087 0.18503937 0.18503937 0.18700787 0.18700787 0.18897638
 0.18897638 0.19094488 0.19094488 0.19291339 0.19291339 0.19488189
 0.19488189 0.20866142 0.20866142 0.21259843 0.21259843 0.21456693
 0.21456693 0.21653543 0.21653543 0.21850394 0.21850394 0.22047244
 0.22047244 0.22637795 0.22637795 0.22834646 0.22834646 0.24409449
 0.24409449 0.25590551 0.25590551 0.25787402 0.25787402 0.26181102
 0.26181102 0.26377953 0.26377953 0.26771654 0.26771654 0.27165354
 0.27165354 0.27559055 0.27559055 0.28149606 0.28149606 0.28346457
 0.28346457 0.28543307 0.28543307 0.2992126  0.2992126  0.30708661
 0.30708661 0.30905512 0.30905512 0.31692913 0.31692913 0.32086614
 0.32086614 0.32283465 0.32283465 0.32677165 0.32677165 0.32874016
 0.32874016 0.33070866 0.33070866 0.33661417 0.33661417 0.34645669
 0.34645669 0.3503937  0.3503937  0.3523622  0.3523622  0.35629921
 0.35629921 0.35826772 0.35826772 0.36220472 0.36220472 0.36417323
 0.36417323 0.36614173 0.36614173 0.36811024 0.36811024 0.37598425
 0.37598425 0.37795276 0.37795276 0.37992126 0.37992126 0.38385827
 0.38385827 0.38976378 0.38976378 0.4015748  0.4015748  0.40551181
 0.40551181 0.40748031 0.40748031 0.41338583 0.41338583 0.41535433
 0.41535433 0.41732283 0.41732283 0.42913386 0.42913386 0.43503937
 0.43503937 0.44291339 0.44291339 0.44488189 0.44488189 0.44685039
 0.44685039 0.4507874  0.4507874  0.45472441 0.45472441 0.45866142
 0.45866142 0.46062992 0.46062992 0.46653543 0.46653543 0.47047244
 0.47047244 0.47244094 0.47244094 0.47440945 0.47440945 0.47637795
 0.47637795 0.48031496 0.48031496 0.48228346 0.48228346 0.48425197
 0.48425197 0.48622047 0.48622047 0.48818898 0.48818898 0.49015748
 0.49015748 0.49212598 0.49212598 0.49409449 0.49409449 0.4980315
 0.4980315  0.50590551 0.50590551 0.50787402 0.50787402 0.50984252
 0.50984252 0.51377953 0.51377953 0.52165354 0.52165354 0.52362205
 0.52362205 0.52755906 0.52755906 0.52952756 0.52952756 0.53346457
 0.53346457 0.53543307 0.53543307 0.53740157 0.53740157 0.54133858
 0.54133858 0.54330709 0.54330709 0.54527559 0.54527559 0.54724409
 0.54724409 0.5492126  0.5492126  0.5511811  0.5511811  0.55511811
 0.55511811 0.55708661 0.55708661 0.56496063 0.56496063 0.56889764
 0.56889764 0.57283465 0.57283465 0.57677165 0.57677165 0.58267717
 0.58267717 0.58858268 0.58858268 0.59055118 0.59055118 0.59448819
 0.59448819 0.59645669 0.59645669 0.5984252  0.5984252  0.6023622
 0.6023622  0.60433071 0.60433071 0.60826772 0.60826772 0.61220472
 0.61220472 0.61811024 0.61811024 0.62007874 0.62007874 0.62204724
 0.62204724 0.62795276 0.62795276 0.62992126 0.62992126 0.63188976
 0.63188976 0.63385827 0.63385827 0.63582677 0.63582677 0.63779528
 0.63779528 0.63976378 0.63976378 0.64173228 0.64173228 0.6496063
 0.6496063  0.65551181 0.65551181 0.65944882 0.65944882 0.66732283
 0.66732283 0.67125984 0.67125984 0.67322835 0.67322835 0.67519685
 0.67519685 0.68110236 0.68110236 0.68307087 0.68307087 0.68897638
 0.68897638 0.69488189 0.69488189 0.7007874  0.7007874  0.70669291
 0.70669291 0.71653543 0.71653543 0.72440945 0.72440945 0.72834646
 0.72834646 0.73425197 0.73425197 0.73622047 0.73622047 0.74015748
 0.74015748 0.7480315  0.7480315  0.7519685  0.7519685  0.75393701
 0.75393701 0.75590551 0.75590551 0.75787402 0.75787402 0.75984252
 0.75984252 0.76574803 0.76574803 0.77165354 0.77165354 0.77362205
 0.77362205 0.77755906 0.77755906 0.77952756 0.77952756 0.78937008
 0.78937008 0.79330709 0.79330709 0.79527559 0.79527559 0.7992126
 0.7992126  0.8011811  0.8011811  0.81102362 0.81102362 0.81299213
 0.81299213 0.81692913 0.81692913 0.82086614 0.82086614 0.82677165
 0.82677165 0.83267717 0.83267717 0.83464567 0.83464567 0.83661417
 0.83661417 0.84055118 0.84055118 0.84251969 0.84251969 0.84448819
 0.84448819 0.84645669 0.84645669 0.8503937  0.8503937  0.8523622
 0.8523622  0.85433071 0.85433071 0.85629921 0.85629921 0.86023622
 0.86023622 0.86417323 0.86417323 0.87007874 0.87007874 0.87204724
 0.87204724 0.87598425 0.87598425 0.87992126 0.87992126 0.88188976
 0.88188976 0.88385827 0.88385827 0.88582677 0.88582677 0.89173228
 0.89173228 0.89370079 0.89370079 0.89566929 0.89566929 0.8976378
 0.8976378  0.8996063  0.8996063  0.90354331 0.90354331 0.90748031
 0.90748031 0.91141732 0.91141732 0.91732283 0.91732283 0.91929134
 0.91929134 0.92125984 0.92125984 0.92322835 0.92322835 0.92519685
 0.92519685 0.92716535 0.92716535 0.93110236 0.93110236 0.93503937
 0.93503937 0.93700787 0.93700787 0.93897638 0.93897638 0.94291339
 0.94291339 0.94685039 0.94685039 0.9488189  0.9488189  0.9507874
 0.9507874  0.95472441 0.95472441 0.95669291 0.95669291 0.96456693
 0.96456693 0.97637795 0.97637795 0.98031496 0.98031496 0.98228346
 0.98228346 0.99015748 0.99015748 0.99409449 0.99409449 0.99606299
 0.99606299 1.        ]