[0.         0.         0.0019084  0.0019084  0.00381679 0.00381679
 0.00572519 0.00572519 0.00954198 0.00954198 0.01145038 0.01145038
 0.01335878 0.01335878 0.01526718 0.01526718 0.01717557 0.01717557
 0.02290076 0.02290076 0.02480916 0.02480916 0.02671756 0.02671756
 0.02862595 0.02862595 0.03053435 0.03053435 0.03244275 0.03244275
 0.03435115 0.03435115 0.03625954 0.03625954 0.04007634 0.04007634
 0.04198473 0.04198473 0.04389313 0.04389313 0.04961832 0.04961832
 0.05343511 0.05343511 0.05725191 0.05725191 0.0610687  0.0610687
 0.0629771  0.0629771  0.0648855  0.0648855  0.06679389 0.06679389
 0.07251908 0.07251908 0.07442748 0.07442748 0.08396947 0.08396947
 0.09351145 0.09351145 0.10114504 0.10114504 0.10305344 0.10305344
 0.10496183 0.10496183 0.10687023 0.10687023 0.11068702 0.11068702
 0.11259542 0.11259542 0.11832061 0.11832061 0.1240458  0.1240458
 0.13358779 0.13358779 0.13931298 0.13931298 0.14122137 0.14122137
 0.14312977 0.14312977 0.15076336 0.15076336 0.15648855 0.15648855
 0.16030534 0.16030534 0.16412214 0.16412214 0.16603053 0.16603053
 0.16793893 0.16793893 0.16984733 0.16984733 0.17175573 0.17175573
 0.17366412 0.17366412 0.17748092 0.17748092 0.17938931 0.17938931
 0.18129771 0.18129771 0.18320611 0.18320611 0.1851145  0.1851145
 0.19083969 0.19083969 0.20229008 0.20229008 0.20419847 0.20419847
 0.20610687 0.20610687 0.20801527 0.20801527 0.20992366 0.20992366
 0.21946565 0.21946565 0.22328244 0.22328244 0.23091603 0.23091603
 0.23282443 0.23282443 0.23664122 0.23664122 0.23854962 0.23854962
 0.24618321 0.24618321 0.2519084  0.2519084  0.26717557 0.26717557
 0.27290076 0.27290076 0.27671756 0.27671756 0.28053435 0.28053435
 0.28244275 0.28244275 0.28625954 0.28625954 0.29389313 0.29389313
 0.30725191 0.30725191 0.3129771  0.3129771  0.3148855  0.3148855
 0.31870229 0.31870229 0.32824427 0.32824427 0.33015267 0.33015267
 0.34541985 0.34541985 0.34732824 0.34732824 0.34923664 0.34923664
 0.35877863 0.35877863 0.36068702 0.36068702 0.3740458  0.3740458
 0.38549618 0.38549618 0.38740458 0.38740458 0.39122137 0.39122137
 0.39312977 0.39312977 0.39503817 0.39503817 0.39694656 0.39694656
 0.40267176 0.40267176 0.40648855 0.40648855 0.41030534 0.41030534
 0.41221374 0.41221374 0.41984733 0.41984733 0.42366412 0.42366412
 0.42748092 0.42748092 0.43129771 0.43129771 0.44083969 0.44083969
 0.44274809 0.44274809 0.44465649 0.44465649 0.44847328 0.44847328
 0.45038168 0.45038168 0.45229008 0.45229008 0.45419847 0.45419847
 0.45610687 0.45610687 0.45801527 0.45801527 0.45992366 0.45992366
 0.46183206 0.46183206 0.46755725 0.46755725 0.47519084 0.47519084
 0.47900763 0.47900763 0.48473282 0.48473282 0.48664122 0.48664122
 0.49427481 0.49427481 0.49618321 0.49618321 0.50381679 0.50381679
 0.50763359 0.50763359 0.51335878 0.51335878 0.51908397 0.51908397
 0.52671756 0.52671756 0.53053435 0.53053435 0.53435115 0.53435115
 0.53625954 0.53625954 0.53816794 0.53816794 0.54007634 0.54007634
 0.54198473 0.54198473 0.54770992 0.54770992 0.54961832 0.54961832
 0.55152672 0.55152672 0.55343511 0.55343511 0.55534351 0.55534351
 0.5610687  0.5610687  0.5629771  0.5629771  0.56679389 0.56679389
 0.56870229 0.56870229 0.57442748 0.57442748 0.57633588 0.57633588
 0.57824427 0.57824427 0.58778626 0.58778626 0.58969466 0.58969466
 0.59160305 0.59160305 0.59541985 0.59541985 0.59732824 0.59732824
 0.60114504 0.60114504 0.60496183 0.60496183 0.60687023 0.60687023
 0.61068702 0.61068702 0.61259542 0.61259542 0.61832061 0.61832061
 0.6240458  0.6240458  0.6278626  0.6278626  0.63549618 0.63549618
 0.64312977 0.64312977 0.64885496 0.64885496 0.65839695 0.65839695
 0.66030534 0.66030534 0.66221374 0.66221374 0.66412214 0.66412214
 0.66793893 0.66793893 0.67366412 0.67366412 0.67557252 0.67557252
 0.67748092 0.67748092 0.6870229  0.6870229  0.70038168 0.70038168
 0.70229008 0.70229008 0.70419847 0.70419847 0.70610687 0.70610687
 0.70992366 0.70992366 0.71183206 0.71183206 0.71564885 0.71564885
 0.71755725 0.71755725 0.73854962 0.73854962 0.74045802 0.74045802
 0.74236641 0.74236641 0.74427481 0.74427481 0.7480916  0.7480916
 0.7519084  0.7519084  0.75572519 0.75572519 0.75954198 0.75954198
 0.76335878 0.76335878 0.76717557 0.76717557 0.76908397 0.76908397
 0.77480916 0.77480916 0.77671756 0.77671756 0.78244275 0.78244275
 0.79007634 0.79007634 0.79198473 0.79198473 0.79580153 0.79580153
 0.79961832 0.79961832 0.80343511 0.80343511 0.8129771  0.8129771
 0.81679389 0.81679389 0.82061069 0.82061069 0.82442748 0.82442748
 0.83396947 0.83396947 0.83778626 0.83778626 0.84160305 0.84160305
 0.84351145 0.84351145 0.84732824 0.84732824 0.84923664 0.84923664
 0.85877863 0.85877863 0.86259542 0.86259542 0.86450382 0.86450382
 0.86641221 0.86641221 0.8721374  0.8721374  0.8759542  0.8759542
 0.8778626  0.8778626  0.87977099 0.87977099 0.88167939 0.88167939
 0.88358779 0.88358779 0.88931298 0.88931298 0.89122137 0.89122137
 0.89312977 0.89312977 0.89503817 0.89503817 0.89885496 0.89885496
 0.90267176 0.90267176 0.90648855 0.90648855 0.91030534 0.91030534
 0.92748092 0.92748092 0.92938931 0.92938931 0.93129771 0.93129771
 0.93320611 0.93320611 0.9389313  0.9389313  0.94083969 0.94083969
 0.94274809 0.94274809 0.94465649 0.94465649 0.94656489 0.94656489
 0.95038168 0.95038168 0.95419847 0.95419847 0.96374046 0.96374046
 0.96564885 0.96564885 0.96755725 0.96755725 0.96946565 0.96946565
 0.97328244 0.97328244 0.97519084 0.97519084 0.97709924 0.97709924
 0.98091603 0.98091603 0.98282443 0.98282443 0.98664122 0.98664122
 0.98854962 0.98854962 0.99045802 0.99045802 0.99618321 0.99618321
 0.9980916  0.9980916  1.         1.        ]