[ 2.90190744e+01 -1.07637091e+01  1.48419470e+00  1.43618575e+01
 -1.39297799e+00  9.62272165e+00  1.79786878e-01  2.89527384e-02
  1.00202792e+02 -4.38404729e+00  4.67075559e+00  4.41717996e-01
  3.45393331e-02 -2.33134520e+01  1.85111108e+02  6.17829266e-01
  7.84359778e+00  6.22693991e+01 -5.51104798e+00 -6.54801475e+01
 -6.32387213e-01  4.86391673e+00 -4.59480056e+00 -2.10175974e+00
  8.20682756e-01 -2.21197033e+01 -1.51613014e+01 -4.68699826e+01
 -1.27032027e+01 -2.90152018e-01  1.98228276e+00  8.14641300e-01
  9.01087369e+00  3.90094306e-01  4.69495002e+00 -3.40266465e+01
 -8.43783757e-01 -7.78057120e-01  1.03386460e+01 -9.03079681e+00
  1.17777182e+01 -4.54021366e+01 -2.00497702e+01 -1.31332570e+01
  1.29722707e-01 -2.59253238e+01  4.93497713e-02  1.34569050e+00
 -3.00399752e-01  4.64823501e-01  9.86932162e+00  1.54855853e+00
  1.49205466e+00 -4.31250121e+00  7.12544683e-01 -1.09289476e+01
  1.98793548e-01  8.90622183e-01  3.67257038e-01  5.14158382e+00
  8.33079171e+00  2.75773495e+00  6.36351670e+01  3.76342444e-01
  7.68925886e-01  1.16087647e+00  4.26556001e+00 -2.34547585e+01
 -1.33490937e+01 -3.57296777e+00 -1.89743500e+00  4.89458149e-02
  4.50044608e-01 -7.12771036e+00 -4.25097879e-01  9.98072949e-01
  6.16752841e+00 -3.97659006e+00  4.33966614e+00 -7.69931620e-01
  4.79541181e-01  8.94779794e+00 -4.76831034e+00 -7.88262806e+00
 -5.79739341e-01 -5.01823144e+00 -1.27483165e+00  3.48926283e-01
 -2.05184763e+00 -6.71558338e-03  1.06870752e+01 -1.12133677e+01
  6.61525695e-01  2.40552321e+00 -1.07586883e+01 -1.13008930e-01
 -7.35135356e+00 -2.04775888e+01  3.79286480e+00  1.48185936e+01
 -1.29999346e+00  3.32344385e-01 -2.09984303e-01 -1.66569539e+00
 -3.86518748e+00  2.51506907e+00 -4.44672589e-01  9.12524830e-01
 -1.01362099e+01 -3.68229223e-01 -1.02958667e+01  1.25575365e+00
  3.98208673e-01  1.90032257e+00  3.21187378e-01  1.08056736e-01
  1.63371852e+00  4.28487501e-01  7.35737735e-01 -2.54971650e+00
  4.78605991e-01  9.51203450e-01  1.39407972e+00 -7.09753568e+00
 -4.18144856e+00  2.70487782e-01 -3.35024099e+00 -4.78535586e-01
  1.21190623e+01  7.12004336e-01 -2.95136723e-01  6.66840843e+00
  9.00256437e+00  4.58014791e-01  6.42838319e-01 -1.38309060e+01
  1.84810696e+00 -1.87123186e+00  2.29068647e+01 -6.63860551e+00
  1.39064054e+00  1.65655478e-01  1.86156985e-01  2.36048129e+00
 -1.25887283e+01  3.53898145e+01 -4.27535995e+00  7.83040551e-01
 -4.40722217e+01  5.04190417e-01  1.90006538e+01  2.70224480e-01
 -1.04370685e+01  9.00885580e-01 -5.66950257e+01  1.87910207e+00
  7.76453975e-01  3.49235922e-01  2.63042004e+01 -6.29554710e-01
 -1.65690383e+00  8.33423814e-01  1.41114151e+00  7.62163425e-01
  6.14210187e-01  1.55735593e+01  4.19351496e+00 -1.39470367e+00
 -3.14696277e+00  4.28173434e+00  8.31568324e+00  1.15106695e+00
  2.58636170e+01 -1.53501002e+00  9.81077804e-01  1.86547038e+00
  8.29735202e+01 -1.55304968e+01  3.17123651e+01 -8.68650973e-01
 -2.46125593e+00  1.75422648e+00  3.42725206e+00  3.59432451e+01
  2.66449280e+01  3.04412306e+00  1.95817987e+00  1.01271182e-01
  1.03655326e+00  9.15782812e+00  8.59614750e+00  2.32881101e+01
  2.22384158e+00  4.18484902e+01  4.05733936e-01 -4.08314648e+00
  3.81443707e+01  1.54147761e+00 -7.00290694e+01  8.44354972e-01
 -2.54041606e+00  1.10016205e+00  2.10913722e+00 -2.15138716e-02
  4.91901478e+01 -2.84443740e+01  1.11052713e+00 -5.82315827e+00
  1.05776854e+00 -1.98977398e+01  2.16868497e+01 -1.56129708e+01
 -2.87084586e+00  1.57028706e+01 -3.62971247e-02  2.32985046e+00
  1.05874310e+00 -6.43087072e+00  8.34176814e-03 -3.86521337e-01
  1.01206488e+00 -1.21113855e+01 -1.51804881e+02  1.12867333e+01
 -8.02359505e+00  4.58473038e-01 -2.01772741e+00  4.74510870e+00
  4.50135164e+00  1.18455904e-01  6.45643492e-01  1.59891009e+01
 -1.07040244e+01  4.59246285e-01 -3.45282426e-01  3.58138946e+00
 -3.01061591e+00 -3.33944268e+00  2.80712745e+01 -7.41269833e+01
  8.11786274e-01  1.99710637e+00  1.75009170e+00  5.76577891e+00
  1.72743301e+01 -1.96866394e+01  2.21764295e-01 -3.40443727e+00
  1.68885625e+00 -7.03920935e-02 -1.96164582e+01  3.99210917e+00
 -2.08780667e-01  1.16845857e+01  2.81519167e+00  7.98744776e+00
  2.19826422e-01  7.08253845e-01  3.23085350e-01  1.17310098e+00
 -3.39418349e-01 -1.96918731e+00  1.53026627e+01 -1.44231149e-01
 -2.13447731e+00 -2.59611638e-01  2.47139959e+00  4.12020858e-01
 -2.71047678e-01 -1.42090602e+00  1.42303758e+00 -4.75805749e+00
  1.04318805e+00  6.99623924e+00 -5.80345633e+00 -2.06564799e+01
 -1.86791374e-01 -3.97498558e+00  6.05544928e-01 -7.50532381e+00
  2.24970014e-02 -1.24225530e+00 -1.33443230e-01 -2.79960148e+01
  3.82161327e-01 -1.04121798e+01  2.67520407e+01  3.26989019e+00
  3.13028293e+01 -1.78742812e+01 -3.20220571e+00 -3.96850926e-01
  5.23278538e+01 -1.33925243e+00  3.59552725e-01  2.87607535e+00
  3.71010399e+00 -6.87441826e+00  2.16863646e+01  8.00611096e-02
 -4.06450417e+00  1.41789611e+01  3.92265752e+00  5.23796840e+00
 -5.86082842e+00  9.23166419e+00  1.33702106e+00 -2.38621559e+00
  3.91898428e+00  5.79807451e-01  7.42793138e+00  1.51335848e+01
  1.87216376e+01 -8.51016361e-01 -5.29471492e-01  2.72933900e+01
  5.00568963e+01  6.20039973e+00 -4.00563369e+00  1.33826004e+02
  2.21021395e+00 -1.74056056e+02  5.60876124e+00  1.80606220e+00
  3.50296695e+00 -4.57305324e+00  2.07349630e-01  2.78801915e+00
 -5.18061331e+01  1.24328846e+00  2.49893660e+00 -2.85527174e+00
 -3.44118774e-01  7.88648077e-01  3.18991388e-01 -3.30910455e+01
  2.21617835e+00 -9.77212099e+00  4.87943259e+00 -3.06430803e+00
 -6.29778410e+00  5.04222893e+01  4.29553235e+00 -2.50054571e-01
  3.86953223e-01  3.22357165e+00  4.19060892e+00 -1.20070733e+01
 -1.74011326e+00  2.15975359e+01  2.92414182e+00  2.17758487e+01
 -3.42014868e+01  2.33458784e+01 -6.48040883e-01  7.10789187e+00
 -1.27832739e+00 -1.06015446e+00  1.58997106e+01  1.47384427e+01
  1.26163034e+01 -2.35540251e-01  1.43956686e+01  1.01498329e+01
  2.19693726e+01 -3.92960720e+01  5.14159049e-01  3.71860104e+01
  9.24157207e+00 -2.51111820e+01  3.00953488e+01  3.13038134e-01
 -1.37298944e+00 -4.72402602e+00  5.57863405e-01  7.66593319e-02
  4.20965848e-01 -7.19026181e-01 -2.41929658e+01  7.50285574e-01
 -3.10950859e+00  4.88486588e-01 -1.98833109e+00  6.30274026e+00
  9.46194586e-01  2.04419384e+00  3.16963664e-01  5.95031616e+00
  4.98548453e+00  7.12158114e+00  9.46549482e-01  1.40074625e+00
  5.93084134e-01  3.00396074e+01  4.84133559e+00 -5.95093125e+01
  1.64357035e+00 -1.31332171e+00  9.57820163e-01 -6.02611240e+00
 -1.15754497e+01 -2.55635564e+01 -1.56452687e+00 -1.19596661e+00
  4.62131733e-01 -1.24527390e-01 -1.43902229e+01  1.78502271e+00
 -2.38482215e+00  7.77378372e-01 -8.04077716e-01  5.57081576e+00
 -1.52763313e+01 -3.54826471e-01  9.65271201e-01  2.76854742e-01
 -9.43547720e-01 -1.62514893e+01  1.12738597e+02 -2.39385800e+00
 -5.28704306e-01  2.49557940e+01  2.56826694e+01 -2.76552069e+00
  1.37946935e+01  1.85533708e+01  5.20877933e+01  5.38352877e+00
  1.54747632e+01  2.88807129e+00  6.55235960e-01  1.60081422e+01
 -5.01044098e-01 -7.56222884e+00  3.99417778e+00  4.11252778e+01
 -6.38831167e+00  5.64318009e-01  3.08399464e+00  7.40783560e+01
  1.60605052e+01 -9.49304328e-01 -7.11911355e-01 -2.89281489e+01
  7.26531148e+01  2.43449849e+00 -5.49954386e+00  5.01345137e+01
  1.83415693e+00 -4.71950534e+00 -6.61869615e-01 -3.32461867e+00
 -2.13210824e+00  4.30376043e+00  6.02957817e+01 -4.62008544e+00
  1.38231254e+01 -3.01472535e+01 -2.42245235e+00  1.14855553e+01
  2.33053307e+00  1.02905915e+01  2.70309766e+00 -2.21369597e-01
  4.57868328e+00 -2.47220303e+00  1.19536045e+01 -2.66054776e+00
 -2.88908584e-01 -1.62289924e-01 -2.10307863e+01  9.85877980e-01
  4.97068956e-01  6.71260509e-01  4.48089600e-01  2.00764917e+01
 -3.43887920e+01 -1.74757072e+00  2.90595039e+01 -1.74120664e+01
 -4.80705610e+00 -5.81390153e+00  3.15920591e+00  1.08611530e+01
  3.03215751e+01 -1.22317237e+00 -9.92937463e+00  9.50291369e+00
  1.37898980e+01 -3.80325194e+00  4.88158143e-01  1.63007274e+01
  1.27706236e+01  2.75930968e-01  1.27599579e+01 -2.88052513e-01
 -1.39465847e+01  9.59806074e+00  2.51730365e-01 -1.61614674e+00
  2.08002806e+00 -2.89495835e+00 -1.11149950e-01 -4.49203677e-03
  3.99969771e+00 -8.43596191e-01  2.81384649e+00  7.30500790e+00
 -4.37165421e+00 -9.87272894e+01  8.28041622e-01  2.33109548e+01
 -2.92622119e+00 -3.12433826e+01  2.10264325e-01 -3.55221683e+00
 -5.26239252e+01 -3.25309000e+00  1.34995865e+01  9.52788628e+01
  4.05975375e-01 -1.40589837e+00  2.39170077e+00  1.75373835e+01
  2.69157692e-01  5.37803625e+00  1.20775679e+01  8.13982089e-01
  1.30129757e+01  2.11547356e-01  1.31060024e+01 -2.52609451e+01
  1.31990625e+02 -3.82394469e+01 -3.40115608e+01 -3.32247522e+00
  2.31391518e+00 -1.90887041e+01 -2.15938653e+00  4.07471368e+01
  3.28062103e-01 -1.92224186e+00 -1.86710151e+00  3.23344498e+00
  5.96639331e+01 -1.73979597e+00  3.38444765e+01 -2.82070073e+01
  5.19101995e+01 -1.83823628e+01  4.78139229e+00 -1.42626530e+01
  1.37033559e+00  1.84481730e+00  1.56578672e+00  2.29016487e+00
  3.53067390e-01  2.10392244e+00 -2.04671565e-01  8.28474718e+00
  2.13120432e+02  1.94275390e+02  3.87316543e+01  5.77810842e-01
 -3.24253803e+00  2.69040035e+01  8.52994277e+00 -7.92848574e+00
 -1.74048000e+00  1.73154707e+00  6.86514299e+00 -5.22614794e-01
  1.32877955e+01  5.11203774e-01  2.96727244e+01 -4.67106889e+01
 -1.66766670e+00 -2.60889840e+01 -3.40254051e+01  1.16131757e+01
 -3.18593888e+00  5.00921278e+00  2.30405180e+00  1.99962262e+00
  6.41260749e+00 -5.74416328e+00 -5.02855900e-01  2.16132923e+01
  1.18319477e+00  3.15136534e+00  1.70244658e-01  2.57640846e+00
 -2.70016815e+01 -1.07258511e+00  2.17976847e+00 -4.51698987e+01
  5.43143852e+00  1.02696893e+01  6.53182353e-01  1.45318984e+00
  2.21957361e+00  2.19925967e+01  4.29302762e-01  1.53606325e+00
  4.49477484e-01  5.35011836e-01  4.38901350e+01  6.11987841e-01
  5.79484235e-01 -7.99259346e+00 -1.35981077e+01  9.90635313e+00
 -1.12961152e-01 -4.68704669e-01  2.34854514e+01 -6.24259945e+00
 -5.61233526e+00  2.26697210e+00  2.81971052e+00  3.66033335e+00
 -1.80275194e-01 -9.66357667e+00  2.49649115e-01 -1.06160592e+00
 -5.80091056e-01  1.21091908e+01  1.51420862e+00 -1.22207528e+01
  2.83102468e+00  3.50536863e+00  1.04925740e+01  2.57632904e+01
 -1.43244419e+01 -2.66922346e+01  3.93683580e+01  4.33868512e-01
  2.66494202e-01  8.88556152e+00  5.78733279e+01  2.06525596e+01
 -1.85881610e+01 -8.64082229e+00  1.01050312e+02  1.79664350e+01
  9.11986973e+00  1.87809877e-01  4.62253751e-01  1.15659084e+00
 -2.41355091e+00 -4.09199125e+00  5.87901851e-02  1.55870297e+00
  2.81198851e+00 -1.48476785e+01  3.63476998e+00  6.51064006e+00
  2.16586494e+01 -2.57808995e+00  2.07354187e+00 -4.84092544e+00
 -1.00670155e+01 -2.60655180e+01 -3.33189137e-01  5.60105943e-01
  2.33161840e+00 -5.72502685e-01  1.82674383e+01 -7.80119736e+00
  1.08685791e+01  5.37546931e+00  1.02236112e+01  1.00923779e+01
 -2.74724741e+00  3.16391897e-01  7.69081955e+00  1.30023704e+00
  9.43653846e+00  4.65972217e+00 -3.82948916e+01 -2.18123006e+00
  1.29295692e+02  1.57420374e+00  1.67496008e+00 -3.46103711e+00
  3.51581721e+01 -7.43115514e+00 -6.07680001e-01  4.54257444e+00
 -7.64538838e+00  2.31883193e+01 -1.24188024e+01 -1.39808047e+00
  4.04939439e+00 -2.50287176e-01 -1.14023806e+02  9.79968723e+01
 -9.99155046e+00  1.68988880e-01 -2.03829353e+00 -1.54622158e+00
  5.04577913e-01 -5.77788580e+00  2.67267862e+01  2.02906496e+00
  9.01454538e+01  7.69077277e-01  2.37917363e-01 -1.20026845e+01
 -5.04462514e+00  3.46438763e-01 -4.75972334e+00  1.87590875e+00
  3.22373163e+01 -3.87103083e+01  2.91500088e+00  3.61573949e-01
  7.88847293e-02  7.38630789e-01 -2.91737110e+01 -1.28362909e+01
  9.91386116e-01  5.57568618e+00  4.21768285e-01  1.88924672e+02
 -4.60223739e+00 -1.57041506e+00  3.49497009e+00  6.18196211e+00
 -6.13269767e-01  3.93060567e+00 -3.16116783e+01  3.08630594e+01
  1.39225667e+00 -1.09751352e+00  1.43439025e+00 -2.49394069e+00
 -5.23847443e+01  9.10801437e-01  7.27296383e+01  6.14337823e+00
 -1.35269309e+01 -6.55019084e-01  5.06773901e-02  1.36662367e-01
  5.08381563e+00 -1.68321222e+00 -4.20315664e+00  1.77131360e+01
  6.74609321e-02  1.65303778e+00  1.42664238e+01  1.52767380e+00
  1.04346034e+00 -7.39390264e+00  2.30944592e+01 -2.53362035e+01
  3.84357169e-01  6.91153434e-01  1.05515329e+00  8.76857540e+00
 -3.68325539e-03 -9.28671689e+00 -1.38362166e+00  5.05472249e-01
  1.21425016e+00  3.33381064e+00 -2.31293611e+00 -6.53126973e-01
 -3.96178826e+00  1.95493302e+00  8.52381983e-01  5.37338877e+00
  3.82894249e+01 -5.63362897e+00  1.58144162e-01  3.46277177e-01
  8.14340603e-01 -5.55055093e-01  4.25429181e+01  1.05600148e+00
  2.49355427e+02 -4.93703369e+01  1.13569446e+00  4.83556566e-01
  6.57528350e-01  1.63966251e+00 -1.57387166e+00 -3.52576928e+00
 -3.73786687e-01 -1.60012293e+01 -1.59514710e+01  7.46023320e+00
  7.51369684e-01 -1.02181588e+02  1.57273826e+01  4.72901608e-01
  5.20823294e-01  4.15455061e+01 -4.16639040e+01  2.71585025e-01
  2.90499041e+00  1.36949229e+00 -4.32640663e+01 -4.57991682e+00
 -6.72443523e+01  1.80703315e-01 -2.09828356e+01  5.53020240e+00
  5.51539043e-01  1.57800115e+01  2.30279009e+02 -8.01409624e-01
  3.70399398e-01  1.08472435e+01 -5.40057100e+01 -1.07538077e+01
  7.29078557e-01 -4.62612064e+00 -9.95010210e-01  1.58158192e-01
 -1.10617666e+02  1.91769594e+01 -2.05744331e+00 -2.07919405e+00
 -2.23819073e+00  2.40339153e-01  1.03525608e+00  1.07662400e+00
  3.54714443e-01  3.59312514e-01  2.41858145e+01  4.29857295e+01
  6.78824103e+01 -3.23201393e+01 -4.92980270e+01  5.38717931e+01
 -1.54453119e+01  1.09255544e+00 -4.95580085e+00  3.02835646e+01
  5.31344209e-02  7.65708818e+00  1.34068384e+01  4.79969357e-01
  4.63236421e+00  8.45320985e-01 -9.76676685e+00 -7.97955969e+00
  2.12128810e+01  4.11971420e+01  4.36055815e+00  5.07964723e-01
 -1.75741233e+01 -7.19520747e+00  1.22845801e-02  1.47170233e+00
 -1.03118088e+01  4.72235825e-01 -1.34545649e+01  6.35780675e-01
  4.26937821e+00 -9.52493226e+00  4.64797943e-01  8.42991381e-01
  3.14542753e+01 -6.30430427e-01  1.29946671e+01 -1.12212175e+00
  6.16213311e+00 -5.15625278e+01 -8.01787149e+00  1.69104824e+01
  3.04650956e-01 -1.29540519e+01  4.32507906e-01 -3.40274267e+00
  2.96182719e+00 -7.48626320e-01  8.35877824e+00  6.19615294e-01
 -5.46324353e-01 -1.77698818e+01 -2.67119831e+00 -3.98322994e+01
  4.33696799e-01 -2.89177066e+00 -3.30914678e+01  2.83749056e+00
  8.70532655e+01  3.34110319e+00  1.25463818e+01 -1.71767859e+00
 -2.34651621e+01 -8.15565393e+00 -1.91582844e+01 -7.59364842e+00
  2.14117323e+01 -5.49701815e+00 -1.46123173e+01 -3.33155783e+00
 -7.93977565e+00  6.45396230e-01  1.66493732e+00  3.97127191e+00
  6.52043413e+00 -4.15460114e-01 -8.98411231e+00  3.96798514e+01
 -1.02905612e+01 -7.18203597e-01 -4.87064648e+00 -8.37225669e+00
 -2.92214641e+00  4.94138901e+00  3.47787037e+00  1.80561812e+01
  2.40612708e+00 -3.37141118e+01 -3.17179074e+00 -1.84300568e+01
  1.10291433e+00  3.14724810e-01  1.64670914e+01 -6.97708407e-01
 -8.01206578e+00  1.13517906e+00 -7.27158126e-01 -1.73028688e+01
  1.20130850e-01  1.48315931e+00 -2.54776550e+01  8.13690844e+00
  2.33795807e+01  4.15605751e+00  6.68657740e+00 -9.46128037e+00
  9.74465443e+00 -6.23669602e+01 -3.82497255e+01 -2.19465030e+00
  5.42692313e+01  1.46256640e+00  1.61266269e+00  6.30392180e+01
  2.24878416e+01  5.96249259e+01  8.60153744e+00 -1.06393626e+01
  3.70724739e+00  6.66336731e+00 -2.95324017e+01  3.68399553e+01
  3.66132738e-01  2.25200298e+01 -1.11647607e+00  5.57811807e+00
  8.75480177e+00  7.51591087e+00 -1.80451335e+01  3.91409716e-01
 -7.55162222e-02 -1.24348511e+00  6.67188181e+01  8.12455067e+00
 -1.45202096e+01  1.91356301e+01 -6.94711734e+00 -1.53411997e+01
  3.57790432e+01  2.44404963e+00  4.61926489e-01 -5.45324135e+01
 -2.52022136e+00 -1.66307772e+01 -1.87151853e+01 -2.36573729e+00
  2.47011034e+00 -2.85501941e+01  1.95814253e+02 -2.51135979e-01
  8.38113597e-01  5.82862220e-01  2.48783443e+01  5.18679270e+00
 -4.68526962e+00  1.29201516e+01 -4.54233958e+00 -3.87675674e+01
 -9.66641826e+01  7.89855636e+01  2.90553474e+00 -4.35166892e+00
  2.60784412e-01  6.20228829e+00  2.26059204e+00  2.79508144e+00
 -2.48739915e+01  9.41221317e+01  1.09027131e+01  2.46140635e+00]