[0.         0.00210084 0.00210084 0.00840336 0.00840336 0.01260504
 0.01260504 0.01470588 0.01470588 0.01890756 0.01890756 0.0210084
 0.0210084  0.02310924 0.02310924 0.02521008 0.02521008 0.02731092
 0.02731092 0.03151261 0.03151261 0.03571429 0.03571429 0.03781513
 0.03781513 0.04411765 0.04411765 0.04621849 0.04621849 0.04831933
 0.04831933 0.05672269 0.05672269 0.05882353 0.05882353 0.06092437
 0.06092437 0.06512605 0.06512605 0.06722689 0.06722689 0.07352941
 0.07352941 0.07563025 0.07563025 0.08403361 0.08403361 0.09243697
 0.09243697 0.09663866 0.09663866 0.10504202 0.10504202 0.1092437
 0.1092437  0.11554622 0.11554622 0.11764706 0.11764706 0.12184874
 0.12184874 0.12394958 0.12394958 0.12605042 0.12605042 0.13445378
 0.13445378 0.13865546 0.13865546 0.14495798 0.14495798 0.1512605
 0.1512605  0.15336134 0.15336134 0.16176471 0.16176471 0.16386555
 0.16386555 0.16596639 0.16596639 0.17016807 0.17016807 0.17226891
 0.17226891 0.17436975 0.17436975 0.17647059 0.17647059 0.18067227
 0.18067227 0.18277311 0.18277311 0.18907563 0.18907563 0.19117647
 0.19117647 0.20168067 0.20168067 0.20378151 0.20378151 0.20588235
 0.20588235 0.21428571 0.21428571 0.22058824 0.22058824 0.22268908
 0.22268908 0.22689076 0.22689076 0.2289916  0.2289916  0.23109244
 0.23109244 0.23319328 0.23319328 0.24579832 0.24579832 0.25210084
 0.25210084 0.25420168 0.25420168 0.2605042  0.2605042  0.26470588
 0.26470588 0.26680672 0.26680672 0.2710084  0.2710084  0.27310924
 0.27310924 0.27731092 0.27731092 0.27941176 0.27941176 0.28781513
 0.28781513 0.28991597 0.28991597 0.29411765 0.29411765 0.29621849
 0.29621849 0.29831933 0.29831933 0.30042017 0.30042017 0.30252101
 0.30252101 0.30882353 0.30882353 0.31302521 0.31302521 0.31512605
 0.31512605 0.31932773 0.31932773 0.32142857 0.32142857 0.32352941
 0.32352941 0.32773109 0.32773109 0.32983193 0.32983193 0.33403361
 0.33403361 0.33823529 0.33823529 0.34033613 0.34033613 0.34453782
 0.34453782 0.34663866 0.34663866 0.3487395  0.3487395  0.35084034
 0.35084034 0.35294118 0.35294118 0.35714286 0.35714286 0.36134454
 0.36134454 0.36554622 0.36554622 0.3697479  0.3697479  0.37394958
 0.37394958 0.37605042 0.37605042 0.37815126 0.37815126 0.3802521
 0.3802521  0.38235294 0.38235294 0.38445378 0.38445378 0.38865546
 0.38865546 0.3907563  0.3907563  0.39285714 0.39285714 0.40546218
 0.40546218 0.40966387 0.40966387 0.41176471 0.41176471 0.41386555
 0.41386555 0.42016807 0.42016807 0.42436975 0.42436975 0.42857143
 0.42857143 0.43067227 0.43067227 0.43487395 0.43487395 0.44117647
 0.44117647 0.44327731 0.44327731 0.44747899 0.44747899 0.44957983
 0.44957983 0.46218487 0.46218487 0.46638655 0.46638655 0.47058824
 0.47058824 0.48739496 0.48739496 0.49159664 0.49159664 0.49579832
 0.49579832 0.49789916 0.49789916 0.5        0.5        0.50210084
 0.50210084 0.50420168 0.50420168 0.50840336 0.50840336 0.5105042
 0.5105042  0.51260504 0.51260504 0.51470588 0.51470588 0.51890756
 0.51890756 0.52941176 0.52941176 0.53361345 0.53361345 0.53781513
 0.53781513 0.53991597 0.53991597 0.54201681 0.54201681 0.54411765
 0.54411765 0.54621849 0.54621849 0.54831933 0.54831933 0.55042017
 0.55042017 0.55252101 0.55252101 0.55672269 0.55672269 0.55882353
 0.55882353 0.56302521 0.56302521 0.56932773 0.56932773 0.57142857
 0.57142857 0.57563025 0.57563025 0.57773109 0.57773109 0.57983193
 0.57983193 0.58193277 0.58193277 0.58613445 0.58613445 0.59453782
 0.59453782 0.59663866 0.59663866 0.5987395  0.5987395  0.60084034
 0.60084034 0.60294118 0.60294118 0.60714286 0.60714286 0.6092437
 0.6092437  0.6197479  0.6197479  0.62184874 0.62184874 0.62394958
 0.62394958 0.62605042 0.62605042 0.62815126 0.62815126 0.63235294
 0.63235294 0.63655462 0.63655462 0.64285714 0.64285714 0.64495798
 0.64495798 0.6512605  0.6512605  0.65546218 0.65546218 0.65966387
 0.65966387 0.66176471 0.66176471 0.66386555 0.66386555 0.66806723
 0.66806723 0.67016807 0.67016807 0.68277311 0.68277311 0.68487395
 0.68487395 0.68907563 0.68907563 0.69537815 0.69537815 0.69747899
 0.69747899 0.70168067 0.70168067 0.70378151 0.70378151 0.70588235
 0.70588235 0.71008403 0.71008403 0.71638655 0.71638655 0.71848739
 0.71848739 0.72058824 0.72058824 0.72478992 0.72478992 0.73529412
 0.73529412 0.74579832 0.74579832 0.74789916 0.74789916 0.75
 0.75       0.75210084 0.75210084 0.75420168 0.75420168 0.7605042
 0.7605042  0.76260504 0.76260504 0.76890756 0.76890756 0.77941176
 0.77941176 0.78151261 0.78151261 0.78781513 0.78781513 0.79201681
 0.79201681 0.79411765 0.79411765 0.79621849 0.79621849 0.80462185
 0.80462185 0.81092437 0.81092437 0.81302521 0.81302521 0.82352941
 0.82352941 0.82773109 0.82773109 0.83403361 0.83403361 0.83613445
 0.83613445 0.84033613 0.84033613 0.84243697 0.84243697 0.84453782
 0.84453782 0.8487395  0.8487395  0.85504202 0.85504202 0.86554622
 0.86554622 0.86764706 0.86764706 0.8697479  0.8697479  0.87184874
 0.87184874 0.87605042 0.87605042 0.88235294 0.88235294 0.88445378
 0.88445378 0.88655462 0.88655462 0.8907563  0.8907563  0.89285714
 0.89285714 0.89495798 0.89495798 0.89705882 0.89705882 0.9012605
 0.9012605  0.90336134 0.90336134 0.91386555 0.91386555 0.91596639
 0.91596639 0.91806723 0.91806723 0.92016807 0.92016807 0.92436975
 0.92436975 0.92647059 0.92647059 0.93277311 0.93277311 0.93487395
 0.93487395 0.93907563 0.93907563 0.94117647 0.94117647 0.94537815
 0.94537815 0.94747899 0.94747899 0.96008403 0.96008403 0.96848739
 0.96848739 0.97058824 0.97058824 0.97268908 0.97268908 0.97478992
 0.97478992 0.98529412 0.98529412 0.98739496 0.98739496 0.99159664
 0.99159664 0.99369748 0.99369748 1.        ]