[ 2.055162    1.055162    1.02614072  0.9820331   0.97439978  0.95390716
  0.93023614  0.91663327  0.90682851  0.90203788  0.89958275  0.89866115
  0.88922609  0.87749473  0.87452983  0.86926638  0.86159536  0.85919094
  0.85837354  0.84300086  0.83772519  0.81595955  0.81576765  0.81259427
  0.8103114   0.80942495  0.80922425  0.80047199  0.79839135  0.78889614
  0.78286163  0.78191172  0.78182083  0.77810292  0.77618046  0.77451273
  0.77393167  0.77371432  0.77109256  0.75764385  0.7558853   0.75457654
  0.75083883  0.75033895  0.74467986  0.74446503  0.74247105  0.74118519
  0.73866309  0.73763829  0.73621356  0.73356499  0.73283596  0.73239323
  0.72723883  0.72596951  0.72230182  0.72182992  0.72142965  0.71948641
  0.71925664  0.71880941  0.71861921  0.71748282  0.71742817  0.7163955
  0.71570465  0.70865095  0.70702295  0.70647575  0.70386902  0.69975429
  0.69654806  0.6923835   0.69166724  0.68772077  0.68766478  0.68717938
  0.68698939  0.68643157  0.68531702  0.68346279  0.68305192  0.68255917
  0.68222924  0.68197859  0.68171998  0.6811752   0.68106519  0.68076811
  0.67956274  0.6793005   0.67799188  0.67735317  0.67695696  0.67690187
  0.67625374  0.67248503  0.67207658  0.67143822  0.67115606  0.67063566
  0.66932014  0.66685205  0.66597407  0.66527979  0.66343322  0.66323452
  0.66280554  0.66005694  0.6578477   0.65704106  0.65303987  0.64949934
  0.64712163  0.64299612  0.64281368  0.64145264  0.63794737  0.63619685
  0.6356664   0.63539655  0.63446374  0.63352485  0.63266519  0.63180063
  0.63031915  0.62868536  0.62842645  0.62741586  0.62717995  0.62654557
  0.62406074  0.62382264  0.62339703  0.62160641  0.62150317  0.62103946
  0.61727384  0.61685695  0.61657858  0.61555236  0.61495137  0.61414239
  0.61369519  0.61274001  0.61177505  0.61050402  0.60889397  0.60875818
  0.60752953  0.60741763  0.60633934  0.60390542  0.60388107  0.60206999
  0.60012766  0.59944229  0.5971      0.59627941  0.59593851  0.59514727
  0.59510367  0.5932435   0.59296731  0.59187726  0.59181749  0.5916294
  0.59136013  0.59074236  0.5906538   0.59030248  0.5901222   0.58883792
  0.58825569  0.58768697  0.58761124  0.58740968  0.58715165  0.58591896
  0.58559631  0.58415457  0.58283051  0.57826263  0.57792448  0.57662852
  0.5758079   0.57537765  0.57330431  0.57060823  0.56930645  0.56913094
  0.56753921  0.5673207   0.5657619   0.5645457   0.56350404  0.56257246
  0.56232648  0.56047403  0.5603064   0.56026866  0.55759544  0.55672251
  0.55497047  0.55445494  0.55369107  0.55348725  0.55265373  0.55082009
  0.55036588  0.55025903  0.54869938  0.54622541  0.5458065   0.5454384
  0.54532663  0.54496628  0.54397187  0.54362904  0.54361751  0.54314718
  0.54234026  0.54164486  0.54138227  0.54124893  0.54124388  0.54116109
  0.54073164  0.54051042  0.54049451  0.5403378   0.53965252  0.53952489
  0.53823587  0.53815625  0.53714395  0.53645048  0.53546619  0.53535034
  0.53511576  0.53378726  0.53341312  0.5332679   0.53275896  0.53194387
  0.53061628  0.53027831  0.53011506  0.52830739  0.52694415  0.52661975
  0.52615453  0.52547925  0.52520998  0.52491849  0.52393329  0.5237524
  0.52357102  0.52347027  0.52192331  0.52186192  0.52147613  0.521443
  0.521006    0.52093087  0.52059931  0.51992446  0.51945093  0.51941311
  0.51826575  0.51782799  0.51715381  0.51694841  0.51647     0.51559901
  0.51535606  0.51460617  0.51384384  0.51229112  0.51154927  0.51034631
  0.50988702  0.50972232  0.50880361  0.50816715  0.50810505  0.50782126
  0.50780157  0.50706041  0.5061645   0.50607351  0.50599241  0.5051135
  0.50499757  0.50484189  0.50332241  0.50326672  0.50194392  0.50067903
  0.50001755  0.4997893   0.49779603  0.49756092  0.49749357  0.49720085
  0.49581503  0.49501687  0.49486052  0.49377551  0.49276621  0.49217191
  0.4908267   0.48988857  0.48967279  0.48955555  0.48800019  0.4868191
  0.48612524  0.48590053  0.48559255  0.48528366  0.48527908  0.48482117
  0.48455591  0.48430189  0.48283936  0.48280488  0.48247044  0.479912
  0.47973674  0.47843885  0.47827293  0.47769404  0.47694103  0.47634107
  0.47595777  0.47518906  0.47307134  0.47249269  0.47246023  0.47234659
  0.4721968   0.47166172  0.46980653  0.46958319  0.46957165  0.46907557
  0.46768468  0.4673992   0.46592475  0.46549517  0.46511838  0.4643782
  0.46299256  0.46113334  0.45894886  0.45738226  0.45684635  0.45628838
  0.45624385  0.45500103  0.45308491  0.45302609  0.45075867  0.45014048
  0.44991411  0.44428244  0.4433139   0.44299649  0.4423027   0.44195969
  0.4406902   0.44063247  0.44060129  0.44054479  0.43661739  0.43630651
  0.43609762  0.43476316  0.43192992  0.4308675   0.43083985  0.43047601
  0.42934042  0.42748146  0.42645199  0.42610387  0.42546399  0.42406686
  0.42379584  0.42250804  0.42231991  0.42195881  0.42027083  0.41961724
  0.41831147  0.41804537  0.41777499  0.41607237  0.41517028  0.41494476
  0.41488403  0.41462514  0.4125924   0.4120788   0.41124475  0.40958867
  0.40932517  0.40755773  0.40751642  0.40699637  0.40642302  0.40571638
  0.40501262  0.40425194  0.40231142  0.40193892  0.40184795  0.40164583
  0.40089475  0.40033588  0.39880366  0.39762442  0.39584365  0.39490017
  0.3948389   0.39442853  0.39369362  0.39282727  0.39276334  0.39148933
  0.39089921  0.39011455  0.38683796  0.38651018  0.38569343  0.38552992
  0.38271377  0.37758107  0.37255814  0.37185052  0.37091034  0.37035349
  0.36836961  0.36723787  0.36681083  0.36648512  0.365137    0.36076831
  0.35949885  0.35775068  0.35010413  0.34957919  0.34800866  0.34549453
  0.34137354  0.34045737  0.34001726  0.33874013  0.33825354  0.33614518
  0.33554927  0.33283557  0.32677077  0.32460703  0.324483    0.32327682
  0.31122746  0.31109962  0.31098551  0.30891657  0.30822065  0.30656091
  0.30533495  0.30469608  0.30277653  0.30230148  0.30083507  0.29835012
  0.29809466  0.29640072  0.29622055  0.29543878  0.28864449  0.27841543
  0.2706291   0.26110761  0.25988361  0.25702485  0.24539897  0.24390457
  0.24302204  0.23241261  0.2319953   0.23131057  0.22518822  0.21826911
  0.21299522  0.201221    0.1862913   0.18413027  0.17811289  0.14696623
  0.1348784   0.08493243  0.08325818  0.05766797  0.05300721  0.02306953
 -0.01977711 -0.0688078 ]