[ 0.45783725  0.97439978  0.5958423   0.47981307  0.54962147  0.40642302
  0.37366913  0.29346268  0.45738226  0.57826263  0.61473247  0.37255814
  0.22518822  0.56930645  0.21826911  0.36648512  0.62741586  0.62842645
  0.62150317  0.22545895  0.47817551  0.31598983  0.73866309  0.67881472
  0.4590914   0.82594554  0.53546619  0.62344934  0.5237524   0.47694103
  0.56543152  0.11116836  0.49779603  0.57463935  0.58768697  0.43255026
  0.40406271  0.41488403  0.34957919  0.54239965  0.3927842   0.24582708
  0.60875818  0.31109962  0.64145264  0.79589713  0.53168994  0.61837945
  0.68171998  0.45948956  0.39633258  0.60012766  0.50706041  0.60633934
  0.41734199  0.48821058  0.67735317  0.52520998  0.30277653  0.57460559
  0.324483    0.62868536  0.42702903  0.33874013  0.35171278  0.33554927
  0.57148842  0.40751642  0.64971046  0.89958275  0.52547925  0.54164486
  0.5536153   0.32460703  0.55175232  0.42231991  0.51826575  0.70647575
  0.7755986   0.42489204  0.41517028  0.76029898  0.45315299  0.45500103
  0.37035349  0.76163856  0.81315536  0.43389535  0.71467124  0.40193892
  0.48008772  0.58825569  0.4120788   0.78182083  0.53645048  0.78345944
  0.4795407   0.68255917  0.63352485  0.95390716  0.40980097  0.60390542
  0.68066029  0.50173263  0.55930221  0.39282727  0.46243451  0.6023887
  0.51559901  0.61495137  0.4788114   0.46113334  0.50301575  0.30083507
  0.38713988  0.49749283  0.46290515  0.50499757  0.4721968   0.60998665
  0.63031915  0.5916294   0.60206999  0.50902644  0.26110761  0.46735667
  0.53744915  0.71742817  0.61669181  0.74118519  0.44134211  0.5932435
  0.43923157  0.62180035  0.24595701  0.73283596  0.44795224  0.44054479
  0.51928308  0.77393167  0.36836961  0.46508444  0.78916842  0.521443
  0.59030248  0.50332241  0.79766738  0.39369362  0.53467653  1.02614072
  0.434299    0.68975603  0.56543587  0.53535034  0.49376979  0.43819936
  0.5673207   0.49203624  0.62296239  0.66280554  0.36311226  0.48936964
  0.49542312  0.45326956  0.55036588  0.36693478  0.36681083  0.47246023
  0.61555236  0.41124475  0.54234026  0.49778898  0.02306953  0.52357102
  0.75457654  0.29543878  0.62997044  0.12136882  0.5190101   0.45628838
  0.87769411  0.67688304  0.58415457  0.32677077  0.45285823  0.6793005
  0.42027083  0.59074236  0.74740125  0.64299612  0.24302204  0.70702295
  0.65515555  0.53590333  0.47656036  0.68346279  0.44362972  0.12368169
  0.23131057  0.67695696  0.47149827  0.49501687  0.47188113  0.51954563
  0.75222498  0.2706291   0.37091034  0.80047199  0.53926705  0.63794737
  0.3136774   0.65704106  0.82092297  0.73621356  0.44299649  0.65112355
  0.46653602  0.66685205  0.69295878  0.89866115  0.49108134  0.7022533
  0.39276334  0.4827179   0.5051135   0.67690187  0.65490105  0.42497856
  0.48479305  0.38440608  0.44345984  0.79868397  0.54232928  0.70865095
  0.30423093  0.53194387  0.3926776   0.62717995  0.54116109  0.22196804
  0.58998169  0.31506327  0.30533495  0.75033895  0.5061645   0.60312979
  0.48527908  0.365137    0.44250752  0.29622055  0.62406074  0.53061628
  0.62032684  0.39442853  0.57829091  0.73973714  0.51647     0.7009284
  0.38286798  0.67314571  0.56524827  0.4868191   0.92596637  0.47064265
  0.44428244  0.4433139   0.78889614  0.60172224  0.58201751  0.52425008
  0.33338686  0.46116094  0.32029535  0.63539655  0.39880366  0.41961724
  0.64101233  0.29640072  0.31443142  0.52597085  0.18413027  0.05766797
  0.74446503  0.61592877  0.3948389   0.43905549  0.58715165  0.59514727
  0.70386902  0.34001726  0.38785322  0.63482413  0.53511576  0.49377551
  0.73587747  0.59593851  0.61414239  0.41831147  0.57537765  0.66343322
  0.38611457  0.91663327  0.39048372  0.21985173  0.74467986  0.38672054
  0.49720085  0.60889397  0.69654806  0.28769244  0.6578477   0.54124893
  0.37945095  0.9820331   0.21954569  0.69975429  0.69917807  0.60752953
  0.48280488  0.34945771  0.41804537  0.67956274  0.38683796  0.47668722
  0.55999587  0.96361974  0.80942495  0.46299256  0.51694841  0.48955555
  0.78147396  0.70104037  0.46549517  0.42379584  0.73338056  0.43617815
  0.40188191  0.54314718  0.49651473  0.5386462   0.35069814  0.65004064
  0.68643157  0.59296731  0.66527979  0.52694415  0.74455045  0.44060129
  0.65061785  0.45308491  0.58883792  0.61727384  0.58596727  0.50194392
  0.50816715  0.53052199  0.61685695  0.47592088  0.46564537  0.45669609
  0.42559284  0.77109256  0.42195881  0.44991411  0.67207658  0.55265373
  0.48430189  0.30593544  0.41464231  0.53084054  0.68854007  0.48385785
  0.87452983  0.52147071  0.29205399  0.62244213  0.68305192  0.33283557
  0.05300721  0.34800866  0.40184795  0.42738954  0.39826394  0.55759544
  0.73361817  0.29219353  0.75083883  0.479912    0.45302609  0.52890531
  0.42934042  0.40571638  0.4908267   0.5403378   0.47166172  0.55082009
  0.59310756  0.68292055  0.61274001  0.32327682  0.68698939  0.66932014
  0.56456339  0.51945093  0.66323452  0.53341312  0.56297756  0.06003048
  0.47307134  0.58740968  0.36723787  0.85919094  0.79895764  0.08493243
  0.40479773  0.52192331  0.46937472  0.80922425  0.54622541  0.41253062
  0.36076831  0.41977795  0.25702485  0.2319953   0.54138227  0.45690894
  0.91297744  0.46831177  0.85837354  0.20678835  0.41024715  0.54051042
  0.45562815  0.56753921  0.63462005  0.57060823  0.52696864  0.51154927
  0.5758079   0.71574304  0.53901646  0.41634454  0.60388107  0.39148933
  0.201221    0.68531702  0.37711332  0.4186205   0.51151149  0.51248235
  0.40755773  1.01348722  0.37421468  0.69166724  0.42406686  0.65212344
  0.57792448  1.055162    0.37233808  0.35432109  0.50607351  0.47518906
  0.41607237  0.63347635  0.49756092  0.72230182  0.1851939   0.5458065
  0.49554953  0.78286163  0.40376737  0.48107654  0.50780157  0.67799188
  0.50067903  0.54532663  0.60923993  0.55497047  0.62115482  0.78875731
  0.56509833  0.67248503  0.72311505  0.54869938  0.43290906  0.90165106
  0.39762442  0.40954922  0.62763181  0.45967085  0.43047601  0.61050402
  0.53952489  0.48988857  0.52830739  0.38844901  0.35775068  0.50599241
  0.49749357  0.59627941  0.14696623  0.5971      0.68772077  0.24539897
  0.51348151  0.42385283  0.68766478  0.67206773  0.70658716  0.42546399
  0.55025903  0.47100252  0.28864449  0.1348784   0.64712163  0.57330431
  0.50326672  0.34045737  0.62103946  0.45859187  0.68076811  0.23960801
  0.48528366  0.68717938  0.57024995  0.63247335  0.49045862  0.51535606
  0.38923348  0.81615917  0.57760244  0.51642015  0.64466607  0.64321254
  0.37383612  0.51715381  0.67604924  0.72182992  0.86159536  0.60865241
  0.47031729  0.40932517  0.45886123  0.53823587  0.32722466  0.56107786
  0.52661975  0.52491849  0.4335666   0.43750949  0.59187726  0.45624385
  0.39011455  0.32908274  0.56047403  0.56967801  0.17811289  0.61369519
  0.67419959  0.43630651  0.5373256   0.47733372  0.35472803  0.59510367
  0.52914018  0.43283149  0.33825354  0.43843991  0.42610387  0.54818909
  0.52093087  0.50801561  0.55445494  0.54417226  0.46958319  0.79641074
  0.72142965  0.40231142  0.82758468  0.73550569  0.46957165  0.49026817
  0.4673992   0.3381424   0.20180461  0.61657858  0.41462514  0.63619685
  0.37758107  0.62654557  0.35949885  0.63446374  0.64949934  0.52475459
  0.45465858  0.77664122  0.33116308  0.73239323  0.46930462  0.73615133
  0.61606945  0.5603064   0.71948641  0.33119571  0.40033588  0.50484189
  0.62407015  0.77371432  0.48283936  0.8103114   0.42595736  0.72596951
  0.26870697  0.46076286 -0.01977711  0.70313403  0.40699637  0.49352268
  0.75764385  0.62222438  0.40425194  0.51992446  0.34018082  0.54362904
  0.80617828  0.50782347  0.64281368  0.43140655  0.46768468  0.56913094
  0.47249269  0.62339703  0.42996382  0.6895809   0.62203527  0.43476316
  0.42645199  0.71570465  0.42713115  0.61156549  0.58718222  0.38271377
  0.38675411  0.5550558   0.40958867  0.23241261  0.5454384   0.57662852
  0.56257246  0.47769404  0.74211135  0.46907557  0.49697083  0.65989203
  0.51460617  0.47380844  0.20314108  0.51229112  0.47634107  0.59990294
  0.5074763   0.60587458  0.83772519  0.34549453  0.77618046  0.5064059
  0.5309653   0.41777499  0.70538937  0.5901222   0.48111051  0.53378726
  0.48800019  0.45139039  0.68222924  0.45684635  1.00971834  0.71421277
  0.30271727  0.67625374  0.30230148  0.48612524  0.46758167  0.88922609
  0.41679723  0.62297816  0.58283051  0.51271086  0.39490017  0.18079708
  0.4125924   0.7736608   0.34137354  0.48318726  0.66065171  0.58072609
  0.50980557  0.50430265  0.78788926  0.44125727  0.59944229  0.57244221
  0.84300086  0.45894886  0.56195155  0.46980653  0.1862913   0.48455591
  0.5631674   0.7558853   0.85377095  0.86926638  0.41633408  0.45014048
  0.72723883  0.47973674  0.53543283  0.50690348  0.71748282  0.67526026
  0.54496628  0.46592475  0.45443091  0.33614518  0.47595777  0.40089475
  0.44826391  0.521006    0.52347027  0.63036929  0.50972232  0.47843885
  0.79448242  0.42453823  0.81537157  0.47827293  0.54908226  0.02100726
  0.48967279  0.51384384  0.32947764  0.52147613  0.58527107  0.6811752
  0.43661739  0.90682851  0.35241698  0.4225371   0.68106519  0.3830765
  0.45059408  0.43954763  0.39089921  0.67063566  0.71861921  0.58559631
  0.91266557  0.62160641  0.25988361  0.51034631  0.44063247  0.63443764
  0.93023614  0.65079809  0.44041394  0.4643782   0.30822065  0.43127411
  0.43201594  0.47616006  0.35182536  0.61177505  0.3299363   0.66597407
  0.59790353  0.6923835   0.51782799  0.52390533  0.66160305  0.5906538
  0.53404615  0.4717644   0.30891657  0.36436182  0.68197859  0.62106276
  0.67143822  0.50391011  0.77397421  0.64989681  0.51832667  0.81259427
  0.4423027   0.71447321  0.8321777   0.6362506   0.58761124  0.5657619
  0.38388621  0.45075867  0.78191172  0.27841543  0.39708091  0.53027831
  0.32506158  0.42250804  0.80465032  0.62134259  0.58537619  0.52059931
  0.5056565   0.53011506  0.44132441  0.65694784  0.48590053  0.5645457
  0.53714395  0.40524913  0.77150587  0.5332679   0.45567836  0.54124388
  0.42954969  0.43260433  0.6730411   0.4308675   0.41391456  0.24390457
  0.46551169  0.71880941  0.43083985  0.58905744  0.4257315   0.39584365
  0.40793283  0.31818708  0.44318317  0.53275896  0.40164583  0.32929966
  0.42475327  0.52393329  0.43192992  0.47124699  0.71925664  0.56232648
  0.64488299  0.60766684  0.52186192  0.58928063  0.49486052  0.62755396
  0.54737267  0.58160857  0.76539363  0.56169364  0.38796058  0.65303987
  0.36715798  0.53379411  0.52654202  0.30656091  0.08325818  0.43478019
  0.54480908  0.6356664   0.46511838  0.55271124  0.77451273  0.52722829
  0.48816405  0.4997893   0.40501262  0.38651018  0.55672251  0.39734215
  0.46779117  0.35010413  0.01296664  0.46221681  0.79839135  0.66005694
  0.54601189  0.81595955  0.64602357  0.56889852  0.46749074  0.71378217
  0.53815625  0.50782126  0.48482117  0.52615453  0.42663306  0.40784287
  0.54397187  0.73763829  0.3510296   0.6839553   0.55369107  0.42827299
  0.55348725  0.81576765  0.70864367  0.55652987  0.67115606  0.7163955
  0.48247044  0.44195969  0.77161687  0.62382264  0.31098551  0.54361751
  0.43560039  0.60741763  0.81449457  0.71461694  0.46474498  0.50988702
  0.48559255  0.54049451  0.25596842  0.55451388  0.56350404  0.46545078
  0.58591896  0.59254454  0.4406902   0.50880361  0.29835012  0.79355435
  0.38552992  0.60297666  0.42748146  0.61647978  0.3399543   0.36588142
  0.38375034  0.65371444  0.87749473  0.3004778   0.63266519  0.38569343
  0.31482157  0.6759404   0.50810505  0.49581503  0.47638706  0.59136013
  0.43609762  0.73356499  0.50714659  0.49217191  0.41494476  0.54073164
  0.55627154  0.72112179  0.55011106  0.53965252  0.42727407  0.59181749
  0.90203788  0.36972645  0.64504755  0.56026866  0.53285073  0.63180063
  0.38971342  0.77810292  0.50831932  0.52161084  0.30368779  0.32518941
  0.37185052  0.30469608  0.32266779  0.29809466  0.31122746  0.74247105
  0.57936094 -0.0688078  -0.02298618  0.54550333  0.89317518  0.20974908
  0.51941311  0.49276621  0.17917656  0.74464954  0.47234659  0.21095486
  0.50001755  0.60235932  0.65449512  0.52894123  0.6048261   0.49857323
  0.5636566   0.21299522  0.68059023  0.44739011]