[ 2.53866810e+00  1.53866810e+00  1.46498559e+00  1.46284913e+00
  1.42959806e+00  1.41656130e+00  1.41462727e+00  1.36351177e+00
  1.35203560e+00  1.35145552e+00  1.33595717e+00  1.32807385e+00
  1.32567077e+00  1.30462016e+00  1.30359347e+00  1.25043933e+00
  1.24233929e+00  1.20914175e+00  1.20837472e+00  1.19506779e+00
  1.18954880e+00  1.17520082e+00  1.17389590e+00  1.17156536e+00
  1.15747395e+00  1.15011381e+00  1.14827631e+00  1.11312299e+00
  1.09275010e+00  1.08861659e+00  1.08552890e+00  1.07863268e+00
  1.07229168e+00  1.06828037e+00  1.06656763e+00  1.05309964e+00
  1.04988396e+00  1.02342981e+00  1.02137448e+00  1.00665742e+00
  9.99586486e-01  9.94321882e-01  9.93336369e-01  9.91666900e-01
  9.90013678e-01  9.82533853e-01  9.79092673e-01  9.71034635e-01
  9.65766633e-01  9.58110849e-01  9.51051290e-01  9.50208916e-01
  9.45375039e-01  9.42382800e-01  9.41046413e-01  9.31443237e-01
  9.30197017e-01  9.25423740e-01  9.18507472e-01  9.07863651e-01
  8.97607558e-01  8.95270050e-01  8.90487856e-01  8.90303883e-01
  8.89582748e-01  8.78466606e-01  8.77227211e-01  8.67704459e-01
  8.62930112e-01  8.62695217e-01  8.58474208e-01  8.50681353e-01
  8.48424369e-01  8.47419637e-01  8.46198948e-01  8.38439494e-01
  8.36757384e-01  8.35418748e-01  8.34084530e-01  8.33426658e-01
  8.33247690e-01  8.32889373e-01  8.25704176e-01  8.23969982e-01
  8.19490104e-01  8.19378184e-01  8.17642739e-01  8.06698506e-01
  8.05861712e-01  8.05384371e-01  7.91954694e-01  7.91048289e-01
  7.90562674e-01  7.89949378e-01  7.88870934e-01  7.84961383e-01
  7.72312421e-01  7.65352516e-01  7.60044705e-01  7.59718056e-01
  7.59252921e-01  7.58138191e-01  7.54469069e-01  7.50429690e-01
  7.39066254e-01  7.39036788e-01  7.34230497e-01  7.29650542e-01
  7.28281908e-01  7.26617607e-01  7.24211605e-01  7.18515417e-01
  7.15889452e-01  7.13544463e-01  7.11606155e-01  7.10729693e-01
  7.08481125e-01  7.07037595e-01  7.06331441e-01  6.97122655e-01
  6.96609714e-01  6.95903083e-01  6.92452209e-01  6.90903818e-01
  6.87083644e-01  6.83234727e-01  6.81865198e-01  6.80724620e-01
  6.78298474e-01  6.77409280e-01  6.72006470e-01  6.69057087e-01
  6.67929110e-01  6.65985990e-01  6.62030851e-01  6.58085759e-01
  6.57484021e-01  6.57246472e-01  6.54980760e-01  6.52236848e-01
  6.50300420e-01  6.47060789e-01  6.46346066e-01  6.44271704e-01
  6.41605362e-01  6.40810921e-01  6.40014267e-01  6.38744842e-01
  6.38712189e-01  6.35868151e-01  6.35564413e-01  6.34377632e-01
  6.34265959e-01  6.32178665e-01  6.28045061e-01  6.20022135e-01
  6.18906351e-01  6.15466631e-01  6.15218436e-01  6.14843394e-01
  6.11656512e-01  6.10664597e-01  6.06951391e-01  6.05594933e-01
  6.03184549e-01  6.00889035e-01  6.00749141e-01  5.99873420e-01
  5.99322809e-01  5.99061224e-01  5.96129494e-01  5.93733512e-01
  5.91266029e-01  5.88554748e-01  5.85503545e-01  5.85468420e-01
  5.84188990e-01  5.79104585e-01  5.77797779e-01  5.75758686e-01
  5.75275347e-01  5.74996433e-01  5.73302023e-01  5.72365391e-01
  5.69238254e-01  5.67319140e-01  5.63079655e-01  5.58641373e-01
  5.57682997e-01  5.53723937e-01  5.52735558e-01  5.46408828e-01
  5.43753660e-01  5.41341536e-01  5.39397036e-01  5.38450437e-01
  5.31543955e-01  5.31363852e-01  5.31324868e-01  5.30785790e-01
  5.28292885e-01  5.17945420e-01  5.17441996e-01  5.08687622e-01
  5.08663989e-01  5.04063253e-01  5.01099130e-01  5.00086998e-01
  5.00018685e-01  4.96733763e-01  4.94148479e-01  4.92803352e-01
  4.82913694e-01  4.81507387e-01  4.76830114e-01  4.76377069e-01
  4.71301253e-01  4.64316877e-01  4.57830720e-01  4.51608500e-01
  4.48973910e-01  4.39131184e-01  4.38174368e-01  4.36046887e-01
  4.34985099e-01  4.29742768e-01  4.28538067e-01  4.25818692e-01
  4.23547266e-01  4.21148582e-01  4.19683345e-01  4.16244996e-01
  4.13992197e-01  4.09629429e-01  4.07984577e-01  4.07349904e-01
  4.06101506e-01  4.03268890e-01  3.99896919e-01  3.96614290e-01
  3.90226402e-01  3.87036750e-01  3.86953878e-01  3.85802505e-01
  3.83035550e-01  3.82204883e-01  3.81054504e-01  3.80397519e-01
  3.79521801e-01  3.70567322e-01  3.64916186e-01  3.60075171e-01
  3.59183052e-01  3.55744546e-01  3.55104511e-01  3.52509957e-01
  3.52423193e-01  3.51016773e-01  3.42091765e-01  3.42057097e-01
  3.33765884e-01  3.29364604e-01  3.26664733e-01  3.24548896e-01
  3.16984504e-01  3.16527413e-01  3.10864314e-01  3.10353840e-01
  3.09451221e-01  3.07348938e-01  3.02409427e-01  2.97913345e-01
  2.85956937e-01  2.82694905e-01  2.79911493e-01  2.78659953e-01
  2.73597974e-01  2.72322786e-01  2.71715081e-01  2.62081673e-01
  2.59965939e-01  2.59339950e-01  2.53072602e-01  2.44809917e-01
  2.43219084e-01  2.39482625e-01  2.27152292e-01  2.24704934e-01
  2.22994400e-01  2.19033152e-01  2.18997728e-01  2.14681530e-01
  2.14132706e-01  2.12200886e-01  1.98101523e-01  1.96911038e-01
  1.91205047e-01  1.89404146e-01  1.84680424e-01  1.84552645e-01
  1.81008270e-01  1.77899853e-01  1.76027822e-01  1.73891813e-01
  1.57508091e-01  1.55012882e-01  1.53848793e-01  1.47271235e-01
  1.46492437e-01  1.46271601e-01  1.45959947e-01  1.45497820e-01
  1.43472221e-01  1.39711267e-01  1.37176582e-01  1.33803615e-01
  1.31243317e-01  1.30246374e-01  1.28255936e-01  1.26017489e-01
  1.25952542e-01  1.24280860e-01  1.19927574e-01  1.19821633e-01
  1.13461309e-01  1.11120221e-01  1.03194833e-01  1.00276716e-01
  9.82933501e-02  9.36093133e-02  8.85762120e-02  8.49401689e-02
  8.03622108e-02  7.31785283e-02  7.12442323e-02  6.94105232e-02
  6.08428955e-02  6.06285673e-02  5.85679088e-02  5.73494107e-02
  5.51534137e-02  5.10854728e-02  4.19210073e-02  4.07888814e-02
  3.99327578e-02  3.99275603e-02  3.90556215e-02  3.55500017e-02
  3.24430413e-02  2.48203412e-02  2.44008186e-02  1.87529484e-02
  7.91600849e-03  5.47737688e-03  9.55235747e-04  6.64014300e-04
 -5.04824185e-04 -1.55208164e-03 -5.15061613e-03 -5.35431500e-03
 -6.29906380e-03 -8.10270395e-03 -8.87759519e-03 -1.45902912e-02
 -2.20240687e-02 -2.43328559e-02 -2.57352806e-02 -2.79521038e-02
 -3.07974555e-02 -3.28411418e-02 -3.30806199e-02 -3.50481165e-02
 -3.75472237e-02 -3.89255746e-02 -5.06741199e-02 -5.21732486e-02
 -5.32671921e-02 -5.56160295e-02 -6.10041362e-02 -7.05113215e-02
 -8.22960144e-02 -8.31126625e-02 -8.69480147e-02 -9.09254546e-02
 -1.05832163e-01 -1.22613221e-01 -1.30831415e-01 -1.34622495e-01
 -1.34918156e-01 -1.40901684e-01 -1.42190990e-01 -1.45663371e-01
 -1.50896218e-01 -1.60983073e-01 -1.76556652e-01 -1.86495334e-01
 -1.94179677e-01 -1.95029964e-01 -1.96153149e-01 -1.98606198e-01
 -2.00666771e-01 -2.01529636e-01 -2.02006710e-01 -2.12738452e-01
 -2.13145190e-01 -2.17728189e-01 -2.23232531e-01 -2.32691329e-01
 -2.32802109e-01 -2.52878624e-01 -2.53546301e-01 -2.55261928e-01
 -2.74905092e-01 -2.77968787e-01 -2.84310927e-01 -2.99538600e-01
 -3.00778229e-01 -3.09161700e-01 -3.16043389e-01 -3.17532697e-01
 -3.46439891e-01 -3.52284038e-01 -3.52579535e-01 -3.55932877e-01
 -3.58784207e-01 -3.71487187e-01 -3.82983035e-01 -3.83832526e-01
 -3.88028560e-01 -3.91682111e-01 -3.96388180e-01 -3.96939348e-01
 -4.13646798e-01 -4.39258156e-01 -4.47726470e-01 -4.70007709e-01
 -4.89401435e-01 -4.90602005e-01 -4.98541847e-01 -5.06288181e-01
 -5.10804628e-01 -5.21511711e-01 -5.30939553e-01 -5.45952925e-01
 -5.59502253e-01 -5.65864933e-01 -5.68755942e-01 -5.71328794e-01
 -5.92983831e-01 -6.07306711e-01 -6.53427069e-01 -6.61936109e-01
 -6.91956781e-01 -7.03961415e-01 -7.66284147e-01 -7.73537679e-01
 -7.77644907e-01 -8.11968725e-01 -1.02090860e+00 -1.03024396e+00
 -1.19351132e+00 -1.20803013e+00 -1.33354507e+00]