[0.         0.00189036 0.00378072 0.00378072 0.00567108 0.00567108
 0.01134216 0.01134216 0.01512287 0.01512287 0.01701323 0.01701323
 0.01890359 0.01890359 0.02079395 0.02079395 0.02457467 0.02457467
 0.03024575 0.03024575 0.03402647 0.03402647 0.03969754 0.03969754
 0.04347826 0.04347826 0.04725898 0.04725898 0.0510397  0.0510397
 0.05293006 0.05293006 0.05482042 0.05482042 0.06238185 0.06238185
 0.06427221 0.06427221 0.07183365 0.07183365 0.07750473 0.07750473
 0.08884688 0.08884688 0.09640832 0.09640832 0.1020794  0.1020794
 0.11531191 0.11531191 0.11909263 0.11909263 0.12098299 0.12098299
 0.12287335 0.12287335 0.12476371 0.12476371 0.13610586 0.13610586
 0.14744802 0.14744802 0.15122873 0.15122873 0.15311909 0.15311909
 0.15689981 0.15689981 0.16257089 0.16257089 0.16446125 0.16446125
 0.16824197 0.16824197 0.17013233 0.17013233 0.17202268 0.17202268
 0.17391304 0.17391304 0.1758034  0.1758034  0.17769376 0.17769376
 0.18147448 0.18147448 0.18336484 0.18336484 0.1852552  0.1852552
 0.18903592 0.18903592 0.19092628 0.19092628 0.19281664 0.19281664
 0.20037807 0.20037807 0.20415879 0.20415879 0.20604915 0.20604915
 0.20982987 0.20982987 0.21172023 0.21172023 0.21361059 0.21361059
 0.22306238 0.22306238 0.22495274 0.22495274 0.2268431  0.2268431
 0.23062382 0.23062382 0.24196597 0.24196597 0.24385633 0.24385633
 0.24574669 0.24574669 0.24763705 0.24763705 0.24952741 0.24952741
 0.25330813 0.25330813 0.25708885 0.25708885 0.25897921 0.25897921
 0.27410208 0.27410208 0.27599244 0.27599244 0.2778828  0.2778828
 0.28166352 0.28166352 0.28922495 0.28922495 0.29111531 0.29111531
 0.29300567 0.29300567 0.29489603 0.29489603 0.29678639 0.29678639
 0.29867675 0.29867675 0.30623819 0.30623819 0.31379962 0.31379962
 0.31758034 0.31758034 0.3194707  0.3194707  0.32514178 0.32514178
 0.3289225  0.3289225  0.33081285 0.33081285 0.34026465 0.34026465
 0.34782609 0.34782609 0.35160681 0.35160681 0.3610586  0.3610586
 0.36294896 0.36294896 0.36483932 0.36483932 0.36672968 0.36672968
 0.36862004 0.36862004 0.37618147 0.37618147 0.37807183 0.37807183
 0.37996219 0.37996219 0.38374291 0.38374291 0.38752363 0.38752363
 0.38941399 0.38941399 0.39130435 0.39130435 0.39319471 0.39319471
 0.39697543 0.39697543 0.4026465  0.4026465  0.40453686 0.40453686
 0.40642722 0.40642722 0.40831758 0.40831758 0.41587902 0.41587902
 0.41965974 0.41965974 0.42155009 0.42155009 0.42344045 0.42344045
 0.42722117 0.42722117 0.42911153 0.42911153 0.43100189 0.43100189
 0.43478261 0.43478261 0.43667297 0.43667297 0.44045369 0.44045369
 0.44234405 0.44234405 0.4442344  0.4442344  0.44990548 0.44990548
 0.45746692 0.45746692 0.463138   0.463138   0.46691871 0.46691871
 0.46880907 0.46880907 0.47448015 0.47448015 0.47637051 0.47637051
 0.48960302 0.48960302 0.49338374 0.49338374 0.49716446 0.49716446
 0.50850662 0.50850662 0.51228733 0.51228733 0.51417769 0.51417769
 0.51795841 0.51795841 0.51984877 0.51984877 0.52362949 0.52362949
 0.52551985 0.52551985 0.52741021 0.52741021 0.53308129 0.53308129
 0.54820416 0.54820416 0.55387524 0.55387524 0.5557656  0.5557656
 0.56521739 0.56521739 0.57466919 0.57466919 0.57844991 0.57844991
 0.58412098 0.58412098 0.5879017  0.5879017  0.59168242 0.59168242
 0.59357278 0.59357278 0.59546314 0.59546314 0.59924386 0.59924386
 0.60302457 0.60302457 0.60680529 0.60680529 0.60869565 0.60869565
 0.61436673 0.61436673 0.63327032 0.63327032 0.63516068 0.63516068
 0.64461248 0.64461248 0.64839319 0.64839319 0.65595463 0.65595463
 0.65973535 0.65973535 0.67863894 0.67863894 0.68241966 0.68241966
 0.68809074 0.68809074 0.6899811  0.6899811  0.69187146 0.69187146
 0.69376181 0.69376181 0.69754253 0.69754253 0.70132325 0.70132325
 0.70510397 0.70510397 0.70699433 0.70699433 0.70888469 0.70888469
 0.71077505 0.71077505 0.71266541 0.71266541 0.71833648 0.71833648
 0.72022684 0.72022684 0.72400756 0.72400756 0.72589792 0.72589792
 0.72967864 0.72967864 0.73345936 0.73345936 0.73534972 0.73534972
 0.73724008 0.73724008 0.73913043 0.73913043 0.74102079 0.74102079
 0.74480151 0.74480151 0.75047259 0.75047259 0.75425331 0.75425331
 0.75614367 0.75614367 0.76748582 0.76748582 0.76937618 0.76937618
 0.77126654 0.77126654 0.77693762 0.77693762 0.78071834 0.78071834
 0.7826087  0.7826087  0.78449905 0.78449905 0.79017013 0.79017013
 0.79395085 0.79395085 0.79773157 0.79773157 0.79962193 0.79962193
 0.80340265 0.80340265 0.81285444 0.81285444 0.81852552 0.81852552
 0.82041588 0.82041588 0.82230624 0.82230624 0.8241966  0.8241966
 0.82797732 0.82797732 0.83175803 0.83175803 0.83364839 0.83364839
 0.83553875 0.83553875 0.83742911 0.83742911 0.84120983 0.84120983
 0.84499055 0.84499055 0.84877127 0.84877127 0.85066163 0.85066163
 0.85255198 0.85255198 0.8563327  0.8563327  0.85822306 0.85822306
 0.86767486 0.86767486 0.87334594 0.87334594 0.87523629 0.87523629
 0.87712665 0.87712665 0.87901701 0.87901701 0.88279773 0.88279773
 0.88657845 0.88657845 0.89224953 0.89224953 0.89413989 0.89413989
 0.90359168 0.90359168 0.90926276 0.90926276 0.91115312 0.91115312
 0.9168242  0.9168242  0.91871456 0.91871456 0.92249527 0.92249527
 0.92438563 0.92438563 0.92627599 0.92627599 0.92816635 0.92816635
 0.93761815 0.93761815 0.94139887 0.94139887 0.94328922 0.94328922
 0.95274102 0.95274102 0.95463138 0.95463138 0.95652174 0.95652174
 0.96786389 0.96786389 0.97164461 0.97164461 0.98298677 0.98298677
 0.98487713 0.98487713 0.98676749 0.98676749 0.98865784 0.98865784
 0.9905482  0.9905482  0.99243856 0.99243856 1.         1.        ]