[-1.62593255e+00  1.16056334e+00  8.20556896e-01  4.69029192e-01
  7.83988319e-01  7.11075604e-01  3.09885242e-01  1.06259391e+00
  1.22664663e+00  9.94838277e-01  3.14365845e-01  9.99533831e-01
  6.25705748e-01  8.74894721e-01  3.84228094e-01  9.30167332e-02
  2.67832135e+00  8.25480227e-01 -1.28037448e+00  8.01977572e-01
  7.54497586e-01  9.34369820e-01  4.21025175e-01  1.18867747e+00
  9.97292204e-01  5.98362888e-01 -1.88868636e+00  6.91124873e-01
  9.82965729e-01  6.57218297e-01  7.83929963e-01  3.85044257e-01
  6.61565632e-01  7.24364215e-01  1.12088275e+00  4.01969708e-01
  1.27542482e+00  2.39014131e-02  9.79340477e-01  8.70850077e-01
  9.93355920e-01  4.21359158e-01  9.87391847e-01  6.09585593e-01
  5.51436431e-01  7.11084423e-01  8.13688281e-01  9.95001104e-01
  7.79953862e-01  8.99024514e-01  1.09371973e+00 -2.03855445e-01
  9.62606061e-01  9.95244118e-01 -4.93241714e-01  2.05154164e+00
  5.69151693e-01  4.79270161e-01  2.00700660e-01  4.05312680e-01
  9.87640855e-01  5.64984438e-01  6.62049747e-01 -5.75865511e-01
  9.12697835e-01  9.54250911e-01  1.60078648e+00  7.35668384e-01
  4.03853424e+00  6.45769438e-01  9.65959349e-01 -1.50867063e+00
  9.71070836e-01  6.48560576e-01  9.66839165e-01 -1.41118723e-02
  9.17381134e-01  6.89138283e-01 -2.40933148e+00  9.85729451e-01
  7.22580662e-01  9.92513748e-01  9.74451041e-01  9.13820938e-01
  1.39658240e-01  9.97752247e-01  9.73353646e-01 -1.39506916e+00
  7.63922867e-01  7.06732790e-01  9.27216994e-01  8.95036350e-01
 -1.14933297e+00 -1.29654470e-02  7.54461450e-01  8.48935128e-01
  9.90506546e-01  9.65961126e-01 -1.78857079e-01  1.02940875e+00
 -1.30313405e-01  9.60617856e-01  6.57422446e-01  9.35146387e-01
  9.89991737e-01 -1.90977846e+00  2.63028723e-01  8.60872445e-01
  7.99510564e-01  6.21337350e-01  1.17743397e+00  9.23520858e-01
  9.84515383e-01  9.90154185e-01  6.88103303e-01  8.98789822e-01
  9.64311361e-01  8.97522837e-01  9.94498395e-01  7.80547819e-01
  1.31307875e+00  9.66299444e-01  2.95856500e-01  2.06782887e+00
  8.54819229e-01  8.31716966e-01  1.18747015e+00  9.90305343e-01
  6.64767499e-01  1.01811549e+00  8.84946833e-01 -9.31157043e-01
  5.64469298e-01 -1.10242981e+00  7.73988082e-01  2.94972625e-01
  1.15083352e+00  8.72712266e-01  7.12342289e-01  9.72898187e-01
  7.22633231e-01  1.63535818e+01  8.30639393e-01  2.31405903e-01
  9.82298754e-01  9.50709455e-01  5.36744135e-01 -5.76051753e-02
  5.61951398e-01  9.96014774e-01  9.95635165e-01  8.16200653e-01
 -8.40017396e-01  9.66398531e-01 -1.18069411e+00  9.97228859e-01
  7.76222125e+00  9.66271595e-01  7.41437600e-02  1.04996688e+00
  1.05582112e+00  1.55585688e+00  3.78835460e-02  2.64254027e-01
  2.06369850e-01 -1.12511491e+00 -6.18641298e-01 -5.86246526e-02
  7.91228323e-01  2.92237188e-01  7.22018496e-01 -3.11590749e+00
  1.78526075e+00  9.79339715e-01  1.37293156e+00  8.23395480e-01
  7.22209852e-01  1.11685594e+00 -1.13871435e+00  8.53278445e-01
  9.26424031e-01  1.03392622e+00  6.17114936e-01 -2.00659393e-01
  9.77015736e-01  8.48014855e-01  9.31157683e-01  9.93183844e-01
  9.94201128e-01  9.53784520e-01 -2.56049076e+00  5.63159302e-01
  8.50262250e-02  9.95542538e-01  8.35865664e-01  1.11050202e-01
  1.13061447e+00  9.32351839e-01 -8.21121930e-02  9.63964416e-01
  2.71347110e-02  7.52345455e-01  4.42674551e+00  9.39993925e-01
  8.79843696e-01  3.90351299e-01 -5.91805613e-01  9.04234087e-01
  9.99092639e-01  9.20063468e-01  1.77406546e+00  7.04848468e-01
  9.96935095e-01 -1.19955498e+00  9.90840678e-01  9.83018478e-01
  1.03733689e+00  7.97771658e-01 -1.39533353e+01  9.88948199e-01
  2.72570093e+00  1.85006748e-01  8.62059326e-01  1.97845720e+00
  1.03365490e+00  3.20042378e-01  8.89393842e-01  9.89432516e-01
 -1.57910671e+00  9.74719967e-01  7.87376399e-01  4.89543394e-01
  8.74213541e-01  2.27010405e-01  9.92218289e-01  1.00910155e+00
 -1.37296391e-01 -6.39958701e-01  9.97481610e-01  7.25508041e-01
  1.22932001e+00 -1.97197640e+00  5.00912532e-01  1.60808962e+00
  9.78671108e-01  9.84133660e-01  9.84538427e-01 -2.75949328e-01
  9.02076077e-01  6.84513067e-02  8.95296227e-01  9.96228670e-01
  3.16994289e-01  8.99313528e-01  9.52810769e-01 -1.71906009e+00
  9.62720145e-01  8.23839447e-01 -5.99976529e+00  8.00032627e-01
  5.96876511e-01  6.20558364e-01  4.09386753e-01  9.76010119e-01
 -2.33831919e-01  5.82246731e-01  4.13616376e+00 -1.31662518e+00
  9.85323381e-01  9.02729014e-01  9.97889359e-01  4.47503350e-01
  7.77483281e-01 -1.41295362e+00 -2.72147294e-01  9.83527303e-01
  9.40034880e-01  1.53817061e+00  7.89259336e-01  4.23133839e-01
  9.22162466e-01  9.17610568e-01  8.51843208e-01  6.85712481e-01
  9.58160146e-01  7.45438788e-01 -3.99117667e-01  6.69193616e-01
  2.40157986e+00  8.06124019e-01  1.06664469e+00 -2.61785644e+00
 -1.60625654e-01  7.28215961e-01 -1.24964154e-01  2.24400440e-01
  9.59374049e-01 -1.20768995e-02  6.95427477e-01 -4.51003725e-01
  9.85050678e-01  9.44645340e-01  8.90592040e-01  7.81754793e-01
  8.97740550e-01 -5.50498552e-01  3.51511269e-01  4.52750882e-01
 -3.75711848e-01  8.07391024e-01 -1.68146730e+00  9.19693230e-01
  1.08498866e+00  4.97263490e-01  7.78749219e-01  9.23202635e-01
 -4.67393269e-01  2.74234412e+00 -6.70018315e-01 -2.42266041e-01
  9.82895075e-01  7.86195036e-01  1.13909285e+00  1.17335406e+00
  7.74836177e-01  1.84538840e+00  4.87431232e-01 -6.23983181e-01
  1.16380562e-01  9.29911674e-01  1.03817195e+00 -1.29887772e-01
  9.85702814e-01  8.56686745e-01  7.96049279e-01  8.79313887e-01
  1.95410143e-01  9.80108047e-01  9.56037947e-01  9.19810726e-01
  6.42332473e-02  2.69479918e+00  1.89135925e+00  8.85269569e-01
  8.26383867e-01  1.11832687e+00  8.20758480e-01  8.31004424e-01
  6.71551647e-01 -1.07363792e+00  1.00189634e+00  9.96985958e-01
  1.10175437e+00  9.39767295e-01  9.49149910e-01  3.87701206e-01
  1.01844487e+00  9.75950977e-01  7.99583824e-01 -2.26751019e-01
  9.97909237e-01  9.99830174e-01  1.31428169e+00  1.00172637e+00
  9.54635510e-01  1.04202567e+00  8.11933525e-01  8.87367821e-01
  2.40217817e+00 -6.10938223e-03 -1.93049922e+00  9.48843801e-01
  9.44148322e-01  9.35190896e-01  7.86257182e-01  9.68454547e-01
  9.47548260e-01  9.59995453e-01  8.75949440e-01  8.12836205e-01
  7.22198667e-01  8.83179153e-02 -8.31871070e-01 -5.10768922e+00
  8.85961657e-01  2.01548806e-01 -3.35943580e-01  9.22337715e-01
  1.65682219e-01 -1.56123670e+00  5.61693719e-01  7.96657945e-01
 -3.11237203e+00 -2.18601517e+00 -3.36623005e+00 -9.31832342e+00
  7.74180751e-01  3.07378325e-01  8.21798244e-01 -1.98556521e-01
  9.97030025e-01  8.34614817e-01  5.30559761e-01  1.01274082e+00
  8.03775360e-01 -1.51475228e+01  4.56224964e-01  2.84799667e-01
  7.96804879e-01  9.37028297e-01  7.33560959e-01  9.72041807e-01
  1.06245594e+00  2.26680538e-01  9.59507234e-01  9.78128304e-01
  1.03674420e+00  8.68911984e-01 -5.60860015e-01  4.21005365e-01
  2.22281194e-01  7.95941839e-01  4.36118935e-01  7.58252070e-01
  6.41168857e-01  9.91889108e-01  7.89401393e-01  9.82058699e-01
  9.64395548e-01  9.61831548e-01  8.98578360e-01  8.90201724e-01
  1.25415042e+00  9.99127613e-01  8.35594699e-01  9.54421762e-01
  4.21954159e-01  9.93190450e-01  1.74412225e-01  8.34285227e-01
  8.08700207e-01  9.97014314e-01  9.71522654e-01 -1.23745725e+00
 -8.81647463e-01  9.88572906e-01  9.32491434e-01  7.41915007e-02
  9.90860515e-01 -2.27354980e+00 -3.67138540e-01  7.28943345e-01
  7.13991876e-01  8.61871645e-01  2.23780554e+00  4.29261630e-01
  1.05710081e+00  2.65854163e-02  9.92826290e-01  7.15595119e-01
  8.86450470e-01  8.11569490e-01  8.02646728e-01 -7.73929466e+00
 -1.39050038e-03  1.07221785e+00 -2.59385050e+00  9.15086290e-01
  6.92545651e-01  6.69900120e-01  1.39393887e+00  9.48634772e-01
  9.98032920e-01  9.45580775e-01  9.19416089e-01  9.69811089e-01
  4.14400818e-01  9.46572008e-01  8.14166133e-01  1.01824825e+00
 -7.40861895e-01  5.92585884e-01  9.29341836e-01 -4.47415429e-01
  7.62287163e-01  9.75250535e-01 -9.55987905e-02  8.49064709e-01
  9.12913673e-01  9.80636928e-01  3.99090902e-01 -7.49511764e+00
 -2.11898166e-02 -2.53814851e-02  9.94614977e-01  7.64400139e-01
  1.04505781e-01  9.31118273e-01  8.48153212e-01  6.84149109e-01
  1.64582045e+00  8.04747796e-01  8.53777013e-01  9.27130510e-01
  6.37010927e-01  9.02756848e-01  9.91926376e-01  9.97458863e-01
  8.84470808e-01 -6.47175278e-02  9.44829837e-01 -4.51328487e+00
 -4.46618518e-02  9.57188794e-01  5.01590437e-01  9.74936505e-01
  9.30604996e-01 -3.20147459e-01  1.63050629e-01  1.15731388e+00
 -7.17270394e-01  8.67306970e-01  1.12098103e+00 -7.83971696e+00
  3.64205144e-01 -6.47005361e-01  9.67274679e-01 -1.03671408e-02
  4.44241714e-01  2.62032230e-01  9.57618763e-01  9.87970227e-01
  1.35207237e+00  7.59978489e-01  9.81882896e-01  3.06781751e-01
  8.21941616e-01  4.85606884e-01  1.13917616e+00  1.01738114e+00
  1.02991040e+00  4.46292512e-01  9.26889181e-01  1.04324020e+00
  6.71253702e-01  9.17824082e-01 -7.03719123e-01  9.00738601e-01
 -1.51780559e+00  3.64524422e-01  9.76532733e-01  9.94315502e-01
 -2.34657183e+00  9.96539013e-01 -6.06323100e-03 -2.39924546e+00
  1.61023856e-01  7.14437260e-01  1.00922712e+00  7.72099684e-01
  6.47175030e-01  9.96148492e-01  8.06271928e-01  9.25341961e-01
  9.28584065e-01  8.55202074e-01  1.88022911e+00  9.45254706e-01
  2.32629348e-01  8.45651082e-01  1.98541449e-01  9.63172965e-01
  4.92116627e-01  1.06725885e+00  9.42719272e-01  9.96965182e-01
  9.65462611e-01 -6.60388842e-02  1.20474630e+00 -3.43625298e+00
 -6.63236958e-01 -1.57189233e+00  9.90962803e-01 -1.70889911e+00
  2.28412310e+00  6.49907750e-01  7.59676251e-01  9.96082240e-01
  8.09019199e-01  6.67879760e-01 -2.46552538e+00  1.57489632e-01
 -5.27133794e-01  2.10777742e+00  9.87294057e-01  1.02245620e+00
  9.87493030e-01  8.89033719e-01  1.02763666e+00  5.79039501e-01
  2.28733378e-01  9.79552046e-01  4.36066309e-01  9.26518839e-01
  9.12143868e-01  8.26272146e-01  7.47571854e-01  9.97577564e-01
 -1.72127512e+00  5.12204770e-01 -8.27976002e-02  9.25604542e-01
  7.40881903e-01  6.57317264e+00  4.12457087e-01  9.47548978e-01
  9.05708716e-01  9.29512444e-01  5.64546588e-02  9.23847919e-01
 -1.02947335e+00  9.81731885e-01  8.79399028e-01  5.27665432e-01
  1.58647465e+00  3.37435561e+00  9.72332564e-01  1.05056780e+00
  9.96604375e-01  9.85976230e-01  7.91998232e-02  8.97944623e-01
  1.08753356e+00  8.15201811e-01  1.02160681e+00  1.27361918e-01
  7.37477277e-01  4.36307889e-01  9.56867685e-01  2.10925948e+00
  8.98906414e-01 -1.48167650e+00  9.40025465e-01  3.96960820e-01
  6.31204123e-01  7.54801027e-01 -4.17847639e+00  1.51749054e+00
 -5.24584349e-01  7.17879415e-01 -1.28797539e+00  2.74358767e-01
  9.91237825e-01  8.50764583e-01  8.87308319e-01  3.60472749e+00
  9.86055228e-01  7.87582803e-01 -2.73913213e+00  1.23165546e+00
 -3.83710114e-01  8.65849446e-01  9.43741105e-01  5.26073669e-01
  6.40109406e-02 -3.41683768e+00  9.20035118e-01  9.87319587e-01
  7.70792373e-01 -9.16529021e-01  9.95293313e-01  9.77916745e-01
  8.48064308e-01  4.94016229e-01  9.42246206e-01  1.40695230e-01
  1.52817902e+00  5.76462088e-01  9.69187774e-01  1.13625904e+00
  2.22366472e+00  5.22825432e-01  9.50721368e-01  2.48308596e+00
  3.74636285e-01  7.89406039e-02  7.04819563e-01  1.00204813e+00
  9.93977532e-01  8.54962939e-01  1.02201544e+00 -3.03150525e+00
  6.37693220e-01 -5.03326728e-01  4.63827924e-01  1.13203446e+00
  9.21542661e-01 -2.27240839e-01 -1.91803354e+00  5.97069643e-01
  9.52823361e-01 -2.58670784e+00  7.05349566e-01  9.94405577e-01
 -1.04522509e+00  9.76715899e-01  7.57755989e-01  9.23955318e-01
  6.79275781e-01 -1.32012323e+00  3.90664316e-01  9.89221701e-01
  8.44677759e-01  1.64667676e+00  8.23937040e-01  9.00720725e-01
  3.56879916e-01  9.94176752e-01  1.08520747e+00  9.97927154e-01
  1.30447114e+00  9.67338695e-01  8.65376902e-01  1.20869693e+00
  1.09543763e+00  1.08229166e+00  4.45909625e-01  3.35014257e-01
  1.01265611e+00  9.72405632e-01  1.01820963e+00  6.25086360e-01
  7.70534732e-01  1.07486697e+00  6.18301203e-01  1.01629885e+00
  3.70831066e-02 -7.36518404e+00  6.99782206e-01  6.90107187e-01
  8.58693323e-01  9.76762080e-01  1.11122305e+00  2.03951457e+00
  1.78896790e+00  5.90951609e-01  1.06698404e+00  9.75956965e-01
  9.91196160e-01  9.96528228e-01 -2.24443486e+00  8.67863163e-01
  6.58518622e-01  6.83052343e-01  2.24221366e-01  9.92546540e-01
  9.85462514e-01  1.09077676e+00 -1.17018342e+00  9.50918203e-01
  5.08546924e-01  8.51342827e-01  1.01896057e+00 -1.46219231e+00
  8.22091298e-01  9.63562800e-01  3.84899912e-01  5.35806905e-01
  1.92360054e-01  7.28752633e-02  8.45190544e-01  9.93856957e-01
 -4.23877350e-02 -2.27342456e+00  9.25470909e-01  7.33568578e-01
  1.88119291e-01  7.54352258e-01  9.78373735e-01  7.31345239e-01
  9.44584657e-01  9.92957711e-01  9.61882339e-01  1.07177522e+00
  9.87009505e-01  1.01678376e+00 -3.31024647e-01  9.37465525e-01
  8.74281189e-01  1.00049267e+00 -1.78611900e+00  9.62897764e-01
  2.04414829e-01  9.72916620e-01  9.85827733e-01 -8.75197444e-01
  9.55058742e-01  1.30201792e+01  1.11982598e+00  1.08378888e+00
  7.18692609e-01  9.05428050e-01 -6.48552861e-01  9.96036013e-01
  9.56984003e-01  9.75286895e-01  9.97082436e-01  9.64745074e-01
  3.30655105e+00 -5.15312536e-01  8.65762630e-01  7.85976930e-01
  9.48691008e-01  9.60937402e-01 -1.12274498e+00  5.94284948e-01
  8.17257721e-01  7.25461380e-01  9.91496759e-01  9.92871062e-01
  9.82854852e-01  6.97950297e-01 -9.49749333e+00  8.58617086e-01
  4.06752222e-01  1.31861840e+00  4.18961775e-01 -1.63115641e-01
  2.85578631e+00 -1.82198698e+00  9.45277946e-01  3.83493647e+00
  8.55793309e-01  8.85256189e-01  9.29655062e-01 -9.46653380e-01
  1.03314882e+00  5.64424082e-02  1.22782811e+01  9.90410769e-01
  9.87269631e-01  8.96176927e-01  7.58183394e-01  8.80188328e-01
  7.93267261e-01 -5.92111982e-02  9.90681440e-01  6.57854638e-01
  6.50572945e-01  8.16245110e-01  9.68032259e-01  9.08652753e-01
  8.92350217e-01 -1.19769666e-01  9.57594872e-01  9.93845481e-01
 -6.21409901e-01  1.00902671e+00  9.38959266e-01  9.11830793e-01
  7.84909910e-01  2.43311392e-01  9.29706974e-01  8.45258005e-01
  8.78442620e-01  6.80614402e-01  4.36772089e-01  6.66908358e-01
  5.08103093e-01 -7.37193414e-01  9.57042374e-01 -4.05358537e+00
 -1.30072892e+00  4.03248273e-01  8.52849577e-01  8.36169671e-01
  6.79349777e-01 -4.25194227e-01  9.73076880e-01  9.77888143e-01
  1.00368392e+00  8.05880948e-01  9.91990770e-01  4.73626161e-01
  8.58437335e-01  7.55690900e-01  8.33357083e-01  9.58512908e-01
  5.25255670e-01  1.02898506e+00  1.01201937e+00  8.03930959e-01
  8.81241020e-01  9.97726061e-01  5.98415615e-01  4.18511946e-01
 -7.73188102e+00 -5.01299990e+00  9.48752083e-01  8.25643199e-01
  9.55163368e-01  6.75027131e-01  9.40584317e-01  5.55903573e-01
  4.73838182e-01  9.91866321e-01  9.60615328e-01  1.07232541e+00
  1.47959284e+00  9.74435991e-01  9.38441526e-01  4.04104765e-02
  9.64925072e-01  1.00246378e+00  3.82301948e-01  1.25548407e-01
  9.79352186e-01  8.99922922e-01  5.88424802e-01 -4.06962067e-01
 -7.19824898e-01  4.04412748e-01  1.73754193e+00 -1.76770074e+00
  8.08785477e-01  4.48009257e-01  3.24854817e-02  7.87579908e-01
  4.76360600e-01 -9.81550588e-02  9.80076984e-01  8.76876703e-01
  7.30739534e-01  9.95701022e-01 -3.23907388e+00 -2.06083259e+00
  9.70126150e-01  1.54380609e+00  1.53671344e+00  1.20549150e+00
  9.64942202e-01  5.18925595e-01  9.27381522e-01  9.93673346e-01
  1.04059392e+00  1.14474246e+00  9.12371293e-01  6.27447579e-02
  4.09701836e-01 -1.27677294e+00  4.45473326e-01 -7.66221108e+00
  9.96385719e-01  9.86423234e-01  9.89689667e-01 -2.61759948e-01
 -1.84437163e+00  1.02553622e+00  7.39800946e-01  9.94676792e-01
  7.52690065e-01  9.67075825e-01  9.99200932e-01 -1.43907409e+00
  8.34158473e-01  7.76761585e-01 -2.34752869e-01  1.03393566e+00
  8.46046489e-01  9.75846140e-01 -5.38655418e-01  8.91347276e-01
  8.23443667e-01  7.46637284e-01  9.97554394e-01  5.39528772e-01
  8.33214148e-01  4.93901683e-01  1.04960874e+00  9.16776123e-01
  8.61285907e-01 -1.08698710e+01 -1.29705012e-01  9.51656453e-01
  9.05027394e-01 -6.67539611e+00  3.18517735e-01  8.91789959e-01
  7.64138882e-01 -4.91486771e+00 -4.01098684e+00 -3.45697938e+00
  9.89548909e-01  9.95783297e-01  7.48600571e-01  2.60906090e+00
  9.65575809e-01  5.32278684e-01  5.37374662e-01  9.56539239e-01]