[-3.06889688e+01 -1.35140819e+02  6.32091435e+00 -8.69327467e+00
  5.82693256e+01  9.53966953e+01  1.15408028e+00  1.18386052e+00
  3.30724730e+00 -1.07872309e+01  2.95567506e+01 -1.53270580e+00
 -5.99208115e+00 -3.83993126e-01 -2.73372726e-01 -8.28489215e+00
  1.64914698e+01  6.22766532e+00 -2.10441093e+01  3.78622652e+01
  3.51751118e+01  3.85185829e+01  4.56675691e+01  5.86325908e+00
  9.61879939e-01  4.53087878e+00 -1.45113917e+01  4.05227114e+00
  1.63809478e+00  4.95824213e-01  5.30783924e+02  1.01074799e+01
 -2.76053157e+00  2.08561162e+01  9.85407739e+00  1.88768093e+02
  1.44467036e+02  1.18953773e+03 -2.05201514e+00 -1.19120008e+01
  7.35635078e-01  8.33879625e+00  5.27145698e-01 -7.02427041e+01
  9.53363224e+00 -5.77526703e+00  1.10795128e+00 -5.12414321e+00
 -9.42123042e+00  1.62897607e+01 -4.20481159e-01  2.49516286e+02
 -8.19897054e+00  6.48221985e-01  5.02411736e+01  4.39834009e+00
 -9.52193211e+01 -2.08062015e+01 -2.52632822e+00  7.46839228e+01
 -1.30662196e+00  8.95496828e+00  8.83663054e+00 -1.09538489e+01
  6.73693008e+00 -1.74855945e+01 -2.05799275e+00 -3.77651911e+00
  1.17059622e+01  1.69706015e+00  1.73001454e+02 -2.35304543e+01
 -3.63834853e+00 -2.45833624e+00  7.33718208e+01 -1.34783973e+00
 -1.50349558e+01  4.79358428e+02 -6.55944637e+02 -2.25816839e+01
  3.32246567e+02 -2.80325952e+01  4.26700093e+01 -7.84614532e+00
  1.80583096e-01  2.10381396e-01  6.93500229e+01  9.01799459e+01
 -1.21658418e+01  7.94825235e-01 -1.57282328e+01  1.26276233e+01
  1.62255590e+00 -1.47806809e+01  5.96895037e-01 -1.49124065e+01
 -1.32279274e+01 -2.81814178e+01 -8.86153290e+01 -3.51239890e+02
  1.48264666e+00  5.76919894e+00  2.21192092e+02 -1.19468285e+00
 -1.82865796e+01 -4.70235320e-01  7.38199966e+00  1.29736084e+01
  2.82920842e+00  2.82880621e+02  7.63683588e+00 -5.16444928e+01
  1.27654642e+01 -6.45677949e+00  7.34263974e+00  4.65503154e+01
  4.60915317e+00 -1.88730911e+01  6.02024014e+00 -2.23087464e+01
  1.58385164e+00 -1.05185003e+01 -4.27572918e+01 -8.13320854e+01
  3.94028769e+01  2.51773449e+01 -2.29473580e+01  3.68692504e+01
  5.25150176e+01 -3.00211967e+00  4.96465509e+01  1.00223927e+02
  8.55265890e+00 -4.19357219e+00  6.18943696e+02  1.16744459e+02
  4.19656357e-01  4.40345334e+02  6.12780007e+00 -8.97007910e+01
  2.93832447e+00  1.13917285e+02  1.08710913e+01 -6.28804058e+00
  6.82268842e+01 -7.74355464e+01  7.97597353e-01  5.00759420e+01
  7.77982678e-01  1.60966270e+02  9.93817769e-02 -8.45769481e+00
  1.27715061e-01 -1.26593830e+01 -3.24551111e+01 -6.87783953e+00
 -5.60670545e+01  9.88474157e-01 -1.75632589e+02 -7.96089671e+00
  1.40725083e+00  1.40030903e+02 -9.78467682e-02 -2.94608709e+00
  1.67546749e+00 -3.53520688e+00 -1.55576712e+01  1.96044719e+00
  1.60019103e+00  2.70868962e+00  2.33357957e+01  2.54538535e+01
  3.23242968e-01 -2.08256448e+00  1.16173124e+01 -3.94527800e+01
 -3.35152587e-01  3.12929823e+01  3.16774896e+01  8.30329239e-01
 -2.26282720e+01 -3.84037447e+01 -6.90485682e+01 -7.02628208e+01
  7.31807253e-01  1.89823506e+01 -1.31423675e+01  1.99087517e+01
  5.12746670e+01  3.44306091e+01 -9.05331576e+00 -7.60369483e+00
  5.59236493e-01  1.90902856e+00  1.60914880e+02  8.21102080e+01
  6.05232261e-01  4.88882244e+00  7.02080876e+01  7.60757700e+00
  2.28082644e+01  1.56016509e+00  7.22337254e-01  1.14154181e+02
 -1.29242257e-01  4.47338980e-01  7.91983720e+00  4.17795469e+00
  1.37249912e+00  6.74584508e+01  3.68429273e+00  5.54650090e+02
 -1.58824305e+01  2.48795831e+00 -1.16275379e+01 -8.45950730e+00
  7.12756336e-01 -7.08386933e+00  2.50354059e+01  2.04588989e+00
  1.24860915e-01  1.16630153e+01 -2.27686736e+01 -1.89183787e+02
 -6.54385011e+00 -7.28064551e+01  1.11266907e+01 -1.41798028e+00
 -1.26882487e+00  2.84327630e+02  1.02199679e+01  1.03353377e+01
 -1.22285212e+01  4.60696260e+01  9.76141998e+01 -9.35886636e-01
  1.68136833e+01  1.49749022e+00 -2.96108124e+01 -3.07219697e+01
  8.00059950e+00  5.83103631e-01  4.11600709e+00 -8.85646708e-01
  4.94632769e+00 -1.96997483e+00  6.82857007e-01 -1.67559625e+00
  1.40725208e+03  4.92487605e-02 -3.71320942e+01 -1.07481584e+00
  7.38888180e+00 -6.30468850e+00  2.79974295e+00 -6.50603989e+00
  1.51351165e+02 -7.62245973e+01  5.25431473e+01  2.42339265e+01
  4.03722246e+01 -1.50873012e+00  1.55344180e+01 -7.19588270e+00
  5.62046062e-02  8.05897083e+00 -3.09668815e+01  8.44115790e+01
 -3.21799937e+01  1.37302174e+00 -1.94787693e+01 -1.73471275e-01
 -9.90178602e-01 -9.83067809e+00  7.49048081e-01  2.99899266e+00
 -2.79873830e-01  1.56409032e+00  5.64260646e+00 -2.84087525e+00
 -2.43101189e+01 -4.26320781e+00  1.15910902e+01 -6.05557653e+00
 -2.80820148e+01  5.98637913e+00 -6.04185072e+00 -2.46249066e+00
  5.81861874e+00  1.98184612e+01  7.53471974e+00 -8.47417669e+01
  6.49910511e-01 -6.73284399e-02  2.64546932e+00 -2.18579304e+00
  4.93687027e+02  4.77879704e+00 -2.22278278e+01  1.18804027e+00
 -1.49312770e+00  1.21766356e+01 -1.12035151e+01  4.27920625e+01
 -1.50323636e+01 -4.68836240e+00  9.37219364e+00 -1.28562510e+01
  7.93235447e-01  7.05769570e-01  3.61848759e-01 -6.79853698e+00
  1.53421216e+00 -7.19723032e-01  1.45517397e+00  2.49967038e+01
  1.57143068e+02  1.38488920e+01 -7.47745048e+01  7.79200949e+00
 -1.75312538e+00 -2.45963852e+01  3.87221301e-01 -6.60731566e+00
  3.13141575e+00  2.95582805e+01 -6.13776467e+00  5.00275791e-01
 -5.78738112e+00  6.88865994e+01  3.39775567e+01  1.36130343e+01
  6.93170313e-01 -8.43473137e+00 -1.98459064e+01 -4.55113672e+01
  2.05118361e+01 -7.54125032e-03 -1.15915751e+00  3.10092722e+00
 -1.51020392e+01 -4.16790743e+00  5.75901589e+01  8.94961694e-01
  5.47966826e+00 -4.04528066e+00  6.41399252e-01 -2.74940597e+00
 -7.42696341e-03 -9.52169806e+00 -2.76142868e+00 -1.45185086e+02
  5.08516136e+00 -8.27986455e+01  1.70535101e+01  1.54628582e-01
  2.87675575e+00  2.93767088e+01  5.28337877e+01  4.65968018e+01
 -5.07610912e+00 -3.10606485e+00  4.84222179e+01 -8.12570981e-01
  1.20182516e+01 -1.20588727e+01  7.22896636e-01  1.64238875e+01
 -1.40970591e+01  1.06747102e+01  3.69415279e+00  1.21186834e+00
  1.03299344e+01  1.19111119e+00  6.56137811e-01  8.58571634e-01
  9.96364103e+00 -9.79024316e-01 -1.45046450e+01  5.32763283e+01
 -8.69129047e-01 -1.31996937e+00  1.84707246e+01  6.20038315e-01
 -1.82986421e+01 -9.06876457e+00 -3.74193752e+02  7.10124525e-01
 -3.82462588e+00  3.26857873e-01  3.82736647e+01  1.36639969e+00
  1.12805680e+01  5.03583157e+00  6.65794446e-01  1.25677717e+01
  1.90084273e+01  4.46221121e+00 -5.47375133e+00  3.49772257e+01
  6.02497456e+01 -3.38306598e+01  4.33524152e-01 -5.08958452e+00
  8.78724122e+00  1.47482200e+01 -5.64072708e+01 -4.78075968e+01
  1.15165832e+00  1.19604961e+01 -2.02495877e+00  1.58915325e+01
 -9.92605363e+00 -3.93588952e+01  4.72694767e-01 -5.79103626e+01
 -2.08411685e+00 -1.84861683e+00  6.17134101e+01  3.15516866e+00
 -2.30957198e+03 -2.02455938e+00  3.95685870e+00  9.19835671e-01
  2.65353203e+02 -2.66580260e+02  2.72240835e+00 -3.71113790e+00
  2.90909604e+00  6.59582985e+00  6.14415738e-02 -7.73460116e+00
  1.03527475e+01 -1.91212233e+00  4.11968349e-01 -4.65547420e+00
 -1.63501525e+01 -1.58550327e+02  2.28424844e+00  1.31294087e+00
 -1.19881678e+01  3.48428621e+00 -7.94846063e+01  1.60214532e+01
 -2.38552749e+01 -1.38060924e+01 -7.89782621e+00  7.29617631e-01
  8.56598046e-01 -2.79287251e-02 -1.96872336e+00  7.19616244e-01
 -6.92538299e+01 -1.46253506e+00  9.00057447e+00  1.85540521e+02
 -1.09582870e+00  7.55618970e+00 -2.16685023e+00  7.60682812e-01
  5.79969608e+02  1.90887510e+00  1.60407385e+00 -2.01821799e+00
 -1.30896292e+00  1.07834615e+01 -8.71133380e+00  8.55422436e+00
 -1.15976297e+02  6.61875865e+00  3.09862586e+01  4.87422909e+02
 -3.08123912e+00  4.76342426e+01 -6.66343625e+00  3.05367275e+00
  7.71466002e-01 -2.19019810e+02 -6.04683994e+01  5.79898286e+01
 -1.13269655e+02  5.84379466e+00 -4.95952096e+02 -2.03820728e+00
 -1.94297837e+02  5.19807585e+01  3.63149189e+00  1.47886518e+00
 -2.47621667e+00  1.10776340e+00 -3.52649784e+01 -2.80366308e+01
 -2.54230986e+01  1.41938445e+01 -6.71289307e+01 -4.71266213e+00
  1.15815014e+00  4.39205183e+01  1.57489017e+02 -2.04513735e+01
 -5.97706408e+02  1.47849355e+00  1.66735632e+01  3.82358299e+01
  7.21649640e-01 -2.52116432e+01  7.68769497e-01 -9.26761238e+01
  9.99306922e-01  3.48230743e+02  4.82833337e+02  2.10929699e+01
  2.37590435e+00 -8.73157923e+01  1.67898180e+01 -3.08927555e-01
  8.38771342e+00  9.29252906e+00  2.40175987e+00 -4.28564044e+00
 -9.57130954e+00  3.10148889e-01  1.27412146e+00  9.94693674e-01
 -8.51147246e+00 -2.75027448e+02  2.85360940e-01 -7.52165331e-02
 -3.28351996e+00  4.59373104e+02  9.92459926e+00 -1.35235892e+01
  2.20783870e+02  9.23755739e+00  2.13938622e+01 -3.07421688e+01
 -3.97855851e+00 -2.60756360e+00  2.89126178e+01  2.34706279e+02
 -1.42598567e+00  9.36442776e-01  1.74407402e+01 -9.60444913e+01
  1.23631805e+01  3.55579338e+00 -2.25954542e+00 -4.49522687e+00
 -8.22802344e+01  8.66153998e-02 -7.29282622e+01  3.21780476e+00
 -1.10379351e+01 -7.19133693e-01  6.99607318e+01 -9.97310189e+00
 -5.96918980e-01  8.95041802e-01  4.97980951e+00  1.55042009e+01
  1.06746673e+01 -8.93399383e+00 -3.13531002e+00  6.66505389e+01
 -1.20388426e+02  1.42461094e+01 -1.16604053e+01 -3.45563016e+01
 -3.68764494e+02  6.45945381e-01 -1.93997408e+01 -1.64104208e+01
  3.97707835e-01 -1.30395162e+01 -1.87368889e+03  1.04221384e+02
  2.47948560e+02  1.66344704e+03  5.78159440e-01  6.75278372e+00
 -9.66735237e+00  2.57110627e+01  9.00730236e+01  1.48079137e+02
  1.61144601e+00  3.01097286e+01 -2.12466371e+01  1.62486671e+02
  5.57154002e-01 -7.95013671e-01  3.62711069e+01 -9.66713891e+01
 -5.00174521e+00 -1.50757729e+01 -3.47421296e+01  1.01809873e+02
  2.42002084e+00 -4.46912828e+00 -1.42843814e+02 -1.02928598e-01
  1.64479581e+00  4.76440576e-01 -7.17749641e+01  2.50167181e+00
 -7.98714564e+00 -7.14023581e+00 -4.44200355e+01  1.46476089e+02
 -1.33494889e+00  1.32505222e+01  1.59168770e+00 -1.38650546e+01
  6.83769460e+01  5.69927650e+00  2.76275811e+01 -1.91066560e+01
  9.21100054e+01  3.17558283e-01 -4.86746145e+00  8.45312466e-01
  7.87078160e+00 -3.19601880e+02  7.29990968e-01 -3.88441628e+01
 -3.91263814e+01  5.87681658e+02  7.68997806e-01  3.57967471e-01
  1.44268912e+00 -7.08252140e+00  2.26998579e+02  1.18744760e+01
  1.06606553e+00  8.15051459e+00 -5.29291227e+00 -6.73566483e+00
  8.86829326e-01 -2.06882360e+00 -8.44848349e+01 -1.57711579e+01
 -1.20931581e+01  1.41424422e+01 -2.21388647e+01 -1.29197812e+00
 -2.71326812e+01  6.02239514e+00 -3.31046617e+00  3.23380249e+00
  7.12320600e-01 -5.52762581e+01  1.92570465e+00  1.02414223e+01
  8.41153194e+01  5.96476926e+00  1.12891533e+01  8.36363263e+00
  5.05323265e+00 -9.86555181e-01 -2.51161616e+00 -2.11120151e+00
  6.35205249e-01 -4.17313892e+01 -1.23685795e+00 -3.21401259e+01
  1.91836349e+00 -5.06551951e+01 -3.30059779e+00 -6.08270239e+00
  2.46164672e+02 -3.68914294e+00 -6.08369178e+01 -1.01393895e+02
  8.83767611e+01 -9.35961569e+00 -1.36056281e+01  6.87614533e+02
  1.77095042e+00 -6.31204061e+00 -1.20822723e+02  7.17332589e+00
 -5.92288293e+01  8.38124142e-01 -8.47136617e+00  9.96150719e-01
  3.20245890e+00  1.01317516e+00 -4.02548229e+00  8.11220240e-01
  9.62162068e-01  1.31750045e+02  3.65963953e-01  3.53298377e+02
  4.89695223e-01  1.13419708e+00 -1.82709506e+01 -3.02907128e+01
  1.66859892e+00  2.61522188e+01  2.70744329e+00 -1.84751547e+01
 -3.58994334e+01  4.18350194e+00 -3.01591105e-01  6.42028800e+00
  2.52862886e+02  1.06369188e+02 -2.78014658e+01  8.28909702e+00
  1.57636805e+01  4.47148822e-01 -8.01138678e-01  3.35116993e+01
  2.37677860e+00  3.51854197e+00  7.41292008e+00 -2.62536760e+02
  5.40312584e+01  9.38218504e-02 -3.34140322e+00  6.66084202e-01
  5.57954868e+00  3.78224467e+01  7.95717957e+00 -3.92068927e+00
  1.28842010e+00 -1.40214512e+02 -3.45992513e-01 -1.06843135e+01
 -3.57885638e+00  3.07146081e+00  2.24864751e+02 -9.65573897e+01
 -9.47663998e+00  5.11074867e-01  3.56327933e-02 -2.58889004e+02
  2.25135096e+01  1.64300688e+01 -2.44350862e+01  2.25775147e+01
  2.04363117e+01 -1.87503825e+01  7.83174655e-02  8.14783821e+01
  1.40852190e+01 -1.14962967e+01 -1.90211738e+01 -1.47326745e+00
  7.76667881e-01  2.64506280e+00  2.65810089e+02  4.48656252e+00
  1.95673776e+02  4.14349849e+00 -6.45045695e+00 -1.43153205e+01
  1.77290288e+00  2.81551329e+02  1.61063538e+01  4.46790251e+00
  4.50064415e+00  8.77608844e-01  6.74051572e-01  1.75942314e+00
 -3.36875944e+00  2.95171465e+00 -2.00243440e+01 -5.29412387e+00
 -8.63039978e+00  7.73096464e-01 -1.62990717e+01 -3.75758049e+01
 -7.50288870e+01  2.59002511e-01 -5.35273397e+01 -1.08661347e+02
  8.14361591e-01 -1.14802117e+01  1.81074439e+01  6.13014217e+01
 -1.39483761e+00  2.52282093e+01 -6.14825554e+00  2.52586915e-01
  6.92675454e+02 -1.70322264e+01  5.98773613e-01  7.81134502e+01
  4.56431158e+00 -2.10691342e+01  3.47823417e-01  1.17068614e+02
  1.75840591e+00  1.55180819e+00 -2.67448517e+00 -4.50268402e+01
 -5.62350350e+01 -4.12523371e+00  8.21034194e-01  5.23540190e+01
 -4.15059701e+00 -7.52274104e+00  9.36851896e+01  5.85440594e+01
  1.13770151e+00  1.94253513e+00  1.04510011e+00  4.03621987e+00
  3.34582469e+01  5.67906842e+01  1.30521577e+00 -2.49456876e+01
  4.24833954e+02  1.82492198e+01  1.05400268e+00  4.12133396e+02
 -1.91970015e+01  2.37470030e-01  1.34355930e+01  1.78550207e+02
 -3.97853789e+01 -1.28995133e+01  1.07191803e+02  7.65322623e+01
  3.38168017e+01  2.19161050e+01  2.55287599e-01 -1.70849034e+01
  9.60972522e+00  1.83208120e+02 -5.76933061e-01  2.12578441e+01
  5.59022040e+00 -2.02456578e+01  3.44489554e-01  3.33442042e-01
 -3.08743404e+01  1.15699594e+01 -8.90142875e+00  3.36007874e+00
  3.77915791e+00  2.81069687e+01 -5.36476553e+01 -1.85689387e+01
  3.78097385e+01  1.95247282e+00  1.01433303e+00 -3.08634525e+00
  1.25807865e+00 -9.15320400e-01  3.34713295e+00 -2.87699392e+00
  8.25079715e+00  5.54166251e-01  1.44433873e+01 -5.63981028e+01
  1.89656312e+01 -1.10135389e-01 -2.16249848e+01  8.37507022e-01
 -5.78881108e+01  1.14399548e+02 -1.11320652e+01 -1.67630858e+00
 -3.60827995e+01 -8.87356082e+01  1.96154851e+01  4.27332551e+02
 -1.43421961e+00 -6.35260664e+00 -1.60557764e+01 -3.46740926e+00
 -9.47796681e+00  1.02169586e+00 -3.70242520e+00 -9.63804991e+00
  5.97571835e+00 -5.94366805e+00  7.07295873e+01 -9.69500019e+00
 -5.46887749e+00 -1.58861433e+02 -2.92712883e+01  7.85126551e+01
 -1.39788078e+02  1.11300418e+00 -1.05562317e+02  9.25103710e+00
 -6.63982860e+00 -7.69119645e+00 -1.27544573e+00  1.39354817e+01
  2.31701966e+00 -2.44041126e+01 -6.44364136e+00  4.08333706e+00
 -3.00403938e+01 -1.50795016e+01  3.93122946e+01 -1.77351118e+02
 -4.93217890e+00  8.32034625e-01  1.15962173e+01  9.21294101e-01
  5.15753455e+00  8.83759507e+01  4.28398645e+01 -1.04328125e+01
  7.35717219e-01 -1.81281042e+00  1.62453179e+00  3.70587664e+01
  8.89172367e+00  1.34758287e+03  4.97176830e+01 -8.78998692e+01
  1.75479750e+00  1.52719759e+02  3.71188559e+01 -3.66254472e+00
 -4.69588420e+02 -3.45219387e+00  1.76124846e+01 -3.88368123e-03
 -2.68376720e+00 -7.97435443e+01  4.02950758e+00 -2.57837717e+02
  8.60979252e+00 -1.81943563e+01 -7.25322683e+01  1.67243843e+01
  1.96108520e+02  4.68627267e+01 -1.86873519e+02 -1.70582700e+00
 -1.25275166e+00  2.02926303e-01 -1.69461454e+02 -3.54064182e-01
  1.90096523e+01  4.50594843e+00 -2.67522011e-01  5.96673274e+00
 -1.28302388e+01  2.00018414e+00  1.42252056e+00 -5.95375953e+00
  4.99128143e-01  8.57281458e-01 -1.53215259e-01 -3.46013702e+00
 -2.66921677e+00 -3.49795928e-02 -4.84175335e+00  1.53985747e+02
  1.31637783e+01  4.11321034e+00  2.36363257e+00  2.57230180e+00
 -6.40418234e+00 -4.58784593e+00  2.56483571e+01  7.21342866e-01
  7.65189436e-01 -4.98035576e+00 -3.97042727e+01  6.81820302e+00
  1.01665797e+01 -7.09193127e-01  1.29865431e-01  2.79871047e+01
 -1.93404263e+01 -1.32189341e+01  1.99564335e+01 -9.49074913e+00
 -2.00046397e+01  8.64092460e+00 -4.71509316e+00  2.71668744e+00
  2.46297267e+00 -1.08567177e+00  1.04697566e+01 -1.88328201e+01
 -3.12165876e+01  1.77723081e+01 -2.30278723e+01  3.86714587e+01
  1.19096523e+00 -3.59068780e+01  9.17122096e-01 -9.40679980e+00
 -1.23684401e+01 -3.72481116e+00  8.60234694e-02  4.99821483e+01
 -8.85389926e+00  1.39038344e+02 -3.48299729e+01  6.50826342e-01]