[-1.90898579e-01  9.81138916e-01  8.16782802e-01 -2.98410577e+00
  1.00037810e+00 -8.13799179e-01  1.35917962e-01  4.93152220e-01
  8.11762678e-01  4.69748546e-01 -3.91201993e-01 -6.55223339e-01
  1.00462586e+00  5.24393236e-01  9.76557419e-01  9.52235853e-01
  9.43207864e-01  9.23168167e-01  9.50535276e-01 -4.09725454e-02
  8.17831021e-01  5.36973112e-01  9.39037900e-01  8.59276345e-01
  8.37450903e-01  1.00431803e+00  9.64762104e-01  8.17375355e-01
 -4.40210740e-01  2.75627877e-01  9.87588967e-01  7.70029427e-01
  8.96906801e-01  4.99507500e-01  9.79778572e-01  8.89000890e-01
  4.96762652e-01  1.01852038e+00  1.17460939e+00  9.21127050e-01
  1.08686231e+00  4.37303392e-01 -2.15890711e+00  9.10322968e-01
  8.07453343e-01  9.68042179e-01  5.62460332e-01  9.79908681e-01
 -9.32219159e-01  9.85963616e-01  6.48242136e-01  8.96876886e-01
 -5.58637561e+00  8.29626509e-01  8.09126281e-01  9.86350213e-01
  5.26513085e-01  7.03325138e-01  9.59962136e-01  8.22181055e-01
  8.99453581e-01  9.13569747e-01  5.79707861e-01  1.06546450e+00
 -1.78224679e-01 -3.83357934e+00  9.75664747e-01  5.56227887e-01
  1.57923185e+00  3.24402581e+00  9.17846986e-01  9.46661231e-01
  4.67809340e-01  9.84067873e-01  1.16370120e+00  1.27320013e+00
  9.75923206e-01  1.22573411e+00  9.84131068e-01  1.50802285e+00
  9.47903353e-01 -1.41216270e+00  9.67990625e-01  9.27117519e-01
 -5.14730961e-01 -9.62369742e-03  9.79737883e-01  8.93821150e-01
 -9.68010344e+00  8.67036483e-01  8.77564409e-01  9.43714743e-01
  9.66399686e-01  5.98506114e-01 -1.61578322e+01  9.92632011e-01
  9.76952609e-01  8.61964330e-01  8.24350146e-01  7.53289339e-01
  5.32130093e-01  9.84008778e-01  7.72698628e-01  9.85614928e-01
  7.85848926e-01 -3.80517810e-01  9.73663118e-01  6.97553254e-01
  3.71735785e-01 -3.06740400e+00 -5.97603998e+00  8.14628578e-01
  9.38537488e-01  1.58618711e-01  9.86606127e-01  9.91568626e-01
 -7.76829116e-01  4.05798149e-01 -1.26634588e+00  6.90401912e-01
  9.54472182e-01  8.80407682e-01 -6.09041025e-01  9.84599632e-01
 -7.63221876e-01  2.42856194e+00  1.07844542e+00  9.28914979e-01
  9.24409455e-01  9.86169882e-01  6.51523403e-01  8.80109729e-01
  5.77051566e-02  9.81291070e-01  3.66414833e-01  9.48945951e-01
  1.87804934e-01  1.38189946e+00 -2.50832502e+00  9.75261999e-01
  9.85357796e-01  1.06029390e+00  5.81547065e-01  5.98335107e-01
  2.80831545e+00 -9.53174107e-01  9.21157906e-01  9.85579995e-01
  9.07765068e-01  4.00776621e-03  8.39822548e-01  1.76278693e+00
  8.35819154e-01  9.74463785e-01  1.46681801e-01  8.27652484e-01
  8.04742656e-01  9.83080188e-01  9.68714354e-01  9.81093953e-01
  1.50245277e+00  8.87658658e-01  8.90751594e-01  1.29190015e+00
  1.18978444e+00  9.55902476e-01  1.13629651e+00  9.85906092e-01
 -1.62788853e-01  1.16614139e+00  5.72365224e-01  7.44950239e-01
  1.19984652e+00  9.32256150e-01  6.27446746e-02  7.22287048e-01
  1.53753163e+00 -1.92658167e+00  9.88552862e-01  7.69890684e-01
  6.04437926e-01  3.98520511e-01 -9.89324994e-01  9.62941500e-01
  9.66154445e-01  9.18404866e-01  9.09985153e-01  9.53955188e-01
  7.88719199e-01  6.04547281e-01  9.94139422e-01  9.84048429e-01
  9.24073358e-01  7.13127464e-01  9.85135600e-01 -4.90593266e-01
  3.85948911e-01 -1.65563294e-01  9.51320875e-01  3.45736534e-01
  7.66731295e-01  8.37826112e-01  9.10576034e-01  1.13632954e+00
  1.09406251e+00 -7.04767900e-01  4.80141348e-02  3.48499070e-01
  3.15041833e-01  6.53238065e-02 -7.08340222e-01  9.16043046e-01
  8.88791394e-01  8.26390284e-01  7.65435367e-01  9.48152778e-01
  8.42862176e-01  6.62700234e-01  4.69839044e-01  9.76277829e-01
  8.77867209e-01  4.64383684e-01  3.04696579e-01  9.48121741e-01
  9.59185946e-01  9.64826350e-01 -1.97388182e-01  7.41089657e-01
  8.22893314e-01  4.67973400e-01  2.01975782e+00  1.21077920e+00
  9.48208210e-01  9.64384552e-01  7.99028403e-01  1.27970039e+00
  4.40278997e-01  7.37023883e-01  7.69917562e-01  9.84406503e-01
 -1.78979978e-01  4.84996479e-01  6.78587190e-01  8.85782115e-01
  1.05975817e+00  9.01912605e-01  1.75822606e+00  5.13045174e-01
  9.63060489e-01 -8.93702629e+00 -1.60467139e-01  3.81402617e-01
  8.59383455e-01  8.84536021e-01  7.09726581e-01  9.04023240e-01
  9.85354906e-01  9.36856294e-01  9.55942642e-01  8.47085446e-01
 -4.06154246e+00  9.94885998e-01  9.36264200e-01  1.69707142e+01
  1.26829483e+00  8.70842949e-01  9.65011600e-01  7.43021267e+00
  5.39985942e-01  9.78520507e-01  9.98292468e-01 -1.74556808e-01
  9.46345446e-01  9.84080879e-01 -9.73838705e-02  2.31098665e-01
  8.05166734e-01 -1.53064705e+01  2.77100247e-01  9.81748879e-01
  3.77282587e-01  8.92409844e-01  6.04868168e-01  9.85755362e-01
  9.66058123e-01  7.08287922e-01  1.81537562e+00  9.58790934e-01
  9.80551450e-01  1.02497168e+00  4.56287216e-01  5.92821494e-01
  7.92172609e-01  1.08729172e+00  7.71007492e-01  9.55966940e-01
  4.96314687e-01  9.48835118e-01  8.93128528e-01  1.06918853e+00
  9.28480074e-01  9.67836875e-01  9.72326292e-01  9.70806619e-01
 -1.63648334e+00  1.02464680e+00  4.38172216e-01  9.52322917e-01
  8.06576763e-01  1.02780248e+00  4.12838281e-01 -3.31195037e-01
  7.94997990e-01  8.01478065e-01  5.96726866e-01  9.34499998e-01
  7.30725636e-01  1.25070566e+00  7.93951531e-01 -5.27294975e-01
  6.03503338e-01  1.07060692e+00  5.87601093e-01  9.78389231e-01
  1.19240017e+01 -4.63211576e-01  2.42901006e-01  5.11388062e-01
  2.24295833e-01  6.81736709e-01 -9.82486399e-02 -4.45655498e-01
  9.49342083e-01  8.98938613e-01  5.35384764e+00  1.16083402e-01
  9.05598030e-01 -7.47914283e-02 -1.27321192e+00 -1.53457314e+00
  1.15019995e+00  9.75607164e-01  9.13721281e-01 -5.58879627e-01
 -2.23134129e+00  7.57809130e-01 -4.02657359e-01  7.74250539e-01
  9.75407109e-01  5.77113758e-01 -5.27560327e-01  9.83079723e-01
  7.81347542e-01  1.30887268e+00  9.69381031e-01  9.13250384e-01
  8.25505368e-01  9.63210753e-01  8.65690088e-01  8.81936708e-01
  2.70987773e-01  4.22871066e-01  2.14492560e-01 -5.92570649e-01
  9.82177292e-01  9.58430583e-01  1.38399922e+00  6.22484680e-01
  4.46963239e-01  1.10548821e+00  7.61580334e-01  8.75480663e-01
  6.69458955e-01  9.06133299e-01  9.73618902e-01 -1.92316812e+00
  1.13645522e-01  7.68958456e-01 -4.37069067e-01  3.63712670e-01
  5.84870652e-01 -7.67762646e-01  1.35185478e+00  9.15873282e-01
  8.47586841e-01  7.46868944e-01  2.22265746e-01  1.79470655e+00
 -4.87146161e+00  9.68457194e-01 -8.98602435e+00  7.46123915e-01
  4.70406482e-01  2.36230421e+00  4.99899081e-01 -3.82499843e+00
  5.83080466e-01  7.70206074e-01 -3.06117532e+00  4.69523699e-01
  7.69022534e-01  9.82230540e-01  7.11871392e-01  8.99825820e-01
  1.07684609e+00 -9.46362402e-01  7.80907898e-01  7.40602763e-01
  8.86717924e-01  1.39885567e+00  8.56343107e-01  9.84346071e-01
 -3.62077466e-01 -3.39035900e-01  8.74475670e-01  2.02316848e+00
  9.60631799e-01  6.72160893e-01  9.46816819e-01  6.20521364e-01
  9.60410794e-01  1.03669293e+00  6.33614440e-01  1.05903391e+00
  9.80844246e-01  7.73484820e-01  9.54300561e-01  1.88717528e-01
  9.75264450e-01  1.84798866e+00  1.01532146e+00 -2.57254567e+00
 -5.15454160e-01  9.04856590e-01  5.01440010e-01  6.12395958e-01
  8.09118927e-01  9.31514395e-01  3.60019153e-01 -1.08631179e+00
  7.24054533e-01  8.21664634e-01  1.00474587e+00  8.78746864e-01
  8.97781682e-01 -3.91991537e+00  1.04834372e+00 -6.36942494e-01
  9.86093570e-01  7.87985916e+01  8.73782609e-01  6.33556368e-01
 -4.76532180e-01  2.02437979e-01  6.72293672e-01  5.13461996e-01
  9.67123701e-01  9.86513307e-01  7.65245615e-01  1.19132836e+00
  9.50864042e-01  9.83316392e-01  3.15996096e-01  4.44801228e-01
  2.67594461e+00  9.86112918e-01  7.63863398e-01 -5.62932011e-01
  7.44181150e-01  8.46597787e-01  8.94894500e-01  7.85671497e-01
  9.28570718e-01  3.98044912e+00  9.73138162e-01  8.61147355e-01
 -9.41813592e-01  5.39588578e-01 -6.01037176e+00  1.31489596e+00
  1.04668820e+00  9.29437725e-01  9.23948748e-01  5.27795916e-01
  9.62703300e-01  9.83634502e-01  8.78270298e-01  6.61700968e-01
  8.26130573e-01  8.53304211e-01  9.71099584e-01  3.29803026e-01
  6.48310044e-01  8.61344107e-01 -3.01281507e+00  7.57612148e-01
  1.28053060e-01  6.15164436e-01  9.54083824e-01  9.84629414e-01
  9.93844247e-01  9.84717062e-01  7.19512614e-01  9.65383118e-01
  9.17202411e-01  9.45652937e-01  9.47740801e-01  9.85772569e-01
  2.58362075e+00 -6.31986106e-01  8.41264436e-01  9.41768180e-01
  9.59721125e-01  9.73612967e-01  8.37513491e-01  6.18313478e-01
  1.01010679e+00  9.70967152e-01  9.63741959e-01  5.04036387e-01
 -1.07681753e+01  4.71383088e-01 -2.36444143e+00  8.39320797e-01
  9.76976597e-01  1.63054442e+00 -9.49790558e-01  8.37588986e-01
  9.03012466e-01  1.47437855e+00  1.52224140e-01 -9.79067353e-01
  7.77048728e-01  9.26397617e-01  9.71173677e-01  9.36782835e-01
  2.39867083e-01  6.95172379e-01  5.55946287e-01  1.02505280e+00
 -3.66618470e+00  1.09335990e+00  7.72686057e-01  8.55025435e-01
  8.04051736e-01  9.84991599e-01  9.85066979e-01  3.33376696e-01
 -3.17767486e+00  5.93847854e-01  9.17148237e-01 -1.54164577e+00
  6.56790318e-01  6.90834687e-01 -4.01623457e+00  6.95449964e-01
  3.35411414e-01  7.95914763e-01 -5.76193491e+00  9.46153079e-01
  9.02884773e-01  9.37972879e-01  4.27335259e+00  8.16768506e-01
  9.62481008e-01  1.80935686e+00  9.86927527e-01  4.15178764e-01
  4.79180341e-01  9.66103044e-01  7.52711054e-01  9.51784223e-01
  9.42122897e-01  9.47449216e-01  9.20115473e-01 -1.41684620e+01
  8.33393870e-01  8.56603109e-01 -6.32807479e+00  8.61190712e-01
  7.68087331e-01  9.64335472e-01  9.76233170e-01 -1.64504892e+00
  5.68392628e-01  8.79614902e-01 -5.11071484e+00 -1.39798987e-01
  2.36611075e-01 -7.43182506e-01  9.95131974e-01  9.59818872e-01
  9.07311444e-01 -6.38797358e+00  9.73499040e-01  9.74680027e-01
  9.67429103e-01  1.14826543e+00  8.72546165e-01  6.72880425e-01
 -3.34337844e-02  9.69740795e-01  8.53441925e-01  9.79390396e-01
  6.66560588e-01  8.38730656e-01  9.89914910e-01  1.01649525e+00
  9.91951430e-01  9.49724696e-01 -2.63222546e+00  9.19707889e-01
  9.42221126e-01  9.26427589e-01  1.01290366e+00 -1.89697671e+00
  1.03388268e+00  9.85639114e-01  7.52475313e-01  2.08349151e+00
  9.85663087e-01  9.71048851e-01  1.05014738e+00  9.57399221e-01
  8.00625708e-01  8.93031024e-01  9.12266461e-01  6.20533153e-01
  1.91770047e+00 -3.74707623e-01 -1.03540821e+00  8.34629313e-01
  6.66711563e-01  8.56859303e-01  3.71755329e-01 -3.87609749e-01
  2.02115920e-01  5.78379358e-01  1.12280251e+00  1.27062801e-01
  5.96960480e-01  1.00223521e+00  9.63282076e-01  9.02809057e-02
  7.79510670e-01  9.74873590e-01  9.49617534e-01  9.12256113e-01
  8.28963808e-01 -1.34520458e+00  7.52556538e-01  5.91877709e-01
  6.16867743e-01  1.28050178e+00 -1.06152159e+00  9.79753715e-01
  8.97722751e-01 -2.25805589e-01  4.95205404e-01  9.93260884e-01
  1.29405722e+00  9.84777989e-01  8.35417179e-01  9.54333842e-01
  8.63804732e-01  9.65374057e-01 -1.11912554e+00  1.20773286e+01
  7.99943352e-01  1.60292904e+01 -4.61571586e-01  9.11225956e-01
  1.05555418e+00  6.70822308e-01  8.53549252e-01  2.27778143e-01
  2.91025806e+00  9.17904141e-01 -1.65438494e+00 -4.27528097e+00
  9.22264145e-01  4.76262242e-01  1.30625848e+00  6.76471877e-01
 -7.12520137e+00  9.50592101e-01  9.33332022e-01  9.89146411e-01
  1.24466203e+00 -4.36455950e+00  9.06972182e-01  9.04435160e-01
 -8.09497788e-01  8.97569384e-01 -1.14946751e+00  8.50278127e-01
 -2.32570822e-01  1.07786950e+00  3.82594213e+00 -1.37410266e+00
  1.10863176e+00  9.51467310e-01  9.40204441e-01  9.77584283e-01
  1.04117533e+00  9.24756914e-01 -2.32499614e+00  8.06704227e-01
  8.63476898e-01  6.89776901e-01  9.83927796e-01 -1.70707510e+00
  7.79388716e-01  8.44772658e-01  8.97429285e-01  2.40096166e+00
  5.90518351e-01  7.74019274e-01  4.11681722e+00 -3.78787015e-01
  3.06232617e-01  6.01975341e-01  9.87298700e-01  1.03235026e+00
  7.92757273e-01 -1.12518006e-01  7.08637274e-01  9.85125998e-01
 -2.76191945e+00  9.67614813e-01  9.73926791e-01  4.80888429e-01
  9.79988985e-01  1.01391002e+00  4.50324029e+00  9.54946140e-01
  5.10442264e-01 -7.42527756e-01  7.27238432e-01  5.11259934e-01
  9.13424091e-01  9.72778694e-01  9.07751470e-01  1.11970876e+00
  9.80084775e-01 -1.52294757e+00 -1.46694772e-01 -6.53000064e+00
 -4.99183704e-02 -1.43289198e+00 -5.37492989e-02 -1.15848545e+00
  9.39877518e-01  7.93401874e-01  8.58399778e-01  9.94343483e-01
  9.68401162e-01 -5.59714944e+00  9.75532504e-01  9.62915301e-01
  9.66975968e-01 -9.47820748e-02  1.00011393e+00  8.97565832e-01
  9.59032283e-01  6.57681303e-01  9.70592896e-01 -1.88858639e+01
  9.81008732e-01  7.71555449e-01  9.59040405e-01  8.56314926e-01
  9.56076834e-01  9.95356933e-01  6.71301657e-01  9.10849469e-01
  1.07385901e+00  5.38697502e+00  9.30650124e-01  5.55099002e-01
  8.24437738e-02  2.84534901e-01 -1.23933515e+00 -3.50022186e+00
  9.52078691e-01  7.02083586e-01  9.35262925e-01  9.86834644e-01
  7.60234932e-01  5.48744753e-01  7.47956314e-01  1.20971048e+00
  9.48375354e-01 -3.03172907e+00  4.22474966e-01  1.05306818e+00
  9.85889434e-01  9.21029365e-01  8.47410568e-01  5.25131192e-01
  8.99022888e-01  9.61062600e-01  5.70734744e-01  9.27698647e-01
  6.45049156e-01  3.12341108e-01  9.66667715e-01  9.89571698e-01
  9.60774811e-01  8.72049308e-01  7.59063702e-01  5.28539894e-01
  9.45311101e-01  7.20320052e-01  7.36825484e-01  9.36631475e-01
  9.36877703e-01  1.08722707e+00 -1.21679110e+00  1.39192648e+00
  9.77239234e-01  9.84651691e-01 -1.86483945e-01  1.29716890e+00
  9.83836391e-01  9.54206703e-01  9.89886199e-01  1.04298366e+00
 -5.27187812e-01  3.16098714e-01  2.64710501e-01  9.86511303e-01
  9.58907789e-01 -3.67749545e-01 -7.76503887e+00  9.63974598e-01
  9.28166304e-01  5.73698974e-01  6.50496839e-01  9.43647863e-01
  7.87669715e-01 -3.27152397e+00  3.90016652e-01  1.60978054e-01
  9.02984975e-01  8.27533253e-01  9.48213088e-01  9.92529113e-01
  8.92727043e-01  9.82443242e-01 -5.51277100e-02 -9.97089232e-01
  9.86089990e-01  6.82349600e-01  9.83133663e-01  8.48702813e-01
  5.25079115e-01  9.02117536e-01  9.53185868e-01  9.71100286e-01
  8.54761226e-01  1.45104533e+00  7.64608173e-01  3.06173505e-01
  2.07581085e-01  8.99625614e-02  7.59932526e-01  9.25302949e-01
  2.09460204e-01  4.61767202e-01  5.27213869e-01  9.05306105e-01
  5.65880464e-01  9.23613369e-01  5.99356058e-01  7.92150886e-01
 -3.80738870e-02  7.52216700e-01  8.91887125e-01  1.05478551e+00
  8.36970688e-01  9.94372794e-01  9.89523120e-01  3.58775126e-01
  9.47844917e-01  7.79723110e-01 -2.60791251e-01  1.30429622e+00
  8.56958672e-01  8.97220511e-01  1.12875558e-02  9.78384549e-01
 -1.91394105e+00  3.50514633e-01  9.73306951e-01  4.68225393e-01
  9.79079317e-01  7.26291901e-01  3.15501477e-01  4.08491312e-01
  1.22020893e+00 -9.81278295e-01  1.82043782e-01  9.82709983e-01
  9.22992411e-01  9.74703263e-01  9.86205137e-01 -2.63098362e-01
  6.00170315e-01  9.99232135e-01  8.26384731e-01  9.66240076e-01
  8.42833513e-01  1.00275106e+00  9.95962221e-01  4.35232962e-01
  9.43834213e-01  1.72297113e+00  1.88572830e+00  9.90516130e-01
  9.31801067e-01  6.83307158e-01  9.42301073e-01 -8.45772393e-01
  1.43953057e-01 -1.95166540e+00  1.08175527e+00  1.06973708e+00
 -8.43709708e-01  9.28204162e-01  1.05798419e+00  9.86045146e-01
  4.03931041e-01  9.96691826e-01  6.79674698e-01 -6.29336595e-01
  9.05387789e-01  7.55066912e-01 -8.33535617e-01  1.04219824e+00
 -3.06850979e-02  7.17597344e-01  1.01609716e+00  8.87496823e-01
  9.60475492e-01  1.91033058e+00  9.84520917e-01  4.42433933e-01
 -3.68860299e+00  3.94554907e-01  9.20619425e-01  9.20140353e-01
  8.82556532e-01  3.93568241e-01  9.87967988e-01  8.49515319e-01
  9.61359141e-01 -1.28001562e+00  5.83317706e-02 -3.86285772e-01
  5.82137639e-01  5.09083489e-01  9.36900862e-01 -8.66072377e-01
  2.84685228e-01  9.09879962e-01  9.40911018e-01  4.36868666e+00
  9.62972314e-01 -1.85296177e-02  8.57769434e-01  8.27385596e-01
 -2.85352705e+00  9.23256250e-01  2.38062064e-01  7.56148802e-01
 -1.56742776e+00  5.86537530e-01  9.50681109e-01  9.00803162e-01
 -7.62561519e-01  4.21893892e+00  9.88705809e-01  1.11771760e+00
  9.78787009e-01  8.54694053e-01  3.39036371e-01  9.39149198e-01
  9.84034058e-01  2.26791037e-01  8.62075144e-01  9.24257250e-01
 -4.98192484e-01 -5.81778723e+00 -1.22695322e+00  9.39294802e-01
 -7.60486564e-01 -1.80552542e+00  7.08608856e-01 -2.37803972e-01]