[ 2.0800618   1.0800618   1.0434003   0.97329531  0.96162062  0.93107746
  0.90643252  0.8759357   0.85161519  0.84786444  0.83062109  0.81625234
  0.81333887  0.79550785  0.78764389  0.76643792  0.75474071  0.73866158
  0.73600664  0.72325267  0.72258537  0.7188016   0.71873716  0.70340741
  0.70107122  0.70041881  0.69959222  0.69900814  0.69773921  0.68696377
  0.68638269  0.68532957  0.67531014  0.6722791   0.67081129  0.66968209
  0.66524108  0.66318143  0.65595527  0.6412462   0.63456173  0.63228662
  0.62889809  0.62375331  0.62155608  0.61944634  0.61603863  0.61317223
  0.60985472  0.60717639  0.60614099  0.60608062  0.60420298  0.60367897
  0.59396894  0.59066081  0.58857323  0.58081167  0.58051221  0.57871362
  0.57813162  0.57754182  0.57584568  0.56990267  0.56360157  0.56155298
  0.56152318  0.56113606  0.56005539  0.55130744  0.55083143  0.54197093
  0.54082236  0.54070081  0.53785983  0.53416889  0.53412951  0.53370925
  0.53285492  0.53110561  0.52908003  0.52814478  0.52615331  0.5260156
  0.52567267  0.52502903  0.52278437  0.52112914  0.52102551  0.52051704
  0.51950855  0.51622625  0.51609428  0.51306786  0.5125898   0.50862415
  0.5080865   0.50708088  0.50679571  0.50336819  0.50283081  0.50252876
  0.49676474  0.49449266  0.49403236  0.49329336  0.48874714  0.48865649
  0.48348951  0.48347642  0.48094672  0.47993031  0.47844666  0.46827035
  0.4680734   0.46699551  0.45816212  0.45637272  0.4562503   0.45293162
  0.45237211  0.44961172  0.44953848  0.44927082  0.44763906  0.44462163
  0.44445218  0.44215582  0.43975586  0.43960789  0.43900235  0.43792366
  0.43738305  0.43329055  0.43028848  0.42990634  0.42953542  0.42645136
  0.42597314  0.42565118  0.4238264   0.4191056   0.41770249  0.41766493
  0.41747347  0.41716041  0.41631084  0.40623732  0.40540231  0.40486677
  0.39993842  0.39900488  0.39813734  0.39704205  0.39691505  0.39578183
  0.39377589  0.3931491   0.39216378  0.39108477  0.38922517  0.38750849
  0.38734547  0.38716333  0.38708583  0.38661455  0.38568565  0.38267927
  0.38259846  0.38217338  0.38211207  0.37915256  0.37821179  0.3737089
  0.37183712  0.3689589   0.36879688  0.36800544  0.36310369  0.36003582
  0.35700631  0.35606967  0.35585276  0.35022033  0.34862781  0.34841018
  0.34808913  0.34692071  0.34643304  0.34536339  0.34452718  0.34431636
  0.34418236  0.34381896  0.34245923  0.34074786  0.34069538  0.34030469
  0.33744985  0.33742     0.33656911  0.33590481  0.33586814  0.33483671
  0.3312001   0.32976163  0.32893238  0.32847122  0.32830438  0.32546754
  0.32469091  0.32374513  0.32367869  0.32344193  0.32253618  0.32235395
  0.32021743  0.31989389  0.31857313  0.31813333  0.31730307  0.31615163
  0.316067    0.31566726  0.31548412  0.31541864  0.31541055  0.31404404
  0.31379019  0.31355544  0.31027737  0.31010904  0.30908881  0.30733816
  0.30645403  0.3053706   0.30500155  0.30429851  0.30407352  0.3014065
  0.30127312  0.30017484  0.29968687  0.29792787  0.2969437   0.29668639
  0.29505103  0.29391117  0.29260848  0.2926062   0.29153975  0.29096286
  0.29071879  0.29043444  0.28970913  0.28942338  0.28839757  0.28804981
  0.28778924  0.28650421  0.28496091  0.28467504  0.28443823  0.28433907
  0.28214712  0.28169784  0.280393    0.27908795  0.27563146  0.27477399
  0.27264869  0.27057886  0.27026898  0.26982881  0.26875986  0.26867962
  0.26865784  0.2683463   0.26773919  0.26622945  0.26585332  0.26465338
  0.26406885  0.26337     0.26323377  0.26280462  0.26225787  0.26209104
  0.26106745  0.26056298  0.25933498  0.25769859  0.2531771   0.25248735
  0.25165955  0.25059468  0.24931821  0.24877734  0.24805656  0.24791707
  0.24776006  0.24704176  0.24544506  0.24384032  0.24157842  0.24084132
  0.2399391   0.23824638  0.23548063  0.23475128  0.23430461  0.23352627
  0.23335211  0.23233531  0.2322303   0.23211418  0.23153745  0.23081242
  0.22735984  0.22530214  0.22432657  0.22197937  0.22160778  0.22084457
  0.2208256   0.2207307   0.21896927  0.21740421  0.21689913  0.2153952
  0.21397327  0.21370241  0.2132809   0.21249505  0.21235619  0.21163833
  0.21004737  0.20898397  0.20893946  0.20780416  0.20625916  0.20605963
  0.20375247  0.20322683  0.20320343  0.20277983  0.20234766  0.20136648
  0.20016348  0.197654    0.19498705  0.19238133  0.19024057  0.18846961
  0.18801116  0.18678633  0.186468    0.18469897  0.18434994  0.18419236
  0.18083047  0.18027914  0.17956882  0.17932067  0.17872328  0.17691409
  0.17393688  0.17150381  0.17121241  0.16974945  0.16931943  0.16917157
  0.16765825  0.16714022  0.16665575  0.16661192  0.1624309   0.16213566
  0.15965602  0.15897864  0.15718469  0.15680918  0.15431353  0.15390458
  0.15273379  0.151684    0.15143359  0.15109201  0.14943976  0.14727883
  0.14554195  0.14552286  0.145172    0.14433948  0.14323396  0.14291839
  0.14253044  0.14171375  0.14140144  0.13841034  0.13457999  0.13431684
  0.13209166  0.131103    0.13078978  0.12897265  0.12844356  0.12811146
  0.12804265  0.12741172  0.12737372  0.12680995  0.12340412  0.12164814
  0.12134943  0.1203949   0.1197341   0.11962833  0.11924869  0.11746757
  0.11738172  0.11525891  0.11517899  0.11416775  0.11349533  0.1125313
  0.11143339  0.1111541   0.11033276  0.10839162  0.10744315  0.10708888
  0.1068361   0.10652625  0.10327702  0.10214198  0.10096801  0.10026714
  0.09830737  0.09822436  0.09797954  0.0944428   0.0941965   0.09281274
  0.09151261  0.09099992  0.08686946  0.08579223  0.08542045  0.08497383
  0.08431679  0.08426678  0.08382845  0.08285611  0.07715312  0.07298036
  0.06361291  0.06260273  0.05832436  0.05683913  0.05320535  0.04991114
  0.0437839   0.04004833  0.02952806  0.02924038  0.02841442  0.01822347
  0.01427701  0.01263483  0.01217341  0.01127966  0.0085373   0.00619326
  0.0023174   0.00212933 -0.00517383 -0.00960101 -0.01301341 -0.01665711
 -0.02550767 -0.02683485 -0.0289932  -0.0324649  -0.03436953 -0.03462732
 -0.03697584 -0.03794393 -0.04113741 -0.04146552 -0.04163883 -0.04197065
 -0.04460823 -0.04892372 -0.05489014 -0.05577725 -0.05702018 -0.08824085
 -0.09959226 -0.10894157 -0.1125649  -0.11437842 -0.12747446 -0.13045601
 -0.13281228 -0.13319296 -0.13908257 -0.14332977 -0.1552454  -0.19210459
 -0.20432681 -0.20459621 -0.22537791 -0.36814276 -0.37928483 -0.41215485
 -0.47486692 -0.52125609 -0.52427499]