[0.         0.         0.0018315  0.0018315  0.00732601 0.00732601
 0.01282051 0.01282051 0.01465201 0.01465201 0.01648352 0.01648352
 0.01831502 0.01831502 0.02380952 0.02380952 0.03113553 0.03113553
 0.03479853 0.03479853 0.03663004 0.03663004 0.04212454 0.04212454
 0.04578755 0.04578755 0.05860806 0.05860806 0.06227106 0.06227106
 0.06410256 0.06410256 0.07875458 0.07875458 0.08241758 0.08241758
 0.08424908 0.08424908 0.08791209 0.08791209 0.0970696  0.0970696
 0.0989011  0.0989011  0.1007326  0.1007326  0.1025641  0.1025641
 0.10622711 0.10622711 0.10805861 0.10805861 0.10989011 0.10989011
 0.11172161 0.11172161 0.11355311 0.11355311 0.11721612 0.11721612
 0.12637363 0.12637363 0.13919414 0.13919414 0.14285714 0.14285714
 0.14835165 0.14835165 0.15201465 0.15201465 0.15567766 0.15567766
 0.15934066 0.15934066 0.16117216 0.16117216 0.16849817 0.16849817
 0.17032967 0.17032967 0.17216117 0.17216117 0.17582418 0.17582418
 0.17765568 0.17765568 0.17948718 0.17948718 0.18315018 0.18315018
 0.19047619 0.19047619 0.1996337  0.1996337  0.21611722 0.21611722
 0.21794872 0.21794872 0.21978022 0.21978022 0.22161172 0.22161172
 0.22344322 0.22344322 0.22527473 0.22527473 0.22893773 0.22893773
 0.23260073 0.23260073 0.23443223 0.23443223 0.23626374 0.23626374
 0.23809524 0.23809524 0.23992674 0.23992674 0.24542125 0.24542125
 0.25641026 0.25641026 0.25824176 0.25824176 0.26190476 0.26190476
 0.26373626 0.26373626 0.26556777 0.26556777 0.26739927 0.26739927
 0.27472527 0.27472527 0.28021978 0.28021978 0.28388278 0.28388278
 0.28571429 0.28571429 0.29487179 0.29487179 0.2967033  0.2967033
 0.2985348  0.2985348  0.3021978  0.3021978  0.3040293  0.3040293
 0.30952381 0.30952381 0.31318681 0.31318681 0.31501832 0.31501832
 0.31868132 0.31868132 0.32600733 0.32600733 0.32783883 0.32783883
 0.33516484 0.33516484 0.34249084 0.34249084 0.34615385 0.34615385
 0.34981685 0.34981685 0.35164835 0.35164835 0.35897436 0.35897436
 0.36263736 0.36263736 0.36446886 0.36446886 0.36996337 0.36996337
 0.37179487 0.37179487 0.37728938 0.37728938 0.38461538 0.38461538
 0.39377289 0.39377289 0.3956044  0.3956044  0.3992674  0.3992674
 0.4029304  0.4029304  0.4047619  0.4047619  0.41758242 0.41758242
 0.41941392 0.41941392 0.42490842 0.42490842 0.42673993 0.42673993
 0.42857143 0.42857143 0.43040293 0.43040293 0.43223443 0.43223443
 0.43772894 0.43772894 0.43956044 0.43956044 0.44322344 0.44322344
 0.44688645 0.44688645 0.45054945 0.45054945 0.45238095 0.45238095
 0.45604396 0.45604396 0.46153846 0.46153846 0.46520147 0.46520147
 0.46703297 0.46703297 0.46886447 0.46886447 0.47069597 0.47069597
 0.47252747 0.47252747 0.47435897 0.47435897 0.48534799 0.48534799
 0.48717949 0.48717949 0.49084249 0.49084249 0.49450549 0.49450549
 0.4981685  0.4981685  0.51098901 0.51098901 0.52014652 0.52014652
 0.52197802 0.52197802 0.52380952 0.52380952 0.52930403 0.52930403
 0.53113553 0.53113553 0.53479853 0.53479853 0.53846154 0.53846154
 0.54578755 0.54578755 0.54761905 0.54761905 0.54945055 0.54945055
 0.55128205 0.55128205 0.55860806 0.55860806 0.56593407 0.56593407
 0.56776557 0.56776557 0.56959707 0.56959707 0.57142857 0.57142857
 0.57326007 0.57326007 0.57509158 0.57509158 0.57692308 0.57692308
 0.58058608 0.58058608 0.58974359 0.58974359 0.59157509 0.59157509
 0.5970696  0.5970696  0.5989011  0.5989011  0.6007326  0.6007326
 0.60622711 0.60622711 0.61172161 0.61172161 0.61538462 0.61538462
 0.61721612 0.61721612 0.62087912 0.62087912 0.62271062 0.62271062
 0.63369963 0.63369963 0.63553114 0.63553114 0.63736264 0.63736264
 0.63919414 0.63919414 0.64102564 0.64102564 0.64468864 0.64468864
 0.64652015 0.64652015 0.65018315 0.65018315 0.66117216 0.66117216
 0.66300366 0.66300366 0.67216117 0.67216117 0.68131868 0.68131868
 0.68681319 0.68681319 0.69413919 0.69413919 0.7032967  0.7032967
 0.70512821 0.70512821 0.71245421 0.71245421 0.71978022 0.71978022
 0.72344322 0.72344322 0.72893773 0.72893773 0.73260073 0.73260073
 0.73443223 0.73443223 0.73626374 0.73626374 0.73809524 0.73809524
 0.73992674 0.73992674 0.74175824 0.74175824 0.74542125 0.74542125
 0.74725275 0.74725275 0.75091575 0.75091575 0.75274725 0.75274725
 0.76556777 0.76556777 0.76923077 0.76923077 0.77289377 0.77289377
 0.78205128 0.78205128 0.78571429 0.78571429 0.7967033  0.7967033
 0.8021978  0.8021978  0.80586081 0.80586081 0.80952381 0.80952381
 0.81135531 0.81135531 0.81318681 0.81318681 0.81868132 0.81868132
 0.82234432 0.82234432 0.82600733 0.82600733 0.82783883 0.82783883
 0.82967033 0.82967033 0.83150183 0.83150183 0.83516484 0.83516484
 0.83699634 0.83699634 0.84432234 0.84432234 0.84798535 0.84798535
 0.85531136 0.85531136 0.85897436 0.85897436 0.86263736 0.86263736
 0.86446886 0.86446886 0.86630037 0.86630037 0.87179487 0.87179487
 0.88461538 0.88461538 0.8956044  0.8956044  0.8992674  0.8992674
 0.9029304  0.9029304  0.9047619  0.9047619  0.90659341 0.90659341
 0.90842491 0.90842491 0.91025641 0.91025641 0.91391941 0.91391941
 0.92124542 0.92124542 0.92307692 0.92307692 0.92490842 0.92490842
 0.92673993 0.92673993 0.93406593 0.93406593 0.93589744 0.93589744
 0.93772894 0.93772894 0.94139194 0.94139194 0.94688645 0.94688645
 0.95054945 0.95054945 0.95238095 0.95238095 0.95421245 0.95421245
 0.96336996 0.96336996 0.97069597 0.97069597 0.97252747 0.97252747
 0.97985348 0.97985348 0.98168498 0.98168498 0.98534799 0.98534799
 0.98717949 0.98717949 0.98901099 0.98901099 0.996337   0.996337
 0.9981685  0.9981685  1.         1.        ]