[0.         0.00217391 0.00217391 0.00652174 0.00652174 0.00869565
 0.00869565 0.01304348 0.01304348 0.01521739 0.01521739 0.01956522
 0.01956522 0.02826087 0.02826087 0.0326087  0.0326087  0.03478261
 0.03478261 0.03695652 0.03695652 0.04130435 0.04130435 0.04782609
 0.04782609 0.05217391 0.05217391 0.05869565 0.05869565 0.06304348
 0.06304348 0.0673913  0.0673913  0.06956522 0.06956522 0.07173913
 0.07173913 0.07826087 0.07826087 0.08043478 0.08043478 0.08478261
 0.08478261 0.08695652 0.08695652 0.08913043 0.08913043 0.09130435
 0.09130435 0.1        0.1        0.10652174 0.10652174 0.10869565
 0.10869565 0.11086957 0.11086957 0.1173913  0.1173913  0.11956522
 0.11956522 0.12608696 0.12608696 0.12826087 0.12826087 0.13043478
 0.13043478 0.13695652 0.13695652 0.14565217 0.14565217 0.15
 0.15       0.15217391 0.15217391 0.15434783 0.15434783 0.15869565
 0.15869565 0.16086957 0.16086957 0.16521739 0.16521739 0.16956522
 0.16956522 0.17173913 0.17173913 0.17608696 0.17608696 0.18695652
 0.18695652 0.19130435 0.19130435 0.20434783 0.20434783 0.20652174
 0.20652174 0.20869565 0.20869565 0.21086957 0.21086957 0.21304348
 0.21304348 0.21521739 0.21521739 0.2173913  0.2173913  0.22173913
 0.22173913 0.22391304 0.22391304 0.23043478 0.23043478 0.2326087
 0.2326087  0.23478261 0.23478261 0.23913043 0.23913043 0.24565217
 0.24565217 0.25       0.25       0.25217391 0.25217391 0.25652174
 0.25652174 0.26086957 0.26086957 0.26304348 0.26304348 0.26521739
 0.26521739 0.2673913  0.2673913  0.26956522 0.26956522 0.27391304
 0.27391304 0.27608696 0.27608696 0.28043478 0.28043478 0.29565217
 0.29565217 0.3        0.3        0.30217391 0.30217391 0.30434783
 0.30434783 0.30869565 0.30869565 0.31086957 0.31086957 0.31304348
 0.31304348 0.31521739 0.31521739 0.31956522 0.31956522 0.32391304
 0.32391304 0.33043478 0.33043478 0.33478261 0.33478261 0.33913043
 0.33913043 0.34130435 0.34130435 0.34565217 0.34565217 0.34782609
 0.34782609 0.35       0.35       0.35434783 0.35434783 0.36086957
 0.36086957 0.36304348 0.36304348 0.36956522 0.36956522 0.37608696
 0.37608696 0.3826087  0.3826087  0.38478261 0.38478261 0.38695652
 0.38695652 0.38913043 0.38913043 0.39130435 0.39130435 0.39347826
 0.39347826 0.39565217 0.39565217 0.40217391 0.40217391 0.40434783
 0.40434783 0.40652174 0.40652174 0.41086957 0.41086957 0.41521739
 0.41521739 0.4173913  0.4173913  0.42391304 0.42391304 0.42608696
 0.42608696 0.4326087  0.4326087  0.43478261 0.43478261 0.43913043
 0.43913043 0.44130435 0.44130435 0.44565217 0.44565217 0.44782609
 0.44782609 0.45       0.45       0.45869565 0.45869565 0.46521739
 0.46521739 0.47608696 0.47608696 0.48043478 0.48043478 0.48478261
 0.48478261 0.48695652 0.48695652 0.48913043 0.48913043 0.49347826
 0.49347826 0.49782609 0.49782609 0.5        0.5        0.50217391
 0.50217391 0.50434783 0.50434783 0.50652174 0.50652174 0.50869565
 0.50869565 0.51086957 0.51086957 0.51304348 0.51304348 0.5173913
 0.5173913  0.52391304 0.52391304 0.52826087 0.52826087 0.5326087
 0.5326087  0.53695652 0.53695652 0.53913043 0.53913043 0.54130435
 0.54130435 0.54347826 0.54347826 0.54565217 0.54565217 0.54782609
 0.54782609 0.55       0.55       0.55217391 0.55217391 0.55652174
 0.55652174 0.55869565 0.55869565 0.5673913  0.5673913  0.57608696
 0.57608696 0.57826087 0.57826087 0.58478261 0.58478261 0.58913043
 0.58913043 0.59130435 0.59130435 0.59347826 0.59347826 0.59782609
 0.59782609 0.60217391 0.60217391 0.60434783 0.60434783 0.60869565
 0.60869565 0.61086957 0.61086957 0.61304348 0.61304348 0.6173913
 0.6173913  0.61956522 0.61956522 0.62173913 0.62173913 0.62826087
 0.62826087 0.63043478 0.63043478 0.63695652 0.63695652 0.64130435
 0.64130435 0.64347826 0.64347826 0.64565217 0.64565217 0.64782609
 0.64782609 0.65       0.65       0.65217391 0.65217391 0.65434783
 0.65434783 0.65652174 0.65652174 0.66304348 0.66304348 0.66521739
 0.66521739 0.6673913  0.6673913  0.67608696 0.67608696 0.67826087
 0.67826087 0.68043478 0.68043478 0.6826087  0.6826087  0.68478261
 0.68478261 0.69347826 0.69347826 0.69565217 0.69565217 0.70217391
 0.70217391 0.70434783 0.70434783 0.70869565 0.70869565 0.71086957
 0.71086957 0.71304348 0.71304348 0.71521739 0.71521739 0.71956522
 0.71956522 0.72173913 0.72173913 0.73043478 0.73043478 0.73478261
 0.73478261 0.73695652 0.73695652 0.73913043 0.73913043 0.74565217
 0.74565217 0.74782609 0.74782609 0.75434783 0.75434783 0.75869565
 0.75869565 0.76304348 0.76304348 0.77173913 0.77173913 0.7826087
 0.7826087  0.78478261 0.78478261 0.78695652 0.78695652 0.79130435
 0.79130435 0.79565217 0.79565217 0.80217391 0.80217391 0.80434783
 0.80434783 0.80652174 0.80652174 0.80869565 0.80869565 0.81521739
 0.81521739 0.8173913  0.8173913  0.81956522 0.81956522 0.83913043
 0.83913043 0.84565217 0.84565217 0.84782609 0.84782609 0.85217391
 0.85217391 0.85869565 0.85869565 0.86086957 0.86086957 0.86304348
 0.86304348 0.8673913  0.8673913  0.87173913 0.87173913 0.87391304
 0.87391304 0.87826087 0.87826087 0.88043478 0.88043478 0.88695652
 0.88695652 0.88913043 0.88913043 0.90434783 0.90434783 0.90869565
 0.90869565 0.91086957 0.91086957 0.91304348 0.91304348 0.9173913
 0.9173913  0.91956522 0.91956522 0.92391304 0.92391304 0.9326087
 0.9326087  0.95434783 0.95434783 0.95652174 0.95652174 0.95869565
 0.95869565 0.96304348 0.96304348 0.96521739 0.96521739 0.9673913
 0.9673913  0.96956522 0.96956522 0.97173913 0.97173913 0.97608696
 0.97608696 0.97826087 0.97826087 0.98043478 0.98043478 0.98695652
 0.98695652 0.99130435 0.99130435 1.        ]