[ 2.69450681e+00  1.69450681e+00  1.63724489e+00  1.52537400e+00
  1.51064916e+00  1.50614035e+00  1.42642429e+00  1.38284202e+00
  1.35035639e+00  1.34385076e+00  1.32390291e+00  1.31983296e+00
  1.29424060e+00  1.28706125e+00  1.28420413e+00  1.28397539e+00
  1.26834065e+00  1.26724956e+00  1.25171278e+00  1.23951215e+00
  1.22477756e+00  1.21143803e+00  1.20108980e+00  1.17636905e+00
  1.16605375e+00  1.15235899e+00  1.14875868e+00  1.14732781e+00
  1.13323662e+00  1.12710668e+00  1.10096146e+00  1.08319789e+00
  1.07355112e+00  1.07159816e+00  1.06918485e+00  1.06874428e+00
  1.06568608e+00  1.06473075e+00  1.05567098e+00  1.05421178e+00
  1.05379667e+00  1.04899764e+00  1.04870394e+00  1.03999313e+00
  1.03465214e+00  1.03208105e+00  1.02342263e+00  1.02307366e+00
  1.02109693e+00  1.01996714e+00  1.01931049e+00  1.00509149e+00
  1.00027136e+00  9.97316954e-01  9.91730298e-01  9.75019121e-01
  9.69319993e-01  9.68277230e-01  9.63748339e-01  9.57281982e-01
  9.56919139e-01  9.55638938e-01  9.49744487e-01  9.47236056e-01
  9.40962475e-01  9.37531719e-01  9.21927985e-01  9.20004156e-01
  9.17427032e-01  9.16237455e-01  9.15936136e-01  9.13629005e-01
  8.92211398e-01  8.92107865e-01  8.84973664e-01  8.82599484e-01
  8.79495144e-01  8.77095166e-01  8.71991655e-01  8.70146034e-01
  8.69012116e-01  8.61454684e-01  8.59567409e-01  8.51717759e-01
  8.44164794e-01  8.43418546e-01  8.38071003e-01  8.37968058e-01
  8.37426059e-01  8.37408484e-01  8.25790299e-01  8.25004522e-01
  8.23863965e-01  8.15983420e-01  8.15043634e-01  8.14710031e-01
  8.02844196e-01  7.96963010e-01  7.89305758e-01  7.88624911e-01
  7.83856559e-01  7.83043518e-01  7.79264733e-01  7.68483503e-01
  7.67711634e-01  7.67429677e-01  7.64085469e-01  7.63330805e-01
  7.62466284e-01  7.51460474e-01  7.48131057e-01  7.46438364e-01
  7.45481051e-01  7.42025368e-01  7.37898170e-01  7.35923482e-01
  7.28725519e-01  7.27150139e-01  7.25649811e-01  7.20749914e-01
  7.15251568e-01  7.14500771e-01  7.14420660e-01  7.14126666e-01
  7.13106620e-01  7.12302784e-01  7.01887934e-01  7.01717543e-01
  6.96897503e-01  6.94040502e-01  6.86084058e-01  6.85738860e-01
  6.74968634e-01  6.71815043e-01  6.69267595e-01  6.67209060e-01
  6.66948558e-01  6.61747642e-01  6.61076012e-01  6.56636907e-01
  6.56512726e-01  6.49299675e-01  6.48414803e-01  6.45132377e-01
  6.38595769e-01  6.35839008e-01  6.32266634e-01  6.28873147e-01
  6.26645605e-01  6.24598472e-01  6.21820062e-01  6.20242319e-01
  6.19539772e-01  6.15273817e-01  6.15118029e-01  6.15034062e-01
  6.11826939e-01  6.10734054e-01  6.07887142e-01  6.04524516e-01
  6.01058781e-01  5.97982863e-01  5.94322281e-01  5.92490034e-01
  5.91705545e-01  5.89068800e-01  5.87290147e-01  5.86370225e-01
  5.85953721e-01  5.80855342e-01  5.77867050e-01  5.71520361e-01
  5.70121459e-01  5.65865382e-01  5.59938912e-01  5.57303343e-01
  5.51866817e-01  5.45116537e-01  5.45110512e-01  5.41332684e-01
  5.38967729e-01  5.34123843e-01  5.30327630e-01  5.28359047e-01
  5.18885945e-01  5.16867725e-01  5.15187666e-01  5.14935248e-01
  5.12913460e-01  5.09265247e-01  5.08976580e-01  5.07727035e-01
  5.04941163e-01  5.04524680e-01  5.03030585e-01  5.00432521e-01
  5.00060643e-01  4.92527837e-01  4.83212906e-01  4.81571656e-01
  4.80973632e-01  4.76133631e-01  4.73831437e-01  4.71023598e-01
  4.66437719e-01  4.65386150e-01  4.62219426e-01  4.58830366e-01
  4.55458788e-01  4.54588787e-01  4.52004948e-01  4.51693834e-01
  4.48316613e-01  4.45075335e-01  4.37274060e-01  4.34496557e-01
  4.31586111e-01  4.31155450e-01  4.28169154e-01  4.25953114e-01
  4.20421387e-01  4.18377435e-01  4.12409137e-01  4.10788782e-01
  4.06549872e-01  4.04279897e-01  4.04018156e-01  4.01031390e-01
  3.98607022e-01  3.92045588e-01  3.87253189e-01  3.85867095e-01
  3.85814691e-01  3.83081699e-01  3.79350575e-01  3.79071433e-01
  3.70337282e-01  3.70066828e-01  3.69578249e-01  3.67707380e-01
  3.62066828e-01  3.59469814e-01  3.55341088e-01  3.54002265e-01
  3.48076101e-01  3.45880528e-01  3.45671107e-01  3.43282723e-01
  3.40749492e-01  3.38330243e-01  3.37885248e-01  3.36123153e-01
  3.33396258e-01  3.32366034e-01  3.24438792e-01  3.23810962e-01
  3.21524637e-01  3.09446302e-01  3.07645014e-01  3.05434753e-01
  3.02661567e-01  3.02459959e-01  2.98379895e-01  2.93865827e-01
  2.80507923e-01  2.78650336e-01  2.73766385e-01  2.73228957e-01
  2.70630918e-01  2.64875019e-01  2.60634380e-01  2.57140841e-01
  2.54610653e-01  2.53226361e-01  2.52540504e-01  2.43641653e-01
  2.33647168e-01  2.32423447e-01  2.31860847e-01  2.21962588e-01
  2.09922869e-01  2.09639339e-01  2.01597821e-01  1.98110348e-01
  1.97565706e-01  1.96212996e-01  1.94392377e-01  1.92287289e-01
  1.90335428e-01  1.87239758e-01  1.82318321e-01  1.79930766e-01
  1.78541754e-01  1.71795187e-01  1.66933426e-01  1.57909683e-01
  1.51174429e-01  1.49490073e-01  1.44969551e-01  1.43719390e-01
  1.43665815e-01  1.39745825e-01  1.37246425e-01  1.34729520e-01
  1.32709606e-01  1.31733060e-01  1.28501669e-01  1.25248760e-01
  1.24248849e-01  1.16765500e-01  1.10295470e-01  1.09156124e-01
  1.05801278e-01  1.04074129e-01  1.01881461e-01  9.60617193e-02
  9.59683584e-02  9.47565998e-02  9.08629143e-02  8.12516737e-02
  8.10946366e-02  6.57515683e-02  6.43745514e-02  5.79571775e-02
  5.75523326e-02  5.66025278e-02  5.47146452e-02  4.85347276e-02
  4.74637207e-02  3.86126449e-02  3.55142384e-02  3.45954321e-02
  3.06940613e-02  1.79112065e-02  1.54840919e-02  1.37938656e-02
  1.80266236e-03 -8.53970395e-05 -7.92197732e-03 -8.24565921e-03
 -1.36928657e-02 -1.70653987e-02 -2.19137937e-02 -2.22949393e-02
 -3.00569236e-02 -3.05844251e-02 -3.43653156e-02 -3.58778582e-02
 -3.75398051e-02 -4.87285498e-02 -5.00754916e-02 -5.06309941e-02
 -5.11575627e-02 -5.25124051e-02 -5.29944185e-02 -5.81921327e-02
 -5.90797866e-02 -6.88545410e-02 -7.83114931e-02 -7.93900211e-02
 -8.03354361e-02 -8.28114634e-02 -8.64746344e-02 -9.04671986e-02
 -9.59613664e-02 -1.00492192e-01 -1.02281738e-01 -1.03643749e-01
 -1.04612997e-01 -1.08566338e-01 -1.10438359e-01 -1.21567138e-01
 -1.32990307e-01 -1.33588944e-01 -1.41095539e-01 -1.51280580e-01
 -1.58831198e-01 -1.60730808e-01 -1.63771087e-01 -1.64105762e-01
 -1.65334790e-01 -1.67513904e-01 -1.72358536e-01 -1.74550583e-01
 -1.78435651e-01 -1.85627277e-01 -1.88298185e-01 -1.89259284e-01
 -1.90551403e-01 -1.94246907e-01 -1.94995028e-01 -2.00806903e-01
 -2.08731104e-01 -2.10424135e-01 -2.12334619e-01 -2.19223081e-01
 -2.23405595e-01 -2.24062822e-01 -2.27899500e-01 -2.33001788e-01
 -2.33941456e-01 -2.34832355e-01 -2.34976966e-01 -2.38964556e-01
 -2.43415836e-01 -2.59325629e-01 -2.63288642e-01 -2.67910647e-01
 -2.71196765e-01 -2.76089821e-01 -2.77778309e-01 -2.78095099e-01
 -2.99136935e-01 -2.99968590e-01 -3.01651526e-01 -3.15619415e-01
 -3.21160960e-01 -3.34942786e-01 -3.42645167e-01 -3.61361166e-01
 -3.63591935e-01 -3.71293027e-01 -3.75884689e-01 -3.88507917e-01
 -3.96731380e-01 -3.99969952e-01 -4.08622196e-01 -4.11056087e-01
 -4.16772797e-01 -4.40545658e-01 -4.41319772e-01 -4.41903537e-01
 -4.44446225e-01 -4.48520553e-01 -4.69038768e-01 -4.69159040e-01
 -4.69860282e-01 -4.75792876e-01 -4.76040283e-01 -4.85037149e-01
 -4.87739508e-01 -4.89165393e-01 -5.00588824e-01 -5.11802844e-01
 -5.14850958e-01 -5.23499663e-01 -5.27302402e-01 -5.49196285e-01
 -5.50821315e-01 -5.84723307e-01 -5.95000112e-01 -5.95483543e-01
 -5.99106732e-01 -6.03441167e-01 -6.04768124e-01 -6.12434923e-01
 -6.30046447e-01 -6.81615386e-01 -6.96039461e-01 -7.23973473e-01
 -7.25622273e-01 -7.31085557e-01 -7.39238980e-01 -7.46297865e-01
 -7.49159201e-01 -7.50433267e-01 -7.53471708e-01 -7.77257349e-01
 -7.77328969e-01 -7.79750353e-01 -7.85143564e-01 -8.01919624e-01
 -8.02449402e-01 -8.26061807e-01 -8.32443532e-01 -8.62427784e-01
 -8.65819057e-01 -8.87373755e-01 -8.90229420e-01 -8.97082519e-01
 -9.10765518e-01 -9.34521795e-01 -9.69798849e-01 -1.03541272e+00
 -1.03724853e+00 -1.08449961e+00 -1.28078999e+00 -1.28823292e+00
 -1.31391191e+00 -1.32316566e+00 -1.39730085e+00 -1.60577915e+00
 -1.66635663e+00]