[ 1.93022204e-01  9.61620617e-01  3.97042049e-01  2.24824228e-01
  3.29644697e-01  1.45338062e-01  6.50759467e-02 -5.48901430e-02
  2.03226833e-01  3.69821326e-01  4.27533843e-01  6.36129094e-02
 -1.55245397e-01  3.57856754e-01 -1.67471877e-01  5.29030599e-02
  4.46760461e-01  4.44452183e-01  4.39410820e-01 -1.39082568e-01
  2.22773066e-01  2.84144152e-02  6.09854722e-01  5.21025514e-01
  1.88011156e-01  7.38661578e-01  3.07187378e-01  4.39755860e-01
  2.89669044e-01  2.24326570e-01  3.51826337e-01 -3.27669457e-01
  2.51659555e-01  3.65832429e-01  3.86614554e-01  1.54551358e-01
  1.11433387e-01  1.27373721e-01  2.92403760e-02  3.17303070e-01
  9.41964964e-02 -1.26606584e-01  4.17160408e-01 -2.68348492e-02
  4.66995511e-01  6.94445497e-01  3.00139324e-01  4.30346818e-01
  5.26261668e-01  1.92320006e-01  1.23594464e-01  4.02538513e-01
  2.68346298e-01  4.18381592e-01  1.31103000e-01  2.36264308e-01
  5.20517044e-01  2.92608478e-01 -3.88456543e-02  3.65732694e-01
 -5.17382878e-03  4.44621633e-01  1.45172003e-01  1.28496313e-02
  3.11337349e-02  8.53729975e-03  3.61188281e-01  1.15178994e-01
  4.77388336e-01  8.51615188e-01  2.92606201e-01  3.16275181e-01
  3.35451365e-01 -7.73797059e-03  3.29761634e-01  1.43272329e-01
  2.82388816e-01  5.61552978e-01  6.69682091e-01  1.40973913e-01
  1.28443557e-01  6.42414522e-01  1.81580447e-01  1.86786325e-01
  7.29803576e-02  6.44986471e-01  7.19482691e-01  1.57184694e-01
  5.72669056e-01  1.08391618e-01  2.23078199e-01  3.87085833e-01
  1.62135661e-01  6.75310139e-01  3.08670043e-01  6.76555111e-01
  2.24159043e-01  5.48804928e-01  4.49611723e-01  9.31077463e-01
  1.20394897e-01  4.08306231e-01  5.26153306e-01  2.57698588e-01
  3.42459232e-01  9.28127442e-02  1.99057283e-01  4.07861955e-01
  2.79087951e-01  4.26277856e-01  2.25302144e-01  1.94893244e-01
  2.59334975e-01 -3.43695282e-02  8.54204457e-02  2.50600516e-01
  1.97654003e-01  2.63233767e-01  2.13280897e-01  4.17702493e-01
  4.49538481e-01  3.91871352e-01  4.06237320e-01  2.68657838e-01
 -1.01178028e-01  2.06545743e-01  3.11223492e-01  5.80512205e-01
  4.30620288e-01  6.13172230e-01  1.67658251e-01  3.93229676e-01
  1.64210554e-01  4.73234153e-01 -1.23775596e-01  6.00234313e-01
  1.76914092e-01  1.69749448e-01  2.83433760e-01  6.63105067e-01
  5.83681144e-02  2.02779830e-01  6.86963766e-01  2.87220449e-01
  3.88952071e-01  2.60202812e-01  6.97622785e-01  9.83073735e-02
  3.07338159e-01  1.04340030e+00  1.57192476e-01  5.33709247e-01
  3.52688030e-01  3.05370599e-01  2.45445059e-01  1.62430904e-01
  3.55434057e-01  2.43080033e-01  4.38301513e-01  4.96764740e-01
  5.02734701e-02  2.35480635e-01  2.47917073e-01  1.80830465e-01
  3.28996519e-01  8.23542591e-02  5.59934128e-02  2.13973269e-01
  4.33290553e-01  1.21349426e-01  3.18573134e-01  2.50594681e-01
 -4.12154853e-01  3.01280422e-01  6.28630394e-01 -5.57772476e-02
  4.57375756e-01 -3.14690754e-01  2.83237946e-01  1.89096232e-01
  8.17238206e-01  5.20036783e-01  3.79152562e-01 -5.00135149e-03
  1.82354378e-01  5.21129138e-01  1.34579985e-01  3.87536320e-01
  6.21556080e-01  4.68270348e-01 -1.32812275e-01  5.63601567e-01
  4.81985987e-01  3.09088814e-01  2.18729499e-01  5.26015603e-01
  1.69048863e-01 -3.11739711e-01 -1.28324839e-01  5.19508549e-01
  2.12356194e-01  2.47041761e-01  2.12495047e-01  2.84122471e-01
  6.31936667e-01 -4.46082313e-02  6.16138819e-02  7.03407409e-01
  3.13790194e-01  4.64028457e-01 -2.43851934e-02  4.88656486e-01
  7.31329388e-01  6.06140986e-01  1.69171570e-01  4.79930308e-01
  2.04888208e-01  5.03368187e-01  5.42815393e-01  8.47864441e-01
  2.41578425e-01  5.56531060e-01  9.43403953e-02  2.31537448e-01
  2.62804624e-01  5.16882299e-01  4.86180943e-01  1.42918393e-01
  2.42600429e-01  8.20579905e-02  1.71212411e-01  6.99592223e-01
  3.16151635e-01  5.69902672e-01 -3.90121456e-02  3.02978247e-01
  9.44427962e-02  4.48716295e-01  3.15462426e-01 -1.59296599e-01
  3.87605091e-01 -2.23997598e-02 -3.64035193e-02  6.23753308e-01
  2.64068852e-01  4.07889448e-01  2.33352112e-01  5.83243575e-02
  1.69099044e-01 -4.96500872e-02  4.37383045e-01  2.99686873e-01
  4.32777548e-01  9.73956958e-02  3.68958904e-01  6.18411073e-01
  2.80393003e-01  5.51307439e-01  7.74892614e-02  5.21161786e-01
  3.51326307e-01  2.34751280e-01  8.90184865e-01  2.11214517e-01
  1.71503812e-01  1.69319433e-01  6.85329574e-01  4.06165164e-01
  3.73708897e-01  2.91539755e-01  1.12796569e-02  2.02347423e-01
  2.31739507e-03  4.56372723e-01  1.04917816e-01  1.41973104e-01
  4.63401801e-01 -3.74519699e-02 -2.55076688e-02  2.93911171e-01
 -1.85519112e-01 -4.10341698e-01  6.19446342e-01  4.29906340e-01
  9.79795374e-02  1.62635982e-01  3.82598460e-01  3.95781828e-01
  5.60055391e-01  1.42770149e-02  8.80621168e-02  4.52372114e-01
  3.06454033e-01  2.52487349e-01  6.07176387e-01  3.99938421e-01
  4.25735541e-01  1.32091665e-01  3.81494650e-01  4.94032363e-01
  8.43167934e-02  8.75935702e-01  9.09999191e-02 -1.58678373e-01
  6.17887952e-01  8.49738346e-02  2.50826012e-01  4.17473469e-01
  5.40822359e-01 -6.38362218e-02  4.88564213e-01  3.15418640e-01
  7.45127594e-02  9.73295305e-01 -1.14378416e-01  5.52482976e-01
  5.50831428e-01  4.16310837e-01  2.30812415e-01  2.95280625e-02
  1.30203019e-01  5.23064061e-01  8.72339597e-02  2.48801703e-01
  3.44527185e-01  9.45350906e-01  7.13951286e-01  2.00163476e-01
  2.79386889e-01  2.39115109e-01  6.74741642e-01  5.54727873e-01
  2.02997761e-01  1.42734495e-01  6.04202982e-01  1.60345482e-01
  1.11632255e-01  3.18133334e-01  2.49318211e-01  3.13282923e-01
  3.90575041e-02  4.76576772e-01  5.34168885e-01  3.93775894e-01
  5.02574302e-01  2.93149526e-01  6.21496135e-01  1.64812090e-01
  4.78415083e-01  1.88118182e-01  3.87163326e-01  4.30288475e-01
  3.83619866e-01  2.55192241e-01  2.86504214e-01  3.00174841e-01
  4.25651184e-01  2.17404213e-01  2.03368571e-01  1.89495431e-01
  1.43233958e-01  6.55955273e-01  1.38410338e-01  1.78723277e-01
  5.12589798e-01  3.35868135e-01  2.32335307e-01 -3.51066526e-02
  1.26809950e-01  3.01336771e-01  5.35639966e-01  2.29946051e-01
  8.13338870e-01  2.89423377e-01 -5.62286538e-02  4.37923656e-01
  5.27987612e-01  2.12933032e-03 -3.79284831e-01  3.29143547e-02
  1.06836097e-01  1.46592780e-01  1.00267140e-01  3.43481776e-01
  6.03678974e-01 -5.70201793e-02  6.28898086e-01  2.23776976e-01
  1.84192362e-01  2.96686387e-01  1.49439757e-01  1.12790933e-01
  2.41918043e-01  3.14869020e-01  2.15692774e-01  3.37420004e-01
  3.94852414e-01  5.28144785e-01  4.29000375e-01 -9.60101270e-03
  5.32854922e-01  5.08086502e-01  3.50220330e-01  2.84438233e-01
  5.02528763e-01  3.05001552e-01  3.48410181e-01 -4.04706792e-01
  2.14326671e-01  3.84165023e-01  5.68391342e-02  7.95507853e-01
  7.01071222e-01 -3.68142756e-01  1.12531303e-01  2.87789245e-01
  2.11638331e-01  7.18737164e-01  3.23745131e-01  1.21648144e-01
  5.10065764e-02  1.34316840e-01 -1.08941569e-01 -1.47052712e-01
  3.68801613e-01  1.90240573e-01  8.70698299e-01  2.07792856e-01
  7.87643894e-01 -1.74184169e-01  1.20674579e-01  3.15667264e-01
  1.88469614e-01  3.55852757e-01  4.56250304e-01  3.60035817e-01
  2.95051026e-01  2.72648687e-01  3.68796882e-01  5.78131624e-01
  3.13392564e-01  1.28972651e-01  4.05786801e-01  9.82243569e-02
 -1.70722960e-01  5.29080033e-01  7.02285991e-02  1.33269845e-01
  2.72041541e-01  2.80143010e-01  1.14167753e-01  1.01192368e+00
  6.70279502e-02  5.37859827e-01  1.41713755e-01  4.83476424e-01
  3.71837124e-01  1.08006180e+00  6.26027305e-02  3.66440974e-02
  2.63436939e-01  2.16809633e-01  1.29344330e-01  4.58162117e-01
  2.48041728e-01  5.89839485e-01 -2.04596205e-01  3.23678692e-01
  2.48777341e-01  6.97739206e-01  1.57741825e-01  2.26227235e-01
  2.65853324e-01  5.16094275e-01  2.58387545e-01  3.24690908e-01
  4.24336034e-01  3.37449846e-01  4.35379198e-01  6.86382687e-01
  3.51636757e-01  5.12265683e-01  5.89244269e-01  3.28304380e-01
  1.53880860e-01  8.57730596e-01  1.02141983e-01  1.19248689e-01
  4.46170854e-01  2.03203430e-01  1.51683995e-01  4.17664933e-01
  3.13555445e-01  2.38246377e-01  2.96772878e-01  8.79448740e-02
  4.00483343e-02  2.64506719e-01  2.55713048e-01  3.99004882e-01
 -2.72773465e-01  3.98137341e-01  5.35559652e-01 -1.27474460e-01
  2.74773986e-01  1.41401436e-01  5.34129506e-01  5.11357009e-01
  5.61136062e-01  1.43336056e-01  3.28471219e-01  2.10047375e-01
 -4.16388265e-02 -2.04326811e-01  4.78446660e-01  3.63103686e-01
  2.60562975e-01  1.82234734e-02  4.37000674e-01  1.92381329e-01
  5.22744894e-01 -1.33192955e-01  2.30994970e-01  5.41970932e-01
  3.57006314e-01  4.52931618e-01  2.40841323e-01  2.75753699e-01
  8.91113981e-02  7.25014925e-01  3.68005441e-01  2.81697840e-01
  4.70467849e-01  4.69644604e-01  1.03277022e-01  2.89709133e-01
  5.18219109e-01  5.85500634e-01  7.92299245e-01  4.17664628e-01
  2.10467233e-01  1.19734098e-01  1.93045973e-01  3.09240590e-01
 -4.25488519e-03  3.43818957e-01  2.94024432e-01  2.91533461e-01
  1.54892865e-01  1.61991114e-01  3.91084774e-01  1.90695226e-01
  9.38921956e-02  5.02836974e-03  3.50654663e-01  3.58498133e-01
 -2.15986255e-01  4.23826401e-01  5.16226246e-01  1.58978644e-01
  3.10656358e-01  2.20825603e-01  3.62634424e-02  3.96915047e-01
  2.98525534e-01  1.54313532e-01  1.21734051e-02  1.63475247e-01
  1.44623878e-01  3.25467537e-01  2.84680800e-01  2.65324637e-01
  3.35904814e-01  3.20217434e-01  2.09710111e-01  6.96178185e-01
  5.94385861e-01  1.07443146e-01  7.40145999e-01  6.06080619e-01
  2.08939463e-01  2.38866793e-01  2.07804155e-01  1.26348321e-02
 -1.92104587e-01  4.29535417e-01  1.28111457e-01  4.56918456e-01
  7.47960039e-02  4.42155819e-01  4.59424937e-02  4.61879295e-01
  4.77096830e-01  2.92678572e-01  2.05832017e-01  6.68544426e-01
  1.47941780e-02  6.09292991e-01  2.08983966e-01  6.41246195e-01
  4.26451358e-01  3.44182356e-01  5.82526961e-01  5.34715730e-02
  1.06526250e-01  2.62091038e-01  4.40087174e-01  6.63181426e-01
  2.29801289e-01  7.36006642e-01  1.44004331e-01  5.90660808e-01
 -8.82408468e-02  1.96471603e-01 -5.24274988e-01  5.57059946e-01
  1.15258906e-01  2.68057327e-01  6.44618115e-01  4.38354107e-01
  1.11154098e-01  2.84675041e-01  1.56112032e-02  3.19893887e-01
  7.18982116e-01  2.65710486e-01  4.68073405e-01  1.52522488e-01
  2.06711205e-01  3.56825668e-01  2.08789074e-01  4.39002345e-01
  1.50343672e-01  5.42234228e-01  4.35858648e-01  1.56809181e-01
  1.73936884e-01  5.75845675e-01  1.46025479e-01  4.22096297e-01
  3.87345468e-01  8.01724165e-02  8.42667813e-02  3.36569107e-01
  1.19628329e-01 -1.43329775e-01  3.22416629e-01  3.75254318e-01
  3.56069665e-01  2.21979369e-01  6.32286622e-01  2.08784278e-01
  2.49482189e-01  4.91554639e-01  2.99356176e-01  2.17016836e-01
 -1.89735539e-01  2.72296447e-01  2.20844569e-01  4.07344877e-01
  2.66229453e-01  4.12870913e-01  7.54740707e-01  2.15784626e-02
  6.70811295e-01  2.64559837e-01  3.01273119e-01  1.30789778e-01
  5.61523183e-01  4.05402310e-01  2.25309831e-01  3.07742652e-01
  2.37361342e-01  1.82579035e-01  5.25672669e-01  1.90953761e-01
  1.01485419e+00  5.78713620e-01 -4.19706486e-02  5.33339168e-01
 -4.14655219e-02  2.32230298e-01  2.15395201e-01  8.30621088e-01
  1.30333167e-01  4.42493820e-01  3.78211794e-01  3.01406498e-01
  9.76566199e-02 -2.25377912e-01  1.23404118e-01  6.62512457e-01
  1.75341315e-02  2.28579808e-01  4.93293355e-01  3.79955514e-01
  2.70578865e-01  2.61397102e-01  6.83445693e-01  1.66655750e-01
  4.04866772e-01  3.62999791e-01  7.66437920e-01  1.94987053e-01
  3.47832940e-01  2.14166597e-01 -2.13731670e-01  2.52138859e-01
  3.46920708e-01  6.34561726e-01  7.85084403e-01  8.03438109e-01
  1.29157989e-01  1.80279140e-01  5.93968940e-01  2.21607785e-01
  3.10109039e-01  2.61067452e-01  5.79334865e-01  5.14364613e-01
  3.23441931e-01  2.03752467e-01  1.86468001e-01  8.16754343e-03
  2.18969272e-01  1.06890633e-01  1.77095449e-01  2.85790475e-01
  2.90434437e-01  4.47639058e-01  2.68679621e-01  2.22264594e-01
  6.94470969e-01  1.44339480e-01  7.25651028e-01  2.34304614e-01
  3.28932379e-01 -4.48712563e-01  2.39939098e-01  2.75631462e-01
 -3.06183128e-04  2.84960906e-01  3.82173383e-01  5.31105610e-01
  1.59656020e-01  8.55118438e-01  3.55454426e-02  1.39372393e-01
  5.29285867e-01  7.71531166e-02  1.79320668e-01  1.84349936e-01
  9.15126125e-02  5.08624150e-01  5.76220444e-01  3.82112071e-01
  8.71157159e-01  4.35523446e-01 -9.95922645e-02  2.71113778e-01
  1.66611917e-01  4.54074388e-01  9.06432522e-01  4.77462163e-01
  1.65490331e-01  2.01366479e-01 -3.26080127e-02  1.53904583e-01
  1.51433590e-01  2.16899132e-01  4.37839046e-02  4.25973143e-01
 -2.09212411e-03  5.02830810e-01  4.00563196e-01  5.40700807e-01
  2.82077569e-01  2.90962857e-01  4.96273723e-01  3.89225166e-01
  3.04298509e-01  2.13748943e-01 -1.54812896e-02  4.99111383e-02
  5.25029031e-01  4.35562292e-01  5.07080880e-01  2.62257873e-01
  6.65241081e-01  4.78159521e-01  2.82147116e-01  7.18801601e-01
  1.68340444e-01  5.74202263e-01  7.49170420e-01  4.57682556e-01
  3.85685651e-01  3.49374897e-01  7.91201554e-02  1.80071185e-01
  6.72279102e-01 -3.24648994e-02  1.10332760e-01  2.98871433e-01
  6.19325515e-03  1.38817255e-01  7.00418814e-01  4.51944258e-01
  3.82679268e-01  2.90718793e-01  2.63369998e-01  2.96943703e-01
  1.66845933e-01  4.88747137e-01  2.33526270e-01  3.50499472e-01
  3.10277367e-01  1.13495331e-01  6.61181927e-01  3.03648957e-01
  1.87832971e-01  3.16066998e-01  1.79568816e-01  1.69601253e-01
  5.13067860e-01  1.51092006e-01  1.28042649e-01 -1.30456007e-01
  2.03062032e-01  5.80811666e-01  1.50214986e-01  3.87585956e-01
  1.42530438e-01  9.86138713e-02  1.14335728e-01 -1.90107825e-02
  1.70363079e-01  3.00010840e-01  1.07088880e-01  1.99994750e-03
  1.40676362e-01  2.92148004e-01  1.50969746e-01  2.06961071e-01
  5.88573230e-01  3.46433039e-01  4.71633956e-01  4.16829867e-01
  2.88049807e-01  3.87508488e-01  2.47760060e-01  4.43863648e-01
  3.26618314e-01  3.75382270e-01  6.48713984e-01  3.45363388e-01
  8.68694611e-02  4.83489506e-01  5.32053474e-02  3.03852290e-01
  2.93871524e-01 -3.46273167e-02 -3.69832756e-01  1.62194306e-01
  3.22536182e-01  4.58818049e-01  2.00771661e-01  3.33250989e-01
  6.63747739e-01  2.95923833e-01  2.37284066e-01  2.64653377e-01
  1.17381724e-01  8.57922290e-02  3.40304689e-01  1.00968009e-01
  2.06259164e-01  3.07099907e-02 -4.74866919e-01  1.98976975e-01
  6.98952612e-01  4.94492661e-01  3.22614698e-01  7.26043029e-01
  4.72189202e-01  3.57415095e-01  2.06059633e-01  5.77541819e-01
  3.14044036e-01  2.70144256e-01  2.32114179e-01  2.92273050e-01
  1.45541945e-01  1.17467574e-01  3.20660136e-01  6.09143987e-01
  4.84721478e-02  5.25064642e-01  3.37415038e-01  1.47278829e-01
  3.34836707e-01  7.22585367e-01  5.67376895e-01  3.40161097e-01
  5.01597003e-01  5.75489993e-01  2.27359835e-01  1.67140223e-01
  6.59455928e-01  4.39607893e-01 -2.81716194e-02  3.18969571e-01
  1.59159952e-01  4.19105597e-01  7.23252668e-01  5.74417237e-01
  2.02081349e-01  2.70268977e-01  2.32292466e-01  3.15410548e-01
 -1.11416168e-01  3.40747861e-01  3.48627808e-01  2.02347662e-01
  3.82940725e-01  3.93149103e-01  1.66300401e-01  2.67739189e-01
 -4.89237227e-02  6.99008136e-01  8.28561094e-02  4.07156228e-01
  1.45522863e-01  4.28435335e-01  2.54510667e-02  5.37507373e-02
  7.90732396e-02  4.80946720e-01  8.16252343e-01 -1.66571088e-02
  4.48283381e-01  8.38284466e-02 -2.29538058e-02  5.14541674e-01
  2.68759859e-01  2.48056560e-01  2.20730696e-01  3.92382981e-01
  1.58348778e-01  6.03810325e-01  2.69828813e-01  2.43840316e-01
  1.27411724e-01  3.15484121e-01  3.40695382e-01  5.81102668e-01
  3.31200105e-01  3.13521171e-01  1.46568036e-01  3.92163779e-01
  8.51614906e-01  5.87887530e-02  4.72107321e-01  3.44316359e-01
  3.04073524e-01  4.49270818e-01  1.52733794e-01  6.70794544e-01
  2.67462403e-01  2.88397571e-01 -3.69758417e-02 -6.30554819e-03
  6.27634048e-02 -3.79439264e-02 -1.30134092e-02 -4.11374145e-02
 -2.89932020e-02  6.16038632e-01  3.71655835e-01 -4.89204592e-01
 -5.21256086e-01  3.22353945e-01  8.39200634e-01 -1.69055047e-01
  2.84339068e-01  2.42513790e-01 -2.14235180e-01  6.19520321e-01
  2.13702411e-01 -1.78392165e-01  2.62014072e-01  4.07853083e-01
  5.06795706e-01  2.97927875e-01  4.10671234e-01  2.53177099e-01
  3.48089127e-01 -1.12564905e-01  5.22784367e-01  1.84698975e-01]