0.
0.
0.
0.00308325
0.00308325
0.00513875
0.00513875
0.00822199
0.00822199
0.00924974
0.00924974
0.01027749
0.01027749
0.01130524
0.01130524
0.01336074
0.01336074
0.01438849
0.01438849
0.01541624
0.01541624
0.01644399
0.01644399
0.01747174
0.01747174
0.01849949
0.01849949
0.02055498
0.02055498
0.02158273
0.02158273
0.02569373
0.02569373
0.02672148
0.02672148
0.02877698
0.02877698
0.03083248
0.03083248
0.03186023
0.03186023
0.03391572
0.03391572
0.03494347
0.03494347
0.03597122
0.03597122
0.03699897
0.03699897
0.03905447
0.03905447
0.04213772
0.04213772
0.04522097
0.04522097
0.04727646
0.04727646
0.04830421
0.04830421
0.04933196
0.04933196
0.05138746
0.05138746
0.05241521
0.05241521
0.05447071
0.05447071
0.05652621
0.05652621
0.05755396
0.05755396
0.06372045
0.06372045
0.0647482
0.0647482
0.06783145
0.06783145
0.07194245
0.07194245
0.08221994
0.08221994
0.08324769
0.08324769
0.08530319
0.08530319
0.08838643
0.08838643
0.09044193
0.09044193
0.09249743
0.09249743
0.09352518
0.09352518
0.09660843
0.09660843
0.09763618
0.09763618
0.09969168
0.09969168
0.10071942
0.10071942
0.10174717
0.10174717
0.10380267
0.10380267
0.10688592
0.10688592
0.10791367
0.10791367
0.10894142
0.10894142
0.11099692
0.11099692
0.11305242
0.11305242
0.11408016
0.11408016
0.11510791
0.11510791
0.11613566
0.11613566
0.11921891
0.11921891
0.12127441
0.12127441
0.12230216
0.12230216
0.12435766
0.12435766
0.12538541
0.12538541
0.1274409
0.1274409
0.1315519
0.1315519
0.13257965
0.13257965
0.1336074
0.1336074
0.13463515
0.13463515
0.1356629
0.1356629
0.1377184
0.1377184
0.13874615
0.13874615
0.1397739
0.1397739
0.14285714
0.14285714
0.14388489
0.14388489
0.14491264
0.14491264
0.14594039
0.14594039
0.14799589
0.14799589
0.14902364
0.14902364
0.15107914
0.15107914
0.15519013
0.15519013
0.15621788
0.15621788
0.15724563
0.15724563
0.15827338
0.15827338
0.15930113
0.15930113
0.16238438
0.16238438
0.16341213
0.16341213
0.16546763
0.16546763
0.16649538
0.16649538
0.17163412
0.17163412
0.17266187
0.17266187
0.17368962
0.17368962
0.17471737
0.17471737
0.17574512
0.17574512
0.17780062
0.17780062
0.17882837
0.17882837
0.18191161
0.18191161
0.18293936
0.18293936
0.18396711
0.18396711
0.18705036
0.18705036
0.18807811
0.18807811
0.18910586
0.18910586
0.19116136
0.19116136
0.19321686
0.19321686
0.1942446
0.1942446
0.19527235
0.19527235
0.1963001
0.1963001
0.20143885
0.20143885
0.2045221
0.2045221
0.20863309
0.20863309
0.21377184
0.21377184
0.21479959
0.21479959
0.21582734
0.21582734
0.21685509
0.21685509
0.21891059
0.21891059
0.22199383
0.22199383
0.22302158
0.22302158
0.22507708
0.22507708
0.22610483
0.22610483
0.22816033
0.22816033
0.23021583
0.23021583
0.23124358
0.23124358
0.23329908
0.23329908
0.23432682
0.23432682
0.23535457
0.23535457
0.23741007
0.23741007
0.23843782
0.23843782
0.24152107
0.24152107
0.24357657
0.24357657
0.24563207
0.24563207
0.24665982
0.24665982
0.24768756
0.24768756
0.24974306
0.24974306
0.25077081
0.25077081
0.25282631
0.25282631
0.25385406
0.25385406
0.25488181
0.25488181
0.25590956
0.25590956
0.25693731
0.25693731
0.25796506
0.25796506
0.25899281
0.25899281
0.2631038
0.2631038
0.2672148
0.2672148
0.26824255
0.26824255
0.2692703
0.2692703
0.2713258
0.2713258
0.27338129
0.27338129
0.27440904
0.27440904
0.27543679
0.27543679
0.27749229
0.27749229
0.28057554
0.28057554
0.28263104
0.28263104
0.28571429
0.28571429
0.28982528
0.28982528
0.29290853
0.29290853
0.29393628
0.29393628
0.29496403
0.29496403
0.29701953
0.29701953
0.29804728
0.29804728
0.30010277
0.30010277
0.30215827
0.30215827
0.30318602
0.30318602
0.30524152
0.30524152
0.30935252
0.30935252
0.31038027
0.31038027
0.31140802
0.31140802
0.31243577
0.31243577
0.31346351
0.31346351
0.31449126
0.31449126
0.31654676
0.31654676
0.31860226
0.31860226
0.32168551
0.32168551
0.32476876
0.32476876
0.327852
0.327852
0.33093525
0.33093525
0.331963
0.331963
0.3340185
0.3340185
0.33504625
0.33504625
0.33710175
0.33710175
0.3381295
0.3381295
0.33915725
0.33915725
0.34326824
0.34326824
0.34429599
0.34429599
0.34737924
0.34737924
0.35046249
0.35046249
0.35149024
0.35149024
0.35251799
0.35251799
0.35354573
0.35354573
0.35560123
0.35560123
0.35662898
0.35662898
0.35868448
0.35868448
0.35971223
0.35971223
0.36073998
0.36073998
0.36176773
0.36176773
0.36279548
0.36279548
0.36485098
0.36485098
0.36587873
0.36587873
0.36896197
0.36896197
0.37101747
0.37101747
0.37204522
0.37204522
0.37512847
0.37512847
0.37821172
0.37821172
0.37923947
0.37923947
0.38335046
0.38335046
0.38437821
0.38437821
0.38540596
0.38540596
0.38643371
0.38643371
0.38746146
0.38746146
0.39054471
0.39054471
0.39157246
0.39157246
0.3946557
0.3946557
0.39568345
0.39568345
0.3967112
0.3967112
0.3987667
0.3987667
0.39979445
0.39979445
0.40184995
0.40184995
0.40390545
0.40390545
0.40698869
0.40698869
0.40904419
0.40904419
0.41007194
0.41007194
0.41109969
0.41109969
0.41418294
0.41418294
0.41521069
0.41521069
0.41623844
0.41623844
0.41726619
0.41726619
0.42034943
0.42034943
0.42446043
0.42446043
0.42651593
0.42651593
0.42754368
0.42754368
0.42959918
0.42959918
0.43165468
0.43165468
0.43371017
0.43371017
0.43576567
0.43576567
0.43782117
0.43782117
0.43987667
0.43987667
0.44090442
0.44090442
0.44193217
0.44193217
0.44295992
0.44295992
0.44501542
0.44501542
0.44707091
0.44707091
0.45118191
0.45118191
0.45220966
0.45220966
0.45529291
0.45529291
0.45632066
0.45632066
0.45940391
0.45940391
0.4614594
0.4614594
0.46248715
0.46248715
0.4635149
0.4635149
0.46454265
0.46454265
0.4655704
0.4655704
0.46659815
0.46659815
0.46865365
0.46865365
0.4696814
0.4696814
0.47276465
0.47276465
0.47379239
0.47379239
0.47584789
0.47584789
0.47687564
0.47687564
0.47790339
0.47790339
0.47995889
0.47995889
0.48406989
0.48406989
0.48612539
0.48612539
0.48818088
0.48818088
0.48920863
0.48920863
0.49023638
0.49023638
0.49229188
0.49229188
0.49434738
0.49434738
0.49537513
0.49537513
0.49743063
0.49743063
0.50051387
0.50051387
0.50154162
0.50154162
0.50359712
0.50359712
0.50770812
0.50770812
0.50976362
0.50976362
0.51079137
0.51079137
0.51181912
0.51181912
0.51284687
0.51284687
0.51387461
0.51387461
0.51490236
0.51490236
0.51695786
0.51695786
0.51798561
0.51798561
0.52106886
0.52106886
0.52517986
0.52517986
0.52620761
0.52620761
0.53134635
0.53134635
0.53340185
0.53340185
0.5344296
0.5344296
0.53545735
0.53545735
0.5364851
0.5364851
0.5385406
0.5385406
0.53956835
0.53956835
0.54059609
0.54059609
0.54470709
0.54470709
0.54573484
0.54573484
0.54676259
0.54676259
0.54779034
0.54779034
0.54881809
0.54881809
0.55087359
0.55087359
0.55498458
0.55498458
0.55704008
0.55704008
0.56217883
0.56217883
0.56320658
0.56320658
0.56423433
0.56423433
0.56526208
0.56526208
0.56628983
0.56628983
0.56834532
0.56834532
0.56937307
0.56937307
0.57553957
0.57553957
0.57862282
0.57862282
0.57965057
0.57965057
0.58067831
0.58067831
0.58170606
0.58170606
0.58273381
0.58273381
0.58376156
0.58376156
0.58581706
0.58581706
0.58684481
0.58684481
0.58787256
0.58787256
0.58890031
0.58890031
0.58992806
0.58992806
0.59095581
0.59095581
0.59301131
0.59301131
0.5950668
0.5950668
0.5991778
0.5991778
0.60020555
0.60020555
0.60431655
0.60431655
0.6053443
0.6053443
0.60739979
0.60739979
0.60842754
0.60842754
0.61356629
0.61356629
0.61562179
0.61562179
0.61767729
0.61767729
0.61870504
0.61870504
0.62076053
0.62076053
0.62487153
0.62487153
0.62589928
0.62589928
0.62795478
0.62795478
0.62898253
0.62898253
0.63823227
0.63823227
0.64028777
0.64028777
0.64131552
0.64131552
0.64337102
0.64337102
0.64953751
0.64953751
0.65056526
0.65056526
0.65262076
0.65262076
0.65364851
0.65364851
0.65467626
0.65467626
0.65775951
0.65775951
0.65878726
0.65878726
0.65981501
0.65981501
0.6618705
0.6618705
0.6659815
0.6659815
0.668037
0.668037
0.66906475
0.66906475
0.67112025
0.67112025
0.67420349
0.67420349
0.67728674
0.67728674
0.68242549
0.68242549
0.68448099
0.68448099
0.68550874
0.68550874
0.68653649
0.68653649
0.68859198
0.68859198
0.68961973
0.68961973
0.69475848
0.69475848
0.69578623
0.69578623
0.69886948
0.69886948
0.69989723
0.69989723
0.70195272
0.70195272
0.70298047
0.70298047
0.71017472
0.71017472
0.71223022
0.71223022
0.71736896
0.71736896
0.71839671
0.71839671
0.72147996
0.72147996
0.72456321
0.72456321
0.72661871
0.72661871
0.72764645
0.72764645
0.72970195
0.72970195
0.7327852
0.7327852
0.7389517
0.7389517
0.74409044
0.74409044
0.74922919
0.74922919
0.75436793
0.75436793
0.75539568
0.75539568
0.75642343
0.75642343
0.75745118
0.75745118
0.75950668
0.75950668
0.76053443
0.76053443
0.76258993
0.76258993
0.76361768
0.76361768
0.76772867
0.76772867
0.76875642
0.76875642
0.77286742
0.77286742
0.77492292
0.77492292
0.77595067
0.77595067
0.77903392
0.77903392
0.78006166
0.78006166
0.78314491
0.78314491
0.78417266
0.78417266
0.78520041
0.78520041
0.79136691
0.79136691
0.7995889
0.7995889
0.8016444
0.8016444
0.80267215
0.80267215
0.8036999
0.8036999
0.80781089
0.80781089
0.81089414
0.81089414
0.81192189
0.81192189
0.81294964
0.81294964
0.81397739
0.81397739
0.81706064
0.81706064
0.81808839
0.81808839
0.81911614
0.81911614
0.82014388
0.82014388
0.82322713
0.82322713
0.82631038
0.82631038
0.82733813
0.82733813
0.82939363
0.82939363
0.83042138
0.83042138
0.83247688
0.83247688
0.83658787
0.83658787
0.83967112
0.83967112
0.84275437
0.84275437
0.84480987
0.84480987
0.84583762
0.84583762
0.84892086
0.84892086
0.85508736
0.85508736
0.85919836
0.85919836
0.8602261
0.8602261
0.86125385
0.86125385
0.8643371
0.8643371
0.86536485
0.86536485
0.8705036
0.8705036
0.87153135
0.87153135
0.87461459
0.87461459
0.87975334
0.87975334
0.88386434
0.88386434
0.88489209
0.88489209
0.88694758
0.88694758
0.88797533
0.88797533
0.88900308
0.88900308
0.89208633
0.89208633
0.89311408
0.89311408
0.89619733
0.89619733
0.89825283
0.89825283
0.90853032
0.90853032
0.91058582
0.91058582
0.91469681
0.91469681
0.91675231
0.91675231
0.92086331
0.92086331
0.92291881
0.92291881
0.92600206
0.92600206
0.93422405
0.93422405
0.9373073
0.9373073
0.94039054
0.94039054
0.94141829
0.94141829
0.94964029
0.94964029
0.95375128
0.95375128
0.95580678
0.95580678
0.95889003
0.95889003
0.96094553
0.96094553
0.96300103
0.96300103
0.96505653
0.96505653
0.96608428
0.96608428
0.96711202
0.96711202
0.96916752
0.96916752
0.97019527
0.97019527
0.97327852
0.97327852
0.97430627
0.97430627
0.97533402
0.97533402
0.98355601
0.98355601
0.98458376
0.98458376
0.98663926
0.98663926
0.98869476
0.98869476
0.98972251
0.98972251
0.99280576
0.99280576
0.9938335
0.9938335
0.99486125
0.99486125
0.99691675
0.99691675
1.
1.
