[ 1.80734955e+01  1.70734955e+01  1.01095204e+01  8.89261475e+00
  8.17187164e+00  7.27370323e+00  5.28361981e+00  4.52912496e+00
  4.14791856e+00  3.92060305e+00  3.04578398e+00  2.91086498e+00
  2.74184227e+00  2.48749313e+00  2.15728038e+00  2.12617020e+00
  1.99471859e+00  1.93951645e+00  1.88589958e+00  1.81718245e+00
  1.73428697e+00  1.72331226e+00  1.70419773e+00  1.68307120e+00
  1.67547556e+00  1.63116704e+00  1.60676241e+00  1.55481480e+00
  1.53469614e+00  1.53217612e+00  1.46980344e+00  1.46463764e+00
  1.35959919e+00  1.33948600e+00  1.33491145e+00  1.32961540e+00
  1.32009353e+00  1.31631745e+00  1.31342898e+00  1.31342749e+00
  1.27668788e+00  1.27468986e+00  1.27322096e+00  1.26761133e+00
  1.26450136e+00  1.24950268e+00  1.24863990e+00  1.24831145e+00
  1.23474634e+00  1.21656808e+00  1.21176330e+00  1.21019052e+00
  1.20880231e+00  1.20790496e+00  1.20456630e+00  1.19590772e+00
  1.17971956e+00  1.16618447e+00  1.14859540e+00  1.14630048e+00
  1.14371578e+00  1.14276875e+00  1.13699827e+00  1.13682004e+00
  1.12816082e+00  1.11766146e+00  1.11150668e+00  1.11148151e+00
  1.10324473e+00  1.10108468e+00  1.09894029e+00  1.09552886e+00
  1.09336074e+00  1.09133961e+00  1.09090110e+00  1.09058838e+00
  1.08339661e+00  1.08126249e+00  1.08023470e+00  1.08012070e+00
  1.07294925e+00  1.07064743e+00  1.07006862e+00  1.06604736e+00
  1.05776948e+00  1.05660504e+00  1.05246928e+00  1.04927957e+00
  1.04512808e+00  1.04496221e+00  1.04401509e+00  1.04380970e+00
  1.03950722e+00  1.03831224e+00  1.03503787e+00  1.03477865e+00
  1.03244876e+00  1.02963091e+00  1.02948206e+00  1.02791090e+00
  1.02522442e+00  1.02255308e+00  1.02191036e+00  1.02114122e+00
  1.01546462e+00  1.01544172e+00  1.01539477e+00  1.01531977e+00
  1.01413768e+00  1.00980803e+00  1.00937123e+00  1.00861780e+00
  1.00738066e+00  1.00665604e+00  1.00621234e+00  1.00609995e+00
  1.00564316e+00  1.00563490e+00  1.00365701e+00  1.00352864e+00
  1.00347684e+00  1.00338179e+00  1.00331926e+00  1.00323288e+00
  1.00260000e+00  1.00250711e+00  1.00247390e+00  1.00245284e+00
  1.00232056e+00  1.00225734e+00  1.00218182e+00  1.00217083e+00
  1.00215086e+00  1.00205652e+00  1.00198660e+00  1.00190917e+00
  1.00166000e+00  1.00161784e+00  1.00159240e+00  1.00153974e+00
  1.00149675e+00  1.00145353e+00  1.00131064e+00  1.00115501e+00
  1.00102372e+00  1.00101735e+00  1.00100929e+00  1.00100841e+00
  1.00088454e+00  1.00088397e+00  1.00078370e+00  1.00065564e+00
  1.00058594e+00  1.00054221e+00  1.00053095e+00  1.00032923e+00
  1.00015553e+00  1.00010616e+00  9.99528808e-01  9.99404252e-01
  9.99287515e-01  9.99209303e-01  9.98735900e-01  9.98717708e-01
  9.98704722e-01  9.98656448e-01  9.98475570e-01  9.98186197e-01
  9.98155082e-01  9.97793533e-01  9.97530985e-01  9.97436061e-01
  9.97287218e-01  9.97215836e-01  9.96999879e-01  9.96820000e-01
  9.96817302e-01  9.96766662e-01  9.96618168e-01  9.96175779e-01
  9.96136479e-01  9.95461527e-01  9.95312902e-01  9.95181177e-01
  9.95102009e-01  9.95009766e-01  9.94972890e-01  9.94870279e-01
  9.94835082e-01  9.94690293e-01  9.94522953e-01  9.94237678e-01
  9.94221558e-01  9.94107126e-01  9.94025153e-01  9.93740575e-01
  9.93321536e-01  9.93180948e-01  9.93170716e-01  9.93169720e-01
  9.92572636e-01  9.92256971e-01  9.92062496e-01  9.91997636e-01
  9.91770151e-01  9.91764436e-01  9.91672297e-01  9.91389915e-01
  9.91241976e-01  9.91152729e-01  9.90681575e-01  9.90651596e-01
  9.89761907e-01  9.89249467e-01  9.89180559e-01  9.88702411e-01
  9.88574945e-01  9.88558830e-01  9.88253488e-01  9.87386113e-01
  9.87205128e-01  9.86691725e-01  9.86596980e-01  9.86479767e-01
  9.86218464e-01  9.86201978e-01  9.86147360e-01  9.84399485e-01
  9.84181420e-01  9.84178145e-01  9.84135645e-01  9.83626224e-01
  9.83605712e-01  9.83457191e-01  9.83438903e-01  9.83103311e-01
  9.82944157e-01  9.82497056e-01  9.82293819e-01  9.82235526e-01
  9.81668990e-01  9.81423902e-01  9.80118773e-01  9.80055396e-01
  9.79859385e-01  9.79728482e-01  9.78999100e-01  9.78902870e-01
  9.78868997e-01  9.78709804e-01  9.77725801e-01  9.77724913e-01
  9.77577644e-01  9.77506671e-01  9.76890055e-01  9.76772537e-01
  9.76726227e-01  9.76346341e-01  9.76138562e-01  9.76049204e-01
  9.73910376e-01  9.73811921e-01  9.73235533e-01  9.71819388e-01
  9.71443162e-01  9.70895861e-01  9.70763925e-01  9.70708200e-01
  9.70433844e-01  9.70200002e-01  9.69694280e-01  9.69362023e-01
  9.69359653e-01  9.69011426e-01  9.68097469e-01  9.67999822e-01
  9.67873568e-01  9.67208920e-01  9.66622957e-01  9.66434872e-01
  9.66320607e-01  9.65974895e-01  9.64650379e-01  9.64542602e-01
  9.63546479e-01  9.63294919e-01  9.62862912e-01  9.62064092e-01
  9.61924658e-01  9.61923225e-01  9.61814965e-01  9.61750695e-01
  9.61375697e-01  9.61341152e-01  9.61096018e-01  9.60873945e-01
  9.60852072e-01  9.60720367e-01  9.60592739e-01  9.60092933e-01
  9.59465310e-01  9.59030526e-01  9.58556123e-01  9.58168177e-01
  9.56405693e-01  9.56371674e-01  9.56353062e-01  9.56248318e-01
  9.55799885e-01  9.55743392e-01  9.55701080e-01  9.55562132e-01
  9.55480041e-01  9.55316442e-01  9.55172918e-01  9.54614745e-01
  9.54528184e-01  9.53976071e-01  9.53845056e-01  9.53596137e-01
  9.52679672e-01  9.52318378e-01  9.52201566e-01  9.51875485e-01
  9.51048650e-01  9.50487358e-01  9.49985608e-01  9.49907626e-01
  9.49887603e-01  9.49478581e-01  9.49095144e-01  9.48454025e-01
  9.48116613e-01  9.47657820e-01  9.46883708e-01  9.46775499e-01
  9.46332544e-01  9.45810730e-01  9.45777950e-01  9.45663176e-01
  9.45622288e-01  9.44761522e-01  9.44513073e-01  9.43630907e-01
  9.43345952e-01  9.43329027e-01  9.42026077e-01  9.40412228e-01
  9.39651611e-01  9.39621174e-01  9.39574479e-01  9.38115139e-01
  9.37867042e-01  9.37430519e-01  9.37216203e-01  9.37109495e-01
  9.35370286e-01  9.34871579e-01  9.34427598e-01  9.34173940e-01
  9.32688977e-01  9.32298487e-01  9.31866581e-01  9.31124567e-01
  9.31002719e-01  9.30557774e-01  9.30083657e-01  9.29862532e-01
  9.29696464e-01  9.29526750e-01  9.28947163e-01  9.28650962e-01
  9.28029786e-01  9.27888706e-01  9.27624730e-01  9.26768193e-01
  9.26565270e-01  9.26242586e-01  9.25944477e-01  9.25801278e-01
  9.25017173e-01  9.24792217e-01  9.24782434e-01  9.24220054e-01
  9.24161628e-01  9.24042694e-01  9.23328890e-01  9.23116995e-01
  9.23066044e-01  9.22640908e-01  9.22606540e-01  9.22222168e-01
  9.21347369e-01  9.19302316e-01  9.19020004e-01  9.18043144e-01
  9.17762594e-01  9.17713983e-01  9.17132729e-01  9.16963019e-01
  9.15467922e-01  9.15042673e-01  9.14691205e-01  9.14595485e-01
  9.14525437e-01  9.14487356e-01  9.14084489e-01  9.14081163e-01
  9.13802667e-01  9.13637380e-01  9.13420906e-01  9.13014400e-01
  9.12814693e-01  9.11263123e-01  9.10707147e-01  9.10365971e-01
  9.10151726e-01  9.09007699e-01  9.08077992e-01  9.07990924e-01
  9.07970888e-01  9.07518112e-01  9.06700108e-01  9.05870901e-01
  9.05704154e-01  9.05239999e-01  9.05162207e-01  9.05161340e-01
  9.05056266e-01  9.04833328e-01  9.04365193e-01  9.04019510e-01
  9.03567896e-01  9.03389647e-01  9.03229866e-01  9.01838689e-01
  9.00894860e-01  9.00691611e-01  9.00298609e-01  8.99944831e-01
  8.99685561e-01  8.99647830e-01  8.99073693e-01  8.97989237e-01
  8.97305485e-01  8.96938252e-01  8.96732790e-01  8.96031864e-01
  8.95979585e-01  8.95699917e-01  8.95287951e-01  8.94920045e-01
  8.94717754e-01  8.94446461e-01  8.94379675e-01  8.94348873e-01
  8.92285356e-01  8.92124735e-01  8.91775179e-01  8.91517109e-01
  8.90345090e-01  8.89370025e-01  8.87898521e-01  8.87314956e-01
  8.87191344e-01  8.87080738e-01  8.85744957e-01  8.85678693e-01
  8.85648742e-01  8.83944072e-01  8.82926995e-01  8.82485081e-01
  8.80553943e-01  8.79356846e-01  8.79047832e-01  8.78953669e-01
  8.78923681e-01  8.78194063e-01  8.77527288e-01  8.76330699e-01
  8.75876408e-01  8.75589377e-01  8.73932546e-01  8.73185213e-01
  8.73021262e-01  8.72472132e-01  8.72092803e-01  8.71500565e-01
  8.71367042e-01  8.71303089e-01  8.71241570e-01  8.71024885e-01
  8.70734221e-01  8.70684944e-01  8.69843688e-01  8.69584830e-01
  8.69557063e-01  8.69343501e-01  8.67936216e-01  8.67699573e-01
  8.67245325e-01  8.66809677e-01  8.65880755e-01  8.65632431e-01
  8.65159385e-01  8.64416463e-01  8.64072807e-01  8.63871670e-01
  8.63542457e-01  8.61787429e-01  8.60854074e-01  8.58629862e-01
  8.58237157e-01  8.56704422e-01  8.56634378e-01  8.55185339e-01
  8.55141183e-01  8.53892104e-01  8.50891679e-01  8.50685086e-01
  8.50518741e-01  8.50234408e-01  8.49658008e-01  8.49034013e-01
  8.47145463e-01  8.47092648e-01  8.46974908e-01  8.46232655e-01
  8.45801890e-01  8.44798407e-01  8.44798219e-01  8.44414507e-01
  8.44255820e-01  8.42588785e-01  8.42361430e-01  8.40189108e-01
  8.39349539e-01  8.37586351e-01  8.36471285e-01  8.35216629e-01
  8.35136812e-01  8.34226545e-01  8.31757389e-01  8.31385880e-01
  8.30866150e-01  8.30776400e-01  8.30427233e-01  8.29158451e-01
  8.28061911e-01  8.24137241e-01  8.22786699e-01  8.22361025e-01
  8.22055874e-01  8.21675303e-01  8.20956133e-01  8.20457113e-01
  8.17248875e-01  8.16253720e-01  8.12658650e-01  8.12587835e-01
  8.08464438e-01  8.07772050e-01  8.07195634e-01  8.06393446e-01
  8.05776927e-01  8.03992876e-01  8.03581974e-01  8.02822282e-01
  8.01878306e-01  8.01463094e-01  8.01239196e-01  7.98443802e-01
  7.97843209e-01  7.97640311e-01  7.96653427e-01  7.95266246e-01
  7.94899900e-01  7.91235997e-01  7.88105042e-01  7.87401400e-01
  7.86738296e-01  7.86607569e-01  7.85862816e-01  7.84401263e-01
  7.84139495e-01  7.83326017e-01  7.83006144e-01  7.80735266e-01
  7.78486291e-01  7.77980505e-01  7.71136178e-01  7.70182639e-01
  7.68891043e-01  7.68579731e-01  7.68212987e-01  7.68177556e-01
  7.67895741e-01  7.67678076e-01  7.67338299e-01  7.66461562e-01
  7.65991165e-01  7.64873831e-01  7.64674918e-01  7.63325871e-01
  7.63257359e-01  7.63238031e-01  7.62826479e-01  7.58230503e-01
  7.58114133e-01  7.58090475e-01  7.57502752e-01  7.56597066e-01
  7.56007538e-01  7.55415219e-01  7.54236388e-01  7.53016726e-01
  7.52073971e-01  7.49166096e-01  7.48935833e-01  7.47272559e-01
  7.45509931e-01  7.44965156e-01  7.43518473e-01  7.43372551e-01
  7.43002944e-01  7.42521809e-01  7.39748862e-01  7.37920037e-01
  7.34440015e-01  7.31958113e-01  7.31110344e-01  7.30564196e-01
  7.30413441e-01  7.29033370e-01  7.28021145e-01  7.26822915e-01
  7.25571597e-01  7.25355842e-01  7.24658383e-01  7.18699833e-01
  7.18218520e-01  7.18001535e-01  7.16831807e-01  7.15859400e-01
  7.13566040e-01  7.11865441e-01  7.11613219e-01  7.07884721e-01
  7.06047906e-01  7.05882536e-01  7.04360693e-01  7.03641632e-01
  7.02473155e-01  7.00573808e-01  6.98034482e-01  6.97303614e-01
  6.95729057e-01  6.94034420e-01  6.93682472e-01  6.93375359e-01
  6.90600701e-01  6.90458203e-01  6.89130965e-01  6.87345664e-01
  6.87275911e-01  6.87163806e-01  6.87150228e-01  6.83835458e-01
  6.82190772e-01  6.81959556e-01  6.79576854e-01  6.73176627e-01
  6.72227591e-01  6.70911880e-01  6.64559312e-01  6.63724112e-01
  6.62848692e-01  6.62213790e-01  6.57794955e-01  6.55907284e-01
  6.55636377e-01  6.55260772e-01  6.53039216e-01  6.48708031e-01
  6.48394276e-01  6.48330120e-01  6.47661016e-01  6.47032835e-01
  6.45549704e-01  6.42013293e-01  6.40353303e-01  6.40240651e-01
  6.33591346e-01  6.30470196e-01  6.23285132e-01  6.20409887e-01
  6.20398146e-01  6.19681779e-01  6.16176483e-01  6.14370095e-01
  6.13024054e-01  6.10935347e-01  6.06583723e-01  6.02493233e-01
  6.01524114e-01  5.93434425e-01  5.92242231e-01  5.91182123e-01
  5.90994369e-01  5.90385016e-01  5.89221906e-01  5.88158973e-01
  5.85409142e-01  5.84373920e-01  5.80883997e-01  5.79869506e-01
  5.76271349e-01  5.75423333e-01  5.74776599e-01  5.73223233e-01
  5.71441204e-01  5.70663404e-01  5.69938950e-01  5.62278625e-01
  5.59654315e-01  5.56383424e-01  5.52938124e-01  5.48194639e-01
  5.46956907e-01  5.45473116e-01  5.43607177e-01  5.39450665e-01
  5.34650884e-01  5.30088283e-01  5.25007671e-01  5.19630163e-01
  5.15663636e-01  5.10757267e-01  5.08457217e-01  5.04715196e-01
  5.01853475e-01  4.99949715e-01  4.91245391e-01  4.79108442e-01
  4.76421544e-01  4.74088196e-01  4.72489954e-01  4.69224938e-01
  4.66839532e-01  4.64257529e-01  4.57947589e-01  4.52982516e-01
  4.50732965e-01  4.47362929e-01  4.46076262e-01  4.44996923e-01
  4.44309144e-01  4.38045229e-01  4.31254444e-01  4.28588777e-01
  4.25837724e-01  4.25833541e-01  4.25222963e-01  4.25043323e-01
  4.21196874e-01  4.20658394e-01  4.17491198e-01  4.16763787e-01
  4.13636546e-01  4.12454677e-01  4.11410640e-01  4.07376217e-01
  3.88824082e-01  3.80372507e-01  3.77330414e-01  3.75513395e-01
  3.70695719e-01  3.70667726e-01  3.68989959e-01  3.65959334e-01
  3.65207184e-01  3.60818161e-01  3.56791074e-01  3.50292302e-01
  3.47196050e-01  3.40246776e-01  3.36686194e-01  3.35796095e-01
  3.22872338e-01  3.20799872e-01  3.18109994e-01  3.07167530e-01
  3.05616705e-01  3.04561780e-01  2.97702271e-01  2.96058943e-01
  2.94077228e-01  2.90334442e-01  2.87250288e-01  2.86718448e-01
  2.86309323e-01  2.81737890e-01  2.79819876e-01  2.79616580e-01
  2.76852563e-01  2.70081396e-01  2.66391821e-01  2.64339528e-01
  2.62631922e-01  2.49470041e-01  2.49239631e-01  2.37556782e-01
  2.36523271e-01  2.35679752e-01  2.25522054e-01  2.23358471e-01
  2.12661876e-01  2.06414607e-01  2.00075537e-01  1.94396423e-01
  1.85683456e-01  1.81743286e-01  1.66084813e-01  1.66005173e-01
  1.44558853e-01  1.24457653e-01  1.23521987e-01  1.12990715e-01
  9.75973377e-02  9.35393843e-02  9.27285904e-02  7.53758104e-02
  7.39515465e-02  6.88111746e-02  6.15571865e-02  5.84123409e-02
  5.77874006e-02  5.02481658e-02  4.55807059e-02  4.55150474e-02
  3.86387136e-02  2.97106129e-02  2.29659963e-02  1.24546219e-02
  1.02145857e-02  9.39417463e-03  2.71523874e-03  1.15212848e-03
 -1.23737950e-02 -2.33268957e-02 -3.33098713e-02 -3.66951193e-02
 -5.21029415e-02 -5.54070496e-02 -6.21413488e-02 -6.40923991e-02
 -6.60055659e-02 -7.71110292e-02 -7.91935472e-02 -8.35736664e-02
 -9.79684353e-02 -1.09207396e-01 -1.13217704e-01 -1.37380010e-01
 -1.44178964e-01 -1.70332705e-01 -1.72698392e-01 -2.01104083e-01
 -2.04886710e-01 -2.05199642e-01 -2.32691601e-01 -2.33043997e-01
 -2.43079941e-01 -2.43285717e-01 -2.46000100e-01 -2.50275299e-01
 -2.51971239e-01 -2.72642460e-01 -2.79546939e-01 -3.06525886e-01
 -3.09646885e-01 -3.27113578e-01 -3.30119643e-01 -3.35962841e-01
 -3.50987275e-01 -3.79139164e-01 -3.89613485e-01 -3.91546109e-01
 -3.93355046e-01 -4.23900032e-01 -4.34806318e-01 -4.51471760e-01
 -4.57279989e-01 -4.76248621e-01 -4.89129548e-01 -5.51416899e-01
 -5.66490225e-01 -5.87766677e-01 -5.94960422e-01 -5.99840733e-01
 -6.13916394e-01 -6.25834039e-01 -6.35984719e-01 -6.44282212e-01
 -6.64504856e-01 -6.71500198e-01 -6.79656237e-01 -6.89612882e-01
 -6.98086936e-01 -7.65639033e-01 -7.67405538e-01 -8.68716558e-01
 -9.18795275e-01 -9.27385427e-01 -9.47165837e-01 -9.55410789e-01
 -9.57243859e-01 -9.73652512e-01 -9.75046879e-01 -9.86052463e-01
 -1.03046824e+00 -1.03089342e+00 -1.08098676e+00 -1.10992004e+00
 -1.12780716e+00 -1.19201349e+00 -1.19464894e+00 -1.20522877e+00
 -1.22120213e+00 -1.32224620e+00 -1.32331663e+00 -1.34467583e+00
 -1.38698270e+00 -1.43167939e+00 -1.44699186e+00 -1.46615902e+00
 -1.49035479e+00 -1.59320124e+00 -1.61312749e+00 -1.65306256e+00
 -1.66745994e+00 -1.69313019e+00 -1.70234048e+00 -1.76163176e+00
 -1.87076368e+00 -1.87685811e+00 -1.89755514e+00 -1.95013066e+00
 -1.95154389e+00 -1.97180799e+00 -2.05978426e+00 -2.35401587e+00
 -2.53941932e+00 -2.56185615e+00 -2.56455192e+00 -2.63806417e+00
 -2.91623060e+00 -3.01289481e+00 -3.12901514e+00 -3.24734097e+00
 -3.30631052e+00 -3.54799104e+00 -3.59525352e+00 -3.74624967e+00
 -3.76283444e+00 -3.81948615e+00 -3.88243175e+00 -4.09992916e+00
 -4.13178439e+00 -4.40798652e+00 -4.43671823e+00 -4.54448534e+00
 -4.59617247e+00 -5.25762669e+00 -5.53643426e+00 -5.74374523e+00
 -5.86176496e+00 -6.15541240e+00 -7.20559508e+00 -8.09009582e+00
 -8.31646643e+00 -1.39147233e+01 -1.60274793e+01 -1.71473191e+01
 -1.77183174e+01]