[ 7.97985916e+01  7.87985916e+01  1.20773286e+01  7.43021267e+00
  5.35384764e+00  4.50324029e+00  4.36868666e+00  4.21893892e+00
  3.82594213e+00  3.24402581e+00  2.91025806e+00  2.67594461e+00
  2.42856194e+00  2.02316848e+00  1.91770047e+00  1.88572830e+00
  1.81537562e+00  1.80935686e+00  1.79470655e+00  1.76278693e+00
  1.72297113e+00  1.57923185e+00  1.45104533e+00  1.38399922e+00
  1.35185478e+00  1.30887268e+00  1.30429622e+00  1.29190015e+00
  1.28050178e+00  1.27320013e+00  1.25070566e+00  1.22573411e+00
  1.22020893e+00  1.21077920e+00  1.18978444e+00  1.17460939e+00
  1.16370120e+00  1.13632954e+00  1.11970876e+00  1.11771760e+00
  1.10863176e+00  1.09406251e+00  1.08175527e+00  1.07844542e+00
  1.07786950e+00  1.07684609e+00  1.06029390e+00  1.05975817e+00
  1.05798419e+00  1.05014738e+00  1.04298366e+00  1.03669293e+00
  1.03388268e+00  1.03235026e+00  1.01609716e+00  1.01532146e+00
  1.01290366e+00  1.00462586e+00  1.00275106e+00  1.00223521e+00
  1.00037810e+00  9.98292468e-01  9.95962221e-01  9.95356933e-01
  9.95131974e-01  9.94885998e-01  9.91951430e-01  9.89914910e-01
  9.89523120e-01  9.87967988e-01  9.87298700e-01  9.86834644e-01
  9.86350213e-01  9.86205137e-01  9.86093570e-01  9.86089990e-01
  9.85906092e-01  9.85772569e-01  9.85755362e-01  9.85663087e-01
  9.85639114e-01  9.85579995e-01  9.85125998e-01  9.84991599e-01
  9.84717062e-01  9.84651691e-01  9.84629414e-01  9.84520917e-01
  9.84406503e-01  9.84048429e-01  9.84034058e-01  9.83927796e-01
  9.83836391e-01  9.82709983e-01  9.81138916e-01  9.81093953e-01
  9.80551450e-01  9.80084775e-01  9.79988985e-01  9.79908681e-01
  9.79390396e-01  9.79079317e-01  9.78787009e-01  9.78520507e-01
  9.78389231e-01  9.78384549e-01  9.76976597e-01  9.76557419e-01
  9.76233170e-01  9.75923206e-01  9.75407109e-01  9.74873590e-01
  9.74703263e-01  9.74680027e-01  9.74463785e-01  9.73926791e-01
  9.73306951e-01  9.72778694e-01  9.71173677e-01  9.71048851e-01
  9.70967152e-01  9.70592896e-01  9.69740795e-01  9.69381031e-01
  9.68714354e-01  9.68401162e-01  9.67836875e-01  9.67429103e-01
  9.67123701e-01  9.66975968e-01  9.66103044e-01  9.66058123e-01
  9.64384552e-01  9.64335472e-01  9.63974598e-01  9.63741959e-01
  9.63282076e-01  9.63060489e-01  9.62703300e-01  9.62481008e-01
  9.61359141e-01  9.60774811e-01  9.60475492e-01  9.59032283e-01
  9.54206703e-01  9.53955188e-01  9.51784223e-01  9.51467310e-01
  9.51320875e-01  9.50864042e-01  9.50592101e-01  9.49724696e-01
  9.49342083e-01  9.48945951e-01  9.48835118e-01  9.48375354e-01
  9.48213088e-01  9.48208210e-01  9.47740801e-01  9.46816819e-01
  9.45652937e-01  9.43834213e-01  9.43647863e-01  9.42221126e-01
  9.42122897e-01  9.40911018e-01  9.39294802e-01  9.39037900e-01
  9.36900862e-01  9.36877703e-01  9.36782835e-01  9.36264200e-01
  9.35262925e-01  9.34499998e-01  9.33332022e-01  9.32256150e-01
  9.31514395e-01  9.29437725e-01  9.28570718e-01  9.28166304e-01
  9.27117519e-01  9.26427589e-01  9.25302949e-01  9.24257250e-01
  9.23168167e-01  9.21157906e-01  9.18404866e-01  9.17202411e-01
  9.17148237e-01  9.16043046e-01  9.15873282e-01  9.13721281e-01
  9.13424091e-01  9.13250384e-01  9.10849469e-01  9.10576034e-01
  9.10322968e-01  9.09985153e-01  9.09879962e-01  9.07765068e-01
  9.06972182e-01  9.05387789e-01  9.02984975e-01  9.02884773e-01
  9.01912605e-01  9.00803162e-01  8.99022888e-01  8.97781682e-01
  8.97722751e-01  8.97565832e-01  8.96876886e-01  8.94894500e-01
  8.93821150e-01  8.92727043e-01  8.86717924e-01  8.85782115e-01
  8.84536021e-01  8.80407682e-01  8.80109729e-01  8.79614902e-01
  8.78270298e-01  8.77564409e-01  8.74475670e-01  8.73782609e-01
  8.72546165e-01  8.70842949e-01  8.65690088e-01  8.63804732e-01
  8.62075144e-01  8.61964330e-01  8.61190712e-01  8.58399778e-01
  8.57769434e-01  8.56603109e-01  8.54761226e-01  8.50278127e-01
  8.48702813e-01  8.47410568e-01  8.47085446e-01  8.44772658e-01
  8.39822548e-01  8.39320797e-01  8.38730656e-01  8.37826112e-01
  8.37588986e-01  8.37450903e-01  8.34629313e-01  8.29626509e-01
  8.28963808e-01  8.27652484e-01  8.27385596e-01  8.26390284e-01
  8.26384731e-01  8.26130573e-01  8.25505368e-01  8.24350146e-01
  8.22181055e-01  8.21664634e-01  8.17375355e-01  8.16782802e-01
  8.14628578e-01  8.11762678e-01  8.07453343e-01  8.06576763e-01
  8.04051736e-01  7.99943352e-01  7.99028403e-01  7.94997990e-01
  7.92172609e-01  7.88719199e-01  7.81347542e-01  7.79723110e-01
  7.79510670e-01  7.79388716e-01  7.73484820e-01  7.72698628e-01
  7.72686057e-01  7.71555449e-01  7.69917562e-01  7.69890684e-01
  7.65435367e-01  7.65245615e-01  7.64608173e-01  7.63863398e-01
  7.60234932e-01  7.59932526e-01  7.59063702e-01  7.57612148e-01
  7.56148802e-01  7.55066912e-01  7.52475313e-01  7.46123915e-01
  7.40602763e-01  7.27238432e-01  7.22287048e-01  7.20320052e-01
  7.19512614e-01  7.11871392e-01  7.09726581e-01  7.08608856e-01
  7.02083586e-01  6.97553254e-01  6.90834687e-01  6.90401912e-01
  6.82349600e-01  6.79674698e-01  6.70822308e-01  6.66711563e-01
  6.66560588e-01  6.62700234e-01  6.57681303e-01  6.51523403e-01
  6.50496839e-01  6.48310044e-01  6.33614440e-01  6.33556368e-01
  6.22484680e-01  6.20521364e-01  6.16867743e-01  6.15164436e-01
  6.04437926e-01  6.03503338e-01  6.01975341e-01  5.98506114e-01
  5.98335107e-01  5.96960480e-01  5.92821494e-01  5.87601093e-01
  5.86537530e-01  5.83080466e-01  5.81547065e-01  5.79707861e-01
  5.78379358e-01  5.77113758e-01  5.73698974e-01  5.72365224e-01
  5.70734744e-01  5.68392628e-01  5.65880464e-01  5.62460332e-01
  5.55099002e-01  5.48744753e-01  5.39985942e-01  5.39588578e-01
  5.36973112e-01  5.27795916e-01  5.27213869e-01  5.26513085e-01
  5.25131192e-01  5.25079115e-01  5.24393236e-01  5.11259934e-01
  5.10442264e-01  5.09083489e-01  5.04036387e-01  5.01440010e-01
  4.99899081e-01  4.99507500e-01  4.96762652e-01  4.96314687e-01
  4.93152220e-01  4.76262242e-01  4.70406482e-01  4.69839044e-01
  4.68225393e-01  4.64383684e-01  4.46963239e-01  4.44801228e-01
  4.38172216e-01  4.35232962e-01  4.22871066e-01  4.22474966e-01
  4.15178764e-01  4.12838281e-01  4.08491312e-01  4.05798149e-01
  3.98520511e-01  3.93568241e-01  3.81402617e-01  3.77282587e-01
  3.71755329e-01  3.60019153e-01  3.48499070e-01  3.39036371e-01
  3.33376696e-01  3.29803026e-01  3.16098714e-01  3.15996096e-01
  3.15041833e-01  3.06173505e-01  3.04696579e-01  2.84685228e-01
  2.42901006e-01  2.36611075e-01  2.31098665e-01  2.26791037e-01
  2.24295833e-01  2.14492560e-01  2.09460204e-01  1.88717528e-01
  1.87804934e-01  1.46681801e-01  1.27062801e-01  1.16083402e-01
  1.13645522e-01  9.02809057e-02  8.24437738e-02  6.27446746e-02
  5.83317706e-02  4.80141348e-02 -9.62369742e-03 -3.34337844e-02
 -4.09725454e-02 -4.99183704e-02 -5.37492989e-02 -5.51277100e-02
 -7.47914283e-02 -9.47820748e-02 -9.73838705e-02 -1.39798987e-01
 -1.62788853e-01 -1.65563294e-01 -1.86483945e-01 -1.90898579e-01
 -2.25805589e-01 -3.74707623e-01 -3.78787015e-01 -3.87609749e-01
 -4.02657359e-01 -4.37069067e-01 -4.40210740e-01 -4.61571586e-01
 -4.98192484e-01 -5.27187812e-01 -5.27294975e-01 -5.27560327e-01
 -5.62932011e-01 -5.92570649e-01 -6.09041025e-01 -6.31986106e-01
 -6.55223339e-01 -7.08340222e-01 -7.42527756e-01 -7.43182506e-01
 -7.60486564e-01 -7.63221876e-01 -7.67762646e-01 -7.76829116e-01
 -8.09497788e-01 -8.43709708e-01 -9.32219159e-01 -9.41813592e-01
 -9.46362402e-01 -1.03540821e+00 -1.06152159e+00 -1.11912554e+00
 -1.14946751e+00 -1.15848545e+00 -1.21679110e+00 -1.22695322e+00
 -1.23933515e+00 -1.27321192e+00 -1.28001562e+00 -1.34520458e+00
 -1.37410266e+00 -1.43289198e+00 -1.53457314e+00 -1.64504892e+00
 -1.70707510e+00 -2.36444143e+00 -2.50832502e+00 -2.57254567e+00
 -2.63222546e+00 -2.76191945e+00 -2.85352705e+00 -3.01281507e+00
 -3.03172907e+00 -3.06117532e+00 -3.50022186e+00 -3.66618470e+00
 -3.82499843e+00 -3.83357934e+00 -4.27528097e+00 -4.36455950e+00
 -4.87146161e+00 -5.58637561e+00 -5.76193491e+00 -5.81778723e+00
 -5.97603998e+00 -6.01037176e+00 -6.38797358e+00 -7.76503887e+00
 -8.93702629e+00 -9.68010344e+00 -1.07681753e+01 -1.88858639e+01]