0.00000000e+00
9.73709834e-04
1.94741967e-03
1.94741967e-03
5.84225901e-03
5.84225901e-03
6.81596884e-03
6.81596884e-03
8.76338851e-03
8.76338851e-03
1.16845180e-02
1.16845180e-02
1.26582278e-02
1.26582278e-02
1.36319377e-02
1.36319377e-02
1.46056475e-02
1.46056475e-02
1.55793574e-02
1.55793574e-02
1.85004869e-02
1.85004869e-02
2.14216164e-02
2.14216164e-02
2.33690360e-02
2.33690360e-02
2.82375852e-02
2.82375852e-02
3.01850049e-02
3.01850049e-02
3.21324245e-02
3.21324245e-02
3.40798442e-02
3.40798442e-02
4.08958130e-02
4.08958130e-02
4.47906524e-02
4.47906524e-02
4.57643622e-02
4.57643622e-02
4.96592016e-02
4.96592016e-02
5.25803311e-02
5.25803311e-02
5.55014606e-02
5.55014606e-02
6.42648491e-02
6.42648491e-02
6.71859786e-02
6.71859786e-02
7.20545278e-02
7.20545278e-02
7.30282376e-02
7.30282376e-02
7.40019474e-02
7.40019474e-02
7.69230769e-02
7.69230769e-02
7.88704966e-02
7.88704966e-02
8.08179163e-02
8.08179163e-02
9.05550146e-02
9.05550146e-02
9.25024343e-02
9.25024343e-02
9.34761441e-02
9.34761441e-02
9.54235638e-02
9.54235638e-02
9.63972736e-02
9.63972736e-02
9.73709834e-02
9.73709834e-02
1.01265823e-01
1.01265823e-01
1.02239533e-01
1.02239533e-01
1.03213242e-01
1.03213242e-01
1.04186952e-01
1.04186952e-01
1.05160662e-01
1.05160662e-01
1.06134372e-01
1.06134372e-01
1.07108082e-01
1.07108082e-01
1.08081792e-01
1.08081792e-01
1.14897760e-01
1.14897760e-01
1.23661149e-01
1.23661149e-01
1.24634859e-01
1.24634859e-01
1.27555988e-01
1.27555988e-01
1.28529698e-01
1.28529698e-01
1.32424537e-01
1.32424537e-01
1.34371957e-01
1.34371957e-01
1.35345667e-01
1.35345667e-01
1.40214216e-01
1.40214216e-01
1.41187926e-01
1.41187926e-01
1.42161636e-01
1.42161636e-01
1.43135346e-01
1.43135346e-01
1.44109056e-01
1.44109056e-01
1.47030185e-01
1.47030185e-01
1.49951315e-01
1.49951315e-01
1.51898734e-01
1.51898734e-01
1.52872444e-01
1.52872444e-01
1.53846154e-01
1.53846154e-01
1.54819864e-01
1.54819864e-01
1.60662123e-01
1.60662123e-01
1.64556962e-01
1.64556962e-01
1.69425511e-01
1.69425511e-01
1.71372931e-01
1.71372931e-01
1.73320351e-01
1.73320351e-01
1.75267770e-01
1.75267770e-01
1.78188900e-01
1.78188900e-01
1.83057449e-01
1.83057449e-01
1.86952288e-01
1.86952288e-01
1.87925998e-01
1.87925998e-01
1.88899708e-01
1.88899708e-01
1.90847128e-01
1.90847128e-01
1.92794547e-01
1.92794547e-01
2.03505355e-01
2.03505355e-01
2.06426485e-01
2.06426485e-01
2.13242454e-01
2.13242454e-01
2.16163583e-01
2.16163583e-01
2.17137293e-01
2.17137293e-01
2.18111003e-01
2.18111003e-01
2.24926972e-01
2.24926972e-01
2.25900682e-01
2.25900682e-01
2.26874391e-01
2.26874391e-01
2.27848101e-01
2.27848101e-01
2.30769231e-01
2.30769231e-01
2.31742941e-01
2.31742941e-01
2.32716650e-01
2.32716650e-01
2.33690360e-01
2.33690360e-01
2.35637780e-01
2.35637780e-01
2.36611490e-01
2.36611490e-01
2.49269718e-01
2.49269718e-01
2.52190847e-01
2.52190847e-01
2.56085686e-01
2.56085686e-01
2.61927945e-01
2.61927945e-01
2.63875365e-01
2.63875365e-01
2.69717624e-01
2.69717624e-01
2.71665044e-01
2.71665044e-01
2.74586173e-01
2.74586173e-01
2.77507303e-01
2.77507303e-01
2.79454722e-01
2.79454722e-01
2.81402142e-01
2.81402142e-01
2.85296981e-01
2.85296981e-01
2.88218111e-01
2.88218111e-01
2.92112950e-01
2.92112950e-01
2.93086660e-01
2.93086660e-01
2.94060370e-01
2.94060370e-01
2.95034080e-01
2.95034080e-01
2.96007790e-01
2.96007790e-01
2.96981500e-01
2.96981500e-01
2.99902629e-01
2.99902629e-01
3.00876339e-01
3.00876339e-01
3.02823759e-01
3.02823759e-01
3.08666018e-01
3.08666018e-01
3.10613437e-01
3.10613437e-01
3.11587147e-01
3.11587147e-01
3.14508277e-01
3.14508277e-01
3.15481986e-01
3.15481986e-01
3.19376826e-01
3.19376826e-01
3.21324245e-01
3.21324245e-01
3.22297955e-01
3.22297955e-01
3.24245375e-01
3.24245375e-01
3.26192795e-01
3.26192795e-01
3.28140214e-01
3.28140214e-01
3.30087634e-01
3.30087634e-01
3.34956183e-01
3.34956183e-01
3.35929893e-01
3.35929893e-01
3.39824732e-01
3.39824732e-01
3.45666991e-01
3.45666991e-01
3.48588121e-01
3.48588121e-01
3.54430380e-01
3.54430380e-01
3.57351509e-01
3.57351509e-01
3.59298929e-01
3.59298929e-01
3.63193768e-01
3.63193768e-01
3.64167478e-01
3.64167478e-01
3.69036027e-01
3.69036027e-01
3.71957157e-01
3.71957157e-01
3.75851996e-01
3.75851996e-01
3.76825706e-01
3.76825706e-01
3.80720545e-01
3.80720545e-01
3.82667965e-01
3.82667965e-01
3.86562804e-01
3.86562804e-01
3.87536514e-01
3.87536514e-01
3.92405063e-01
3.92405063e-01
3.95326193e-01
3.95326193e-01
3.98247322e-01
3.98247322e-01
3.99221032e-01
3.99221032e-01
4.01168452e-01
4.01168452e-01
4.02142162e-01
4.02142162e-01
4.07984421e-01
4.07984421e-01
4.10905550e-01
4.10905550e-01
4.11879260e-01
4.11879260e-01
4.12852970e-01
4.12852970e-01
4.14800389e-01
4.14800389e-01
4.15774099e-01
4.15774099e-01
4.16747809e-01
4.16747809e-01
4.18695229e-01
4.18695229e-01
4.19668939e-01
4.19668939e-01
4.24537488e-01
4.24537488e-01
4.25511198e-01
4.25511198e-01
4.27458617e-01
4.27458617e-01
4.30379747e-01
4.30379747e-01
4.31353457e-01
4.31353457e-01
4.33300876e-01
4.33300876e-01
4.36222006e-01
4.36222006e-01
4.42064265e-01
4.42064265e-01
4.43037975e-01
4.43037975e-01
4.44985394e-01
4.44985394e-01
4.45959104e-01
4.45959104e-01
4.47906524e-01
4.47906524e-01
4.48880234e-01
4.48880234e-01
4.50827653e-01
4.50827653e-01
4.51801363e-01
4.51801363e-01
4.59591042e-01
4.59591042e-01
4.60564752e-01
4.60564752e-01
4.63485881e-01
4.63485881e-01
4.64459591e-01
4.64459591e-01
4.70301850e-01
4.70301850e-01
4.71275560e-01
4.71275560e-01
4.72249270e-01
4.72249270e-01
4.73222980e-01
4.73222980e-01
4.77117819e-01
4.77117819e-01
4.80038948e-01
4.80038948e-01
4.81986368e-01
4.81986368e-01
4.82960078e-01
4.82960078e-01
4.87828627e-01
4.87828627e-01
4.88802337e-01
4.88802337e-01
4.89776047e-01
4.89776047e-01
4.94644596e-01
4.94644596e-01
4.95618306e-01
4.95618306e-01
4.98539435e-01
4.98539435e-01
5.01460565e-01
5.01460565e-01
5.02434275e-01
5.02434275e-01
5.03407984e-01
5.03407984e-01
5.05355404e-01
5.05355404e-01
5.07302824e-01
5.07302824e-01
5.10223953e-01
5.10223953e-01
5.11197663e-01
5.11197663e-01
5.13145083e-01
5.13145083e-01
5.15092502e-01
5.15092502e-01
5.16066212e-01
5.16066212e-01
5.18987342e-01
5.18987342e-01
5.21908471e-01
5.21908471e-01
5.22882181e-01
5.22882181e-01
5.23855891e-01
5.23855891e-01
5.27750730e-01
5.27750730e-01
5.28724440e-01
5.28724440e-01
5.29698150e-01
5.29698150e-01
5.33592989e-01
5.33592989e-01
5.34566699e-01
5.34566699e-01
5.35540409e-01
5.35540409e-01
5.36514119e-01
5.36514119e-01
5.37487829e-01
5.37487829e-01
5.43330088e-01
5.43330088e-01
5.44303797e-01
5.44303797e-01
5.45277507e-01
5.45277507e-01
5.46251217e-01
5.46251217e-01
5.49172347e-01
5.49172347e-01
5.51119766e-01
5.51119766e-01
5.55988315e-01
5.55988315e-01
5.57935735e-01
5.57935735e-01
5.59883155e-01
5.59883155e-01
5.60856865e-01
5.60856865e-01
5.62804284e-01
5.62804284e-01
5.68646543e-01
5.68646543e-01
5.69620253e-01
5.69620253e-01
5.72541383e-01
5.72541383e-01
5.75462512e-01
5.75462512e-01
5.76436222e-01
5.76436222e-01
5.77409932e-01
5.77409932e-01
5.78383642e-01
5.78383642e-01
5.79357352e-01
5.79357352e-01
5.81304771e-01
5.81304771e-01
5.82278481e-01
5.82278481e-01
5.84225901e-01
5.84225901e-01
5.86173320e-01
5.86173320e-01
5.87147030e-01
5.87147030e-01
5.92015579e-01
5.92015579e-01
5.94936709e-01
5.94936709e-01
5.97857838e-01
5.97857838e-01
5.99805258e-01
5.99805258e-01
6.01752678e-01
6.01752678e-01
6.05647517e-01
6.05647517e-01
6.06621227e-01
6.06621227e-01
6.08568647e-01
6.08568647e-01
6.09542356e-01
6.09542356e-01
6.11489776e-01
6.11489776e-01
6.13437196e-01
6.13437196e-01
6.16358325e-01
6.16358325e-01
6.19279455e-01
6.19279455e-01
6.23174294e-01
6.23174294e-01
6.25121714e-01
6.25121714e-01
6.26095424e-01
6.26095424e-01
6.27069133e-01
6.27069133e-01
6.28042843e-01
6.28042843e-01
6.29016553e-01
6.29016553e-01
6.29990263e-01
6.29990263e-01
6.31937683e-01
6.31937683e-01
6.32911392e-01
6.32911392e-01
6.35832522e-01
6.35832522e-01
6.37779942e-01
6.37779942e-01
6.40701071e-01
6.40701071e-01
6.42648491e-01
6.42648491e-01
6.43622201e-01
6.43622201e-01
6.44595910e-01
6.44595910e-01
6.45569620e-01
6.45569620e-01
6.47517040e-01
6.47517040e-01
6.48490750e-01
6.48490750e-01
6.49464460e-01
6.49464460e-01
6.51411879e-01
6.51411879e-01
6.54333009e-01
6.54333009e-01
6.57254138e-01
6.57254138e-01
6.59201558e-01
6.59201558e-01
6.60175268e-01
6.60175268e-01
6.61148978e-01
6.61148978e-01
6.62122687e-01
6.62122687e-01
6.64070107e-01
6.64070107e-01
6.66991237e-01
6.66991237e-01
6.69912366e-01
6.69912366e-01
6.70886076e-01
6.70886076e-01
6.72833496e-01
6.72833496e-01
6.73807205e-01
6.73807205e-01
6.74780915e-01
6.74780915e-01
6.77702045e-01
6.77702045e-01
6.78675755e-01
6.78675755e-01
6.79649464e-01
6.79649464e-01
6.81596884e-01
6.81596884e-01
6.82570594e-01
6.82570594e-01
6.85491723e-01
6.85491723e-01
6.86465433e-01
6.86465433e-01
6.87439143e-01
6.87439143e-01
6.91333982e-01
6.91333982e-01
6.97176241e-01
6.97176241e-01
6.99123661e-01
6.99123661e-01
7.00097371e-01
7.00097371e-01
7.02044791e-01
7.02044791e-01
7.04965920e-01
7.04965920e-01
7.05939630e-01
7.05939630e-01
7.07887050e-01
7.07887050e-01
7.08860759e-01
7.08860759e-01
7.09834469e-01
7.09834469e-01
7.11781889e-01
7.11781889e-01
7.13729309e-01
7.13729309e-01
7.14703019e-01
7.14703019e-01
7.15676728e-01
7.15676728e-01
7.21518987e-01
7.21518987e-01
7.23466407e-01
7.23466407e-01
7.24440117e-01
7.24440117e-01
7.26387537e-01
7.26387537e-01
7.28334956e-01
7.28334956e-01
7.30282376e-01
7.30282376e-01
7.31256086e-01
7.31256086e-01
7.32229796e-01
7.32229796e-01
7.34177215e-01
7.34177215e-01
7.35150925e-01
7.35150925e-01
7.37098345e-01
7.37098345e-01
7.39045764e-01
7.39045764e-01
7.40019474e-01
7.40019474e-01
7.40993184e-01
7.40993184e-01
7.41966894e-01
7.41966894e-01
7.44888023e-01
7.44888023e-01
7.45861733e-01
7.45861733e-01
7.46835443e-01
7.46835443e-01
7.47809153e-01
7.47809153e-01
7.48782863e-01
7.48782863e-01
7.49756573e-01
7.49756573e-01
7.54625122e-01
7.54625122e-01
7.56572541e-01
7.56572541e-01
7.58519961e-01
7.58519961e-01
7.60467381e-01
7.60467381e-01
7.61441091e-01
7.61441091e-01
7.62414800e-01
7.62414800e-01
7.66309640e-01
7.66309640e-01
7.68257059e-01
7.68257059e-01
7.69230769e-01
7.69230769e-01
7.70204479e-01
7.70204479e-01
7.72151899e-01
7.72151899e-01
7.76046738e-01
7.76046738e-01
7.77020448e-01
7.77020448e-01
7.77994158e-01
7.77994158e-01
7.81888997e-01
7.81888997e-01
7.82862707e-01
7.82862707e-01
7.83836417e-01
7.83836417e-01
7.87731256e-01
7.87731256e-01
7.94547225e-01
7.94547225e-01
7.95520935e-01
7.95520935e-01
7.98442064e-01
7.98442064e-01
8.00389484e-01
8.00389484e-01
8.01363194e-01
8.01363194e-01
8.04284323e-01
8.04284323e-01
8.07205453e-01
8.07205453e-01
8.12074002e-01
8.12074002e-01
8.13047712e-01
8.13047712e-01
8.14021422e-01
8.14021422e-01
8.14995131e-01
8.14995131e-01
8.15968841e-01
8.15968841e-01
8.18889971e-01
8.18889971e-01
8.19863681e-01
8.19863681e-01
8.21811100e-01
8.21811100e-01
8.22784810e-01
8.22784810e-01
8.23758520e-01
8.23758520e-01
8.24732230e-01
8.24732230e-01
8.25705940e-01
8.25705940e-01
8.27653359e-01
8.27653359e-01
8.29600779e-01
8.29600779e-01
8.32521908e-01
8.32521908e-01
8.34469328e-01
8.34469328e-01
8.35443038e-01
8.35443038e-01
8.36416748e-01
8.36416748e-01
8.37390458e-01
8.37390458e-01
8.39337877e-01
8.39337877e-01
8.41285297e-01
8.41285297e-01
8.45180136e-01
8.45180136e-01
8.47127556e-01
8.47127556e-01
8.48101266e-01
8.48101266e-01
8.50048685e-01
8.50048685e-01
8.51996105e-01
8.51996105e-01
8.53943525e-01
8.53943525e-01
8.55890944e-01
8.55890944e-01
8.56864654e-01
8.56864654e-01
8.59785784e-01
8.59785784e-01
8.60759494e-01
8.60759494e-01
8.63680623e-01
8.63680623e-01
8.64654333e-01
8.64654333e-01
8.65628043e-01
8.65628043e-01
8.66601753e-01
8.66601753e-01
8.67575463e-01
8.67575463e-01
8.68549172e-01
8.68549172e-01
8.69522882e-01
8.69522882e-01
8.70496592e-01
8.70496592e-01
8.72444012e-01
8.72444012e-01
8.73417722e-01
8.73417722e-01
8.78286271e-01
8.78286271e-01
8.81207400e-01
8.81207400e-01
8.82181110e-01
8.82181110e-01
8.87049659e-01
8.87049659e-01
8.88997079e-01
8.88997079e-01
8.91918208e-01
8.91918208e-01
8.92891918e-01
8.92891918e-01
8.93865628e-01
8.93865628e-01
8.94839338e-01
8.94839338e-01
8.96786758e-01
8.96786758e-01
8.98734177e-01
8.98734177e-01
8.99707887e-01
8.99707887e-01
9.00681597e-01
9.00681597e-01
9.01655307e-01
9.01655307e-01
9.02629017e-01
9.02629017e-01
9.04576436e-01
9.04576436e-01
9.05550146e-01
9.05550146e-01
9.06523856e-01
9.06523856e-01
9.07497566e-01
9.07497566e-01
9.09444985e-01
9.09444985e-01
9.10418695e-01
9.10418695e-01
9.12366115e-01
9.12366115e-01
9.14313535e-01
9.14313535e-01
9.15287244e-01
9.15287244e-01
9.16260954e-01
9.16260954e-01
9.17234664e-01
9.17234664e-01
9.18208374e-01
9.18208374e-01
9.19182084e-01
9.19182084e-01
9.20155794e-01
9.20155794e-01
9.21129503e-01
9.21129503e-01
9.22103213e-01
9.22103213e-01
9.23076923e-01
9.23076923e-01
9.26971762e-01
9.26971762e-01
9.27945472e-01
9.27945472e-01
9.28919182e-01
9.28919182e-01
9.29892892e-01
9.29892892e-01
9.30866602e-01
9.30866602e-01
9.35735151e-01
9.35735151e-01
9.36708861e-01
9.36708861e-01
9.37682571e-01
9.37682571e-01
9.38656280e-01
9.38656280e-01
9.39629990e-01
9.39629990e-01
9.41577410e-01
9.41577410e-01
9.42551120e-01
9.42551120e-01
9.43524830e-01
9.43524830e-01
9.45472249e-01
9.45472249e-01
9.46445959e-01
9.46445959e-01
9.47419669e-01
9.47419669e-01
9.48393379e-01
9.48393379e-01
9.49367089e-01
9.49367089e-01
9.51314508e-01
9.51314508e-01
9.52288218e-01
9.52288218e-01
9.53261928e-01
9.53261928e-01
9.54235638e-01
9.54235638e-01
9.55209348e-01
9.55209348e-01
9.57156767e-01
9.57156767e-01
9.58130477e-01
9.58130477e-01
9.63972736e-01
9.63972736e-01
9.65920156e-01
9.65920156e-01
9.66893866e-01
9.66893866e-01
9.67867575e-01
9.67867575e-01
9.68841285e-01
9.68841285e-01
9.70788705e-01
9.70788705e-01
9.71762415e-01
9.71762415e-01
9.72736125e-01
9.72736125e-01
9.74683544e-01
9.74683544e-01
9.75657254e-01
9.75657254e-01
9.77604674e-01
9.77604674e-01
9.78578384e-01
9.78578384e-01
9.79552093e-01
9.79552093e-01
9.80525803e-01
9.80525803e-01
9.82473223e-01
9.82473223e-01
9.84420643e-01
9.84420643e-01
9.85394352e-01
9.85394352e-01
9.87341772e-01
9.87341772e-01
9.88315482e-01
9.88315482e-01
9.90262902e-01
9.90262902e-01
9.91236611e-01
9.91236611e-01
9.92210321e-01
9.92210321e-01
9.93184031e-01
9.93184031e-01
9.94157741e-01
9.94157741e-01
9.95131451e-01
9.95131451e-01
9.96105161e-01
9.96105161e-01
9.97078870e-01
9.97078870e-01
9.99026290e-01
9.99026290e-01
1.00000000e+00
