[ 2.30105312e+03  2.30005312e+03  1.64549439e+03  9.84838489e+02
  6.89009037e+02  5.92183700e+02  5.30549745e+02  3.39362596e+02
  3.36824442e+02  2.90362612e+02  2.81709440e+02  2.76027324e+02
  2.74476948e+02  2.67996516e+02  2.67983977e+02  2.54735958e+02
  2.52137045e+02  2.51396801e+02  2.40254560e+02  2.26942259e+02
  1.85012595e+02  1.76889974e+02  1.68271976e+02  1.60738406e+02
  1.56365915e+02  1.54497139e+02  1.38255168e+02  1.30372576e+02
  1.13272268e+02  1.08524131e+02  1.07236340e+02  1.05418365e+02
  1.05060582e+02  1.01632792e+02  8.29733344e+01  7.99615746e+01
  7.97187911e+01  7.92833133e+01  7.88305218e+01  7.21708924e+01
  7.12083685e+01  7.08245759e+01  7.03184481e+01  6.95197906e+01
  6.89183722e+01  6.88018817e+01  6.74409708e+01  6.73741901e+01
  6.71461368e+01  6.43975629e+01  6.35783601e+01  6.20478649e+01
  6.14673381e+01  6.07516040e+01  5.88344958e+01  5.69106111e+01
  5.68173815e+01  5.50147819e+01  5.11627199e+01  5.02225993e+01
  4.91995219e+01  4.79657438e+01  4.75233725e+01  4.69554121e+01
  4.55701191e+01  4.06856068e+01  4.06143029e+01  3.90681844e+01
  3.88285598e+01  3.88163125e+01  3.81013187e+01  3.25277586e+01
  3.07151665e+01  3.01521523e+01  2.99484177e+01  2.99327066e+01
  2.97689147e+01  2.90542521e+01  2.77945695e+01  2.77796951e+01
  2.76635746e+01  2.72664722e+01  2.62810643e+01  2.55541369e+01
  2.51164273e+01  2.43829509e+01  2.42734399e+01  2.40663339e+01
  2.39010417e+01  2.30807209e+01  2.26379925e+01  2.16559153e+01
  2.13539757e+01  2.13093555e+01  2.10669331e+01  2.07558680e+01
  2.02101647e+01  1.98099966e+01  1.94986202e+01  1.89326221e+01
  1.80806617e+01  1.78662750e+01  1.75892781e+01  1.74675580e+01
  1.73759796e+01  1.72405587e+01  1.71474789e+01  1.68517449e+01
  1.64874318e+01  1.62536086e+01  1.52749431e+01  1.45130837e+01
  1.39846906e+01  1.39317164e+01  1.34923770e+01  1.33275294e+01
  1.32497045e+01  1.32173466e+01  1.30766586e+01  1.28033674e+01
  1.27948521e+01  1.25257969e+01  1.25254406e+01  1.20734318e+01
  1.18647359e+01  1.15416165e+01  1.10402930e+01  1.09956460e+01
  1.08844809e+01  1.08762449e+01  1.07592219e+01  1.07321527e+01
  1.05363962e+01  1.03838795e+01  9.95137985e+00  9.78286161e+00
  9.75234514e+00  9.69548288e+00  9.55789917e+00  8.91616863e+00
  8.59837272e+00  8.51135957e+00  8.33473416e+00  8.25410864e+00
  7.98025307e+00  7.91350168e+00  7.60957958e+00  7.58351495e+00
  7.39579663e+00  7.32535846e+00  7.19330370e+00  7.18652417e+00
  7.08790034e+00  7.05982667e+00  6.74972835e+00  6.50546128e+00
  6.48085203e+00  6.46311543e+00  6.31681275e+00  6.21770137e+00
  6.19135544e+00  6.06391241e+00  6.02440569e+00  5.97601788e+00
  5.93883398e+00  5.88304831e+00  5.80871663e+00  5.60185043e+00
  5.47104483e+00  5.34112582e+00  5.16304302e+00  5.13260619e+00
  5.05279927e+00  4.82228282e+00  4.81330331e+00  4.60960724e+00
  4.51604060e+00  4.47587120e+00  4.35088300e+00  4.33697167e+00
  4.14009086e+00  4.08081241e+00  4.05603122e+00  4.01474072e+00
  3.95989743e+00  3.94979504e+00  3.85108967e+00  3.83755191e+00
  3.78643837e+00  3.75756934e+00  3.75371614e+00  3.75316179e+00
  3.74324248e+00  3.69042954e+00  3.67953691e+00  3.48762312e+00
  3.26676283e+00  3.23407346e+00  2.98518673e+00  2.91142940e+00
  2.86941443e+00  2.84141035e+00  2.82650932e+00  2.80432096e+00
  2.69598184e+00  2.67589740e+00  2.67275590e+00  2.65782113e+00
  2.41307236e+00  2.38533911e+00  2.36356491e+00  2.35545684e+00
  2.32977004e+00  2.31243491e+00  2.22028888e+00  2.19186280e+00
  2.18140766e+00  2.05467314e+00  2.00433176e+00  1.97738347e+00
  1.92654191e+00  1.72083224e+00  1.47498463e+00  1.45408686e+00
  1.42869411e+00  1.40896720e+00  1.37133483e+00  1.35271093e+00
  1.27297726e+00  1.26503308e+00  1.25429966e+00  1.19663281e+00
  1.18518769e+00  1.14619409e+00  1.12104380e+00  1.06618129e+00
  1.03029521e+00  1.00597390e+00  9.88752659e-01  9.76506417e-01
  9.50969364e-01  9.29567134e-01  9.04813060e-01  8.99166216e-01
  8.78201383e-01  8.72950801e-01  8.51942901e-01  8.39056596e-01
  8.34162648e-01  8.22711208e-01  8.00301313e-01  7.94182834e-01
  7.87384469e-01  7.74753551e-01  7.58873484e-01  7.54817093e-01
  7.40430324e-01  7.38048235e-01  7.37325343e-01  7.33601556e-01
  7.22752525e-01  7.14545445e-01  6.91949628e-01  6.80506911e-01
  6.58030153e-01  6.52781386e-01  6.43585871e-01  6.38653467e-01
  6.31417284e-01  6.29805713e-01  6.29115791e-01  6.23124656e-01
  5.71909978e-01  5.51518681e-01  5.23486764e-01  5.18095015e-01
  5.05926377e-01  4.91810205e-01  4.41940303e-01  4.13241797e-01
  3.90417906e-01  3.61110175e-01  3.58353291e-01  3.57268816e-01
  3.32841528e-01  3.06837112e-01  3.04298941e-01  2.93921469e-01
  2.91182973e-01  2.67297610e-01  1.88032082e-01  1.86597915e-01
  1.40814990e-01  1.17244916e-01  9.21902581e-02  3.98293171e-02
  2.39990312e-02 -4.39790640e-03 -3.36150622e-02 -8.69636452e-02
 -1.30584192e-01 -1.45319157e-01 -1.63783341e-01 -1.83734860e-01
 -2.53294643e-01 -2.96714618e-01 -3.39835453e-01 -4.02368681e-01
 -4.26668107e-01 -4.26963454e-01 -4.32635175e-01 -4.53108575e-01
 -4.63532892e-01 -4.89624624e-01 -5.45677941e-01 -5.57702778e-01
 -6.02347397e-01 -6.55785832e-01 -6.91673880e-01 -7.75577989e-01
 -9.23574173e-01 -9.34892538e-01 -9.70571383e-01 -9.76030131e-01
 -9.97572763e-01 -1.01280832e+00 -1.05888667e+00 -1.08847366e+00
 -1.09347056e+00 -1.19616070e+00 -1.20001051e+00 -1.29187785e+00
 -1.32061367e+00 -1.32443216e+00 -1.36062135e+00 -1.53147950e+00
 -1.61983198e+00 -1.62100487e+00 -1.66980119e+00 -1.67646522e+00
 -1.68328460e+00 -1.71074130e+00 -1.78910345e+00 -1.79454457e+00
 -1.80132660e+00 -1.84578530e+00 -1.95022391e+00 -1.98273543e+00
 -2.17465781e+00 -2.19232413e+00 -2.29572622e+00 -2.34804878e+00
 -2.60023771e+00 -2.73250891e+00 -2.82539757e+00 -2.84158548e+00
 -2.91674760e+00 -3.03110248e+00 -3.22387746e+00 -3.26880910e+00
 -3.32498456e+00 -3.32721129e+00 -3.33503251e+00 -3.48337390e+00
 -3.49602240e+00 -3.55919730e+00 -3.58608890e+00 -3.70324305e+00
 -3.71998578e+00 -3.78896380e+00 -3.89176607e+00 -3.92951457e+00
 -3.96107646e+00 -4.15437364e+00 -4.41195233e+00 -4.42455358e+00
 -4.43000415e+00 -4.47239025e+00 -4.63719145e+00 -4.73614557e+00
 -5.06688220e+00 -5.13622607e+00 -5.22989787e+00 -5.26870058e+00
 -5.38491252e+00 -5.41710266e+00 -5.52135512e+00 -5.91074399e+00
 -6.12738074e+00 -6.22623087e+00 -6.26597369e+00 -6.30113473e+00
 -6.35192676e+00 -6.41357632e+00 -6.42776924e+00 -6.47591162e+00
 -6.53435159e+00 -6.56796146e+00 -6.59725757e+00 -6.77415539e+00
 -7.36363345e+00 -7.50995120e+00 -7.63538957e+00 -7.67947407e+00
 -7.73403723e+00 -7.76992043e+00 -8.13423123e+00 -8.27690946e+00
 -8.32312160e+00 -8.33393195e+00 -8.44130845e+00 -8.57985338e+00
 -8.60801986e+00 -8.69981300e+00 -8.77502979e+00 -8.94463457e+00
 -9.11753501e+00 -9.12577338e+00 -9.23364081e+00 -9.56465525e+00
 -9.65998940e+00 -1.00921934e+01 -1.01103425e+01 -1.10609292e+01
 -1.11996108e+01 -1.14510441e+01 -1.17864332e+01 -1.18860379e+01
 -1.24003472e+01 -1.24126217e+01 -1.27544301e+01 -1.30735360e+01
 -1.32211672e+01 -1.32426707e+01 -1.35061403e+01 -1.43101870e+01
 -1.43434750e+01 -1.44139760e+01 -1.47537663e+01 -1.47879895e+01
 -1.48030140e+01 -1.48111887e+01 -1.52718411e+01 -1.55848527e+01
 -1.58080276e+01 -1.58617740e+01 -1.61227101e+01 -1.63716585e+01
 -1.76136082e+01 -1.76149263e+01 -1.78971504e+01 -1.85518604e+01
 -1.85568437e+01 -1.87360565e+01 -1.87714259e+01 -1.92690833e+01
 -1.93515355e+01 -1.98395373e+01 -2.02900576e+01 -2.04701074e+01
 -2.08623453e+01 -2.14737208e+01 -2.23774479e+01 -2.25205228e+01
 -2.31124732e+01 -2.34390038e+01 -2.36089106e+01 -2.42541004e+01
 -2.44583676e+01 -2.49703148e+01 -2.52283188e+01 -2.55950961e+01
 -2.78908365e+01 -2.79181693e+01 -2.79231189e+01 -2.82147685e+01
 -2.87016889e+01 -2.90609423e+01 -2.92862297e+01 -3.22190698e+01
 -3.56402534e+01 -3.57316601e+01 -3.77277572e+01 -3.88029230e+01
 -4.39983480e+01 -4.45030387e+01 -4.55796182e+01 -4.66791294e+01
 -4.83320825e+01 -5.35898795e+01 -5.43042716e+01 -5.85764580e+01
 -5.86165441e+01 -5.91252281e+01 -6.19392682e+01 -6.31441100e+01
 -6.69222811e+01 -6.90992798e+01 -7.20877942e+01 -7.51466814e+01
 -7.55671942e+01 -7.57053831e+01 -7.65842254e+01 -7.72781947e+01
 -7.75722753e+01 -8.01611046e+01 -8.17011251e+01 -9.38693276e+01
 -9.57450773e+01 -9.92754304e+01 -1.00843432e+02 -1.03909491e+02
 -1.07472157e+02 -1.08163606e+02 -1.09410909e+02 -1.11333582e+02
 -1.15032232e+02 -1.19724802e+02 -1.31886213e+02 -1.46240644e+02
 -1.46702768e+02 -1.54580609e+02 -1.81128400e+02 -1.88419510e+02
 -2.36430289e+02 -2.48156177e+02 -2.53964871e+02 -2.55382430e+02
 -2.77864159e+02 -2.86079493e+02 -5.20237037e+02 -1.36794555e+03]