[0.         0.00185185 0.0037037  0.0037037  0.00555556 0.00555556
 0.00925926 0.00925926 0.01481481 0.01481481 0.01666667 0.01666667
 0.02407407 0.02407407 0.02592593 0.02592593 0.02962963 0.02962963
 0.03333333 0.03333333 0.03888889 0.03888889 0.04074074 0.04074074
 0.0537037  0.0537037  0.05740741 0.05740741 0.06296296 0.06296296
 0.07037037 0.07037037 0.07407407 0.07407407 0.07592593 0.07592593
 0.07777778 0.07777778 0.08333333 0.08333333 0.08518519 0.08518519
 0.08703704 0.08703704 0.08888889 0.08888889 0.09259259 0.09259259
 0.09444444 0.09444444 0.0962963  0.0962963  0.1        0.1
 0.10185185 0.10185185 0.11111111 0.11111111 0.11481481 0.11481481
 0.11666667 0.11666667 0.12222222 0.12222222 0.13333333 0.13333333
 0.15185185 0.15185185 0.15740741 0.15740741 0.15925926 0.15925926
 0.17777778 0.17777778 0.18148148 0.18148148 0.18333333 0.18333333
 0.18703704 0.18703704 0.18888889 0.18888889 0.19074074 0.19074074
 0.1962963  0.1962963  0.2        0.2        0.20185185 0.20185185
 0.21111111 0.21111111 0.21296296 0.21296296 0.21481481 0.21481481
 0.22407407 0.22407407 0.22962963 0.22962963 0.23333333 0.23333333
 0.23888889 0.23888889 0.24074074 0.24074074 0.2462963  0.2462963
 0.24814815 0.24814815 0.25185185 0.25185185 0.25555556 0.25555556
 0.25925926 0.25925926 0.26481481 0.26481481 0.26666667 0.26666667
 0.27222222 0.27222222 0.27407407 0.27407407 0.27592593 0.27592593
 0.28888889 0.28888889 0.29444444 0.29444444 0.3        0.3
 0.30925926 0.30925926 0.31111111 0.31111111 0.31296296 0.31296296
 0.31666667 0.31666667 0.31851852 0.31851852 0.32407407 0.32407407
 0.32777778 0.32777778 0.32962963 0.32962963 0.33148148 0.33148148
 0.33703704 0.33703704 0.33888889 0.33888889 0.34074074 0.34074074
 0.3462963  0.3462963  0.34814815 0.34814815 0.35185185 0.35185185
 0.35740741 0.35740741 0.36111111 0.36111111 0.36666667 0.36666667
 0.36851852 0.36851852 0.37407407 0.37407407 0.37777778 0.37777778
 0.38518519 0.38518519 0.38888889 0.38888889 0.39074074 0.39074074
 0.3962963  0.3962963  0.4        0.4        0.40555556 0.40555556
 0.40740741 0.40740741 0.40925926 0.40925926 0.41111111 0.41111111
 0.41296296 0.41296296 0.41666667 0.41666667 0.41851852 0.41851852
 0.42222222 0.42222222 0.42407407 0.42407407 0.42777778 0.42777778
 0.43703704 0.43703704 0.43888889 0.43888889 0.4462963  0.4462963
 0.4537037  0.4537037  0.45740741 0.45740741 0.46481481 0.46481481
 0.46666667 0.46666667 0.47037037 0.47037037 0.47222222 0.47222222
 0.47962963 0.47962963 0.48518519 0.48518519 0.48703704 0.48703704
 0.49074074 0.49074074 0.4962963  0.4962963  0.49814815 0.49814815
 0.50185185 0.50185185 0.51111111 0.51111111 0.51296296 0.51296296
 0.51666667 0.51666667 0.52037037 0.52037037 0.52407407 0.52407407
 0.52592593 0.52592593 0.52777778 0.52777778 0.52962963 0.52962963
 0.53333333 0.53333333 0.53888889 0.53888889 0.54074074 0.54074074
 0.54444444 0.54444444 0.5462963  0.5462963  0.5537037  0.5537037
 0.56296296 0.56296296 0.56666667 0.56666667 0.57037037 0.57037037
 0.57407407 0.57407407 0.57777778 0.57777778 0.57962963 0.57962963
 0.58518519 0.58518519 0.58888889 0.58888889 0.60555556 0.60555556
 0.61666667 0.61666667 0.61851852 0.61851852 0.62407407 0.62407407
 0.62777778 0.62777778 0.62962963 0.62962963 0.63148148 0.63148148
 0.63703704 0.63703704 0.64259259 0.64259259 0.65       0.65
 0.65185185 0.65185185 0.6537037  0.6537037  0.66111111 0.66111111
 0.66481481 0.66481481 0.66666667 0.66666667 0.67592593 0.67592593
 0.67777778 0.67777778 0.68148148 0.68148148 0.68333333 0.68333333
 0.68703704 0.68703704 0.68888889 0.68888889 0.69074074 0.69074074
 0.69259259 0.69259259 0.70185185 0.70185185 0.70555556 0.70555556
 0.70925926 0.70925926 0.71296296 0.71296296 0.71481481 0.71481481
 0.72777778 0.72777778 0.72962963 0.72962963 0.73703704 0.73703704
 0.73888889 0.73888889 0.74259259 0.74259259 0.74444444 0.74444444
 0.7462963  0.7462963  0.74814815 0.74814815 0.75       0.75
 0.7537037  0.7537037  0.75740741 0.75740741 0.76296296 0.76296296
 0.76481481 0.76481481 0.76666667 0.76666667 0.77037037 0.77037037
 0.77222222 0.77222222 0.77407407 0.77407407 0.77592593 0.77592593
 0.78148148 0.78148148 0.78888889 0.78888889 0.79074074 0.79074074
 0.79259259 0.79259259 0.7962963  0.7962963  0.80185185 0.80185185
 0.8037037  0.8037037  0.80555556 0.80555556 0.80740741 0.80740741
 0.80925926 0.80925926 0.81666667 0.81666667 0.82037037 0.82037037
 0.82222222 0.82222222 0.82777778 0.82777778 0.83148148 0.83148148
 0.83333333 0.83333333 0.83703704 0.83703704 0.83888889 0.83888889
 0.84444444 0.84444444 0.85       0.85       0.86481481 0.86481481
 0.86851852 0.86851852 0.87592593 0.87592593 0.88703704 0.88703704
 0.88888889 0.88888889 0.89259259 0.89259259 0.9        0.9
 0.9037037  0.9037037  0.90555556 0.90555556 0.90740741 0.90740741
 0.90925926 0.90925926 0.91481481 0.91481481 0.91666667 0.91666667
 0.91851852 0.91851852 0.92222222 0.92222222 0.92592593 0.92592593
 0.92777778 0.92777778 0.92962963 0.92962963 0.93148148 0.93148148
 0.93333333 0.93333333 0.93518519 0.93518519 0.93888889 0.93888889
 0.94444444 0.94444444 0.94814815 0.94814815 0.95       0.95
 0.9537037  0.9537037  0.95740741 0.95740741 0.95925926 0.95925926
 0.96111111 0.96111111 0.96296296 0.96296296 0.96666667 0.96666667
 0.96851852 0.96851852 0.97037037 0.97037037 0.97222222 0.97222222
 0.97407407 0.97407407 0.97777778 0.97777778 0.97962963 0.97962963
 0.99444444 0.99444444 0.9962963  0.9962963  0.99814815 0.99814815
 1.        ]