[ 1.66444704e+03  1.66344704e+03  1.40725208e+03  1.34758287e+03
  6.87614533e+02  6.18943696e+02  5.54650090e+02  5.30783924e+02
  4.93687027e+02  4.27332551e+02  4.24833954e+02  2.82880621e+02
  2.81551329e+02  2.52862886e+02  2.46164672e+02  2.26998579e+02
  1.96108520e+02  1.95673776e+02  1.85540521e+02  1.78550207e+02
  1.73001454e+02  1.60914880e+02  1.53985747e+02  1.52719759e+02
  1.48079137e+02  1.40030903e+02  1.13917285e+02  1.06369188e+02
  1.01809873e+02  1.00223927e+02  9.76141998e+01  9.01799459e+01
  7.85126551e+01  7.33718208e+01  7.02080876e+01  6.99607318e+01
  6.93500229e+01  6.82268842e+01  6.66505389e+01  5.82693256e+01
  5.32763283e+01  5.28337877e+01  5.25431473e+01  5.25150176e+01
  5.23540190e+01  5.12746670e+01  5.02411736e+01  4.99821483e+01
  4.96465509e+01  4.68627267e+01  4.65968018e+01  4.26700093e+01
  4.03722246e+01  3.94028769e+01  3.93122946e+01  3.86714587e+01
  3.85185829e+01  3.82736647e+01  3.78622652e+01  3.78224467e+01
  3.62711069e+01  3.49772257e+01  3.12929823e+01  3.09862586e+01
  2.95582805e+01  2.93767088e+01  2.79871047e+01  2.76275811e+01
  2.57110627e+01  2.52282093e+01  2.50354059e+01  2.49967038e+01
  2.33357957e+01  2.28082644e+01  2.25775147e+01  2.13938622e+01
  2.05118361e+01  1.98184612e+01  1.96154851e+01  1.89656312e+01
  1.84707246e+01  1.82492198e+01  1.77723081e+01  1.76124846e+01
  1.74407402e+01  1.67898180e+01  1.67243843e+01  1.62897607e+01
  1.60214532e+01  1.55042009e+01  1.41938445e+01  1.38488920e+01
  1.29736084e+01  1.26276233e+01  1.16173124e+01  1.15910902e+01
  1.15699594e+01  1.12805680e+01  1.11266907e+01  1.03353377e+01
  1.03299344e+01  1.02414223e+01  1.02199679e+01  1.01074799e+01
  9.96364103e+00  9.92459926e+00  9.60972522e+00  9.37219364e+00
  9.25103710e+00  9.23755739e+00  9.00057447e+00  8.89172367e+00
  8.83663054e+00  8.78724122e+00  8.64092460e+00  8.55422436e+00
  8.55265890e+00  8.33879625e+00  8.15051459e+00  8.05897083e+00
  7.63683588e+00  7.53471974e+00  7.41292008e+00  7.38888180e+00
  7.34263974e+00  7.17332589e+00  6.81820302e+00  6.75278372e+00
  6.73693008e+00  6.61875865e+00  6.59582985e+00  6.42028800e+00
  6.02239514e+00  5.96673274e+00  5.84379466e+00  5.81861874e+00
  5.69927650e+00  5.59022040e+00  5.57954868e+00  5.08516136e+00
  4.88882244e+00  4.77879704e+00  4.60915317e+00  4.56431158e+00
  4.53087878e+00  4.50594843e+00  4.48656252e+00  4.46221121e+00
  4.39834009e+00  4.18350194e+00  4.11600709e+00  4.05227114e+00
  4.02950758e+00  3.95685870e+00  3.77915791e+00  3.69415279e+00
  3.63149189e+00  3.51854197e+00  3.30724730e+00  3.23380249e+00
  3.21780476e+00  3.10092722e+00  2.95171465e+00  2.93832447e+00
  2.79974295e+00  2.71668744e+00  2.70744329e+00  2.64506280e+00
  2.50167181e+00  2.48795831e+00  2.46297267e+00  2.42002084e+00
  2.36363257e+00  2.28424844e+00  2.00018414e+00  1.94253513e+00
  1.92570465e+00  1.91836349e+00  1.77290288e+00  1.77095042e+00
  1.75942314e+00  1.69706015e+00  1.64479581e+00  1.63809478e+00
  1.60407385e+00  1.60019103e+00  1.55180819e+00  1.53421216e+00
  1.49749022e+00  1.48264666e+00  1.47849355e+00  1.45517397e+00
  1.42252056e+00  1.40725083e+00  1.37302174e+00  1.37249912e+00
  1.21186834e+00  1.19111119e+00  1.19096523e+00  1.18804027e+00
  1.15408028e+00  1.15165832e+00  1.13770151e+00  1.13419708e+00
  1.11300418e+00  1.10776340e+00  1.06606553e+00  1.04510011e+00
  1.02169586e+00  1.01317516e+00  9.94693674e-01  9.88474157e-01
  9.62162068e-01  9.61879939e-01  9.21294101e-01  9.19835671e-01
  8.95041802e-01  8.86829326e-01  8.58571634e-01  8.57281458e-01
  8.56598046e-01  8.45312466e-01  8.37507022e-01  8.32034625e-01
  8.14361591e-01  8.11220240e-01  7.94825235e-01  7.77982678e-01
  7.76667881e-01  7.73096464e-01  7.71466002e-01  7.68769497e-01
  7.65189436e-01  7.60682812e-01  7.49048081e-01  7.35717219e-01
  7.35635078e-01  7.31807253e-01  7.21342866e-01  7.19616244e-01
  7.12756336e-01  7.12320600e-01  7.05769570e-01  6.74051572e-01
  6.65794446e-01  6.56137811e-01  6.49910511e-01  6.48221985e-01
  5.96895037e-01  5.59236493e-01  5.00275791e-01  4.99128143e-01
  4.95824213e-01  4.89695223e-01  4.76440576e-01  4.47148822e-01
  4.11968349e-01  3.97707835e-01  3.87221301e-01  3.61848759e-01
  3.47823417e-01  3.26857873e-01  3.17558283e-01  2.85360940e-01
  2.37470030e-01  2.10381396e-01  2.02926303e-01  1.80583096e-01
  1.54628582e-01  1.27715061e-01  1.24860915e-01  9.38218504e-02
  6.14415738e-02  5.62046062e-02 -7.42696341e-03 -7.54125032e-03
 -2.79287251e-02 -3.49795928e-02 -6.73284399e-02 -1.02928598e-01
 -1.10135389e-01 -1.29242257e-01 -1.53215259e-01 -2.73372726e-01
 -2.79873830e-01 -3.01591105e-01 -3.08927555e-01 -3.54064182e-01
 -4.20481159e-01 -4.70235320e-01 -7.19723032e-01 -8.01138678e-01
 -8.12570981e-01 -8.69129047e-01 -9.35886636e-01 -9.86555181e-01
 -9.90178602e-01 -1.07481584e+00 -1.08567177e+00 -1.09582870e+00
 -1.23685795e+00 -1.25275166e+00 -1.29197812e+00 -1.30662196e+00
 -1.31996937e+00 -1.33494889e+00 -1.34783973e+00 -1.41798028e+00
 -1.43421961e+00 -1.50873012e+00 -1.53270580e+00 -1.70582700e+00
 -1.96997483e+00 -2.01821799e+00 -2.02455938e+00 -2.02495877e+00
 -2.03820728e+00 -2.05799275e+00 -2.06882360e+00 -2.16685023e+00
 -2.18579304e+00 -2.45833624e+00 -2.47621667e+00 -2.51161616e+00
 -2.52632822e+00 -2.60756360e+00 -2.67448517e+00 -2.68376720e+00
 -2.94608709e+00 -3.00211967e+00 -3.08123912e+00 -3.08634525e+00
 -3.31046617e+00 -3.34140322e+00 -3.53520688e+00 -3.63834853e+00
 -3.70242520e+00 -3.71113790e+00 -3.92068927e+00 -3.97855851e+00
 -4.16790743e+00 -4.19357219e+00 -4.26320781e+00 -4.28564044e+00
 -4.65547420e+00 -4.71266213e+00 -4.93217890e+00 -5.29291227e+00
 -5.46887749e+00 -5.94366805e+00 -6.04185072e+00 -6.13776467e+00
 -6.28804058e+00 -6.31204061e+00 -6.35260664e+00 -6.40418234e+00
 -6.44364136e+00 -6.45045695e+00 -6.45677949e+00 -6.50603989e+00
 -6.54385011e+00 -6.60731566e+00 -6.63982860e+00 -6.73566483e+00
 -6.87783953e+00 -7.08252140e+00 -7.08386933e+00 -7.52274104e+00
 -7.69119645e+00 -7.73460116e+00 -7.84614532e+00 -8.19897054e+00
 -8.63039978e+00 -8.69327467e+00 -8.85389926e+00 -8.93399383e+00
 -9.06876457e+00 -9.35961569e+00 -9.49074913e+00 -9.57130954e+00
 -9.66735237e+00 -9.69500019e+00 -1.06843135e+01 -1.12035151e+01
 -1.16275379e+01 -1.16604053e+01 -1.19881678e+01 -1.21658418e+01
 -1.23684401e+01 -1.28302388e+01 -1.28562510e+01 -1.28995133e+01
 -1.30395162e+01 -1.31423675e+01 -1.35235892e+01 -1.38650546e+01
 -1.43153205e+01 -1.45113917e+01 -1.49124065e+01 -1.50323636e+01
 -1.50349558e+01 -1.57282328e+01 -1.57711579e+01 -1.58824305e+01
 -1.60557764e+01 -1.62990717e+01 -1.64104208e+01 -1.70849034e+01
 -1.74855945e+01 -1.81943563e+01 -1.84751547e+01 -1.90211738e+01
 -1.91970015e+01 -1.93404263e+01 -2.00046397e+01 -2.02456578e+01
 -2.08062015e+01 -2.10441093e+01 -2.12466371e+01 -2.16249848e+01
 -2.21388647e+01 -2.22278278e+01 -2.23087464e+01 -2.29473580e+01
 -2.38552749e+01 -2.43101189e+01 -2.71326812e+01 -2.80820148e+01
 -3.06889688e+01 -3.07219697e+01 -3.08743404e+01 -3.09668815e+01
 -3.21401259e+01 -3.38306598e+01 -3.45563016e+01 -3.47421296e+01
 -3.48299729e+01 -3.60827995e+01 -3.71320942e+01 -3.88441628e+01
 -3.91263814e+01 -3.93588952e+01 -3.97042727e+01 -3.97853789e+01
 -4.50268402e+01 -4.78075968e+01 -5.06551951e+01 -5.35273397e+01
 -5.36476553e+01 -5.60670545e+01 -5.62350350e+01 -5.64072708e+01
 -6.04683994e+01 -6.90485682e+01 -6.92538299e+01 -7.02427041e+01
 -7.02628208e+01 -7.28064551e+01 -7.47745048e+01 -7.50288870e+01
 -7.94846063e+01 -7.97435443e+01 -8.22802344e+01 -8.44848349e+01
 -8.47417669e+01 -8.73157923e+01 -8.78998692e+01 -8.87356082e+01
 -9.65573897e+01 -9.66713891e+01 -1.13269655e+02 -1.20822723e+02
 -1.35140819e+02 -1.42843814e+02 -1.69461454e+02 -1.77351118e+02
 -1.86873519e+02 -1.89183787e+02 -2.19019810e+02 -2.57837717e+02
 -2.58889004e+02 -2.62536760e+02 -2.66580260e+02 -2.75027448e+02
 -3.74193752e+02 -4.69588420e+02 -4.95952096e+02 -5.97706408e+02
 -6.55944637e+02 -2.30957198e+03]