[ 1.75790574e+01  1.65790574e+01  1.28514632e+01  5.82784740e+00
  4.85031724e+00  4.68938923e+00  4.31221994e+00  3.73363857e+00
  3.66433613e+00  3.53623442e+00  3.31525635e+00  3.30863931e+00
  3.00056226e+00  2.90475042e+00  2.79474999e+00  2.72520128e+00
  2.69598531e+00  2.69529673e+00  2.67705461e+00  2.66799850e+00
  2.51893788e+00  2.48532035e+00  2.33520136e+00  2.33381564e+00
  2.25948045e+00  2.25871851e+00  2.11997539e+00  1.99941605e+00
  1.94765713e+00  1.93463678e+00  1.93176524e+00  1.85440676e+00
  1.84267007e+00  1.84071248e+00  1.70531410e+00  1.69427290e+00
  1.67110632e+00  1.66135549e+00  1.65661376e+00  1.60978812e+00
  1.54661064e+00  1.54335627e+00  1.50611601e+00  1.50122129e+00
  1.46604719e+00  1.46167509e+00  1.38495248e+00  1.37463952e+00
  1.34199587e+00  1.33184616e+00  1.29784568e+00  1.28489856e+00
  1.28139282e+00  1.27813865e+00  1.27210902e+00  1.26365102e+00
  1.23710623e+00  1.23631364e+00  1.22511334e+00  1.22227026e+00
  1.21065089e+00  1.19510856e+00  1.16458643e+00  1.15514003e+00
  1.15502180e+00  1.15282385e+00  1.14648408e+00  1.14443327e+00
  1.14042571e+00  1.13694755e+00  1.13590789e+00  1.10942570e+00
  1.10703786e+00  1.10460259e+00  1.09102849e+00  1.08536412e+00
  1.08317071e+00  1.08112493e+00  1.08103333e+00  1.06612791e+00
  1.06611217e+00  1.06354640e+00  1.06238341e+00  1.05759899e+00
  1.05757434e+00  1.05585694e+00  1.05287953e+00  1.05054604e+00
  1.04892222e+00  1.04315578e+00  1.03545047e+00  1.03479381e+00
  1.02820187e+00  1.02636204e+00  1.02607018e+00  1.02605028e+00
  1.02390586e+00  1.02316292e+00  1.02277288e+00  1.02231516e+00
  1.02019203e+00  1.01951861e+00  1.01895799e+00  1.01608908e+00
  1.01595939e+00  1.01492774e+00  1.01132788e+00  1.01128567e+00
  1.01125666e+00  1.01042679e+00  1.01026387e+00  1.00944852e+00
  1.00838959e+00  1.00755700e+00  1.00748799e+00  1.00727923e+00
  1.00673772e+00  1.00665995e+00  1.00578028e+00  1.00485081e+00
  1.00439936e+00  1.00305329e+00  1.00290619e+00  1.00280025e+00
  1.00262266e+00  1.00229461e+00  1.00207958e+00  1.00191727e+00
  1.00062942e+00  1.00053680e+00  1.00042135e+00  1.00032536e+00
  1.00010482e+00  9.99860868e-01  9.99656948e-01  9.99652460e-01
  9.99571410e-01  9.99561589e-01  9.99496573e-01  9.99466272e-01
  9.99435060e-01  9.99307624e-01  9.98861566e-01  9.98851011e-01
  9.98591736e-01  9.98462166e-01  9.98445934e-01  9.98221589e-01
  9.98213886e-01  9.98041161e-01  9.97933772e-01  9.97898980e-01
  9.97771457e-01  9.97746777e-01  9.97045951e-01  9.96960725e-01
  9.96803223e-01  9.96691120e-01  9.96260476e-01  9.96241610e-01
  9.96007595e-01  9.95923619e-01  9.95909597e-01  9.95691962e-01
  9.95691911e-01  9.95646216e-01  9.95265082e-01  9.95264012e-01
  9.95256556e-01  9.95164639e-01  9.95150401e-01  9.95129066e-01
  9.95103689e-01  9.94796270e-01  9.94745554e-01  9.94740222e-01
  9.94575604e-01  9.94444724e-01  9.94433937e-01  9.94321256e-01
  9.94306605e-01  9.94038891e-01  9.93858829e-01  9.93607618e-01
  9.93525819e-01  9.93433348e-01  9.91902599e-01  9.91857263e-01
  9.91449158e-01  9.91196642e-01  9.91025194e-01  9.90757286e-01
  9.90123808e-01  9.90063148e-01  9.89474966e-01  9.89144356e-01
  9.88641383e-01  9.88606611e-01  9.88449616e-01  9.88428523e-01
  9.87982184e-01  9.87867774e-01  9.87383907e-01  9.86872703e-01
  9.86361036e-01  9.86272325e-01  9.86047477e-01  9.85888375e-01
  9.85071215e-01  9.84684175e-01  9.83955882e-01  9.83852470e-01
  9.83578963e-01  9.83520372e-01  9.83456997e-01  9.83145802e-01
  9.83017288e-01  9.82321011e-01  9.82078453e-01  9.81314962e-01
  9.80967686e-01  9.80576744e-01  9.80439502e-01  9.80239014e-01
  9.80140168e-01  9.80106951e-01  9.80055227e-01  9.79962196e-01
  9.79685065e-01  9.79680509e-01  9.78074263e-01  9.77716458e-01
  9.77142327e-01  9.76841291e-01  9.76820476e-01  9.76730434e-01
  9.75546694e-01  9.75236412e-01  9.75179643e-01  9.75020171e-01
  9.74164337e-01  9.73819014e-01  9.73661854e-01  9.73168232e-01
  9.72803336e-01  9.71983411e-01  9.71660630e-01  9.71209790e-01
  9.70801818e-01  9.70574261e-01  9.70071667e-01  9.70051090e-01
  9.69978243e-01  9.69477861e-01  9.68611228e-01  9.68499801e-01
  9.68469896e-01  9.67062170e-01  9.66465513e-01  9.66404311e-01
  9.65640650e-01  9.65497525e-01  9.64502852e-01  9.64384265e-01
  9.63887193e-01  9.63808818e-01  9.63395859e-01  9.63022609e-01
  9.62933129e-01  9.62591043e-01  9.62104191e-01  9.61499850e-01
  9.61287149e-01  9.60955517e-01  9.59333879e-01  9.59048595e-01
  9.58665959e-01  9.58441739e-01  9.56902417e-01  9.56758258e-01
  9.56722015e-01  9.56624592e-01  9.55826837e-01  9.55653328e-01
  9.55224620e-01  9.53403512e-01  9.52060845e-01  9.51066108e-01
  9.50889559e-01  9.50766954e-01  9.50130773e-01  9.50023661e-01
  9.49796824e-01  9.49652553e-01  9.49064215e-01  9.48603233e-01
  9.48351620e-01  9.47858812e-01  9.47496886e-01  9.47320764e-01
  9.47170645e-01  9.47041396e-01  9.45593698e-01  9.45106663e-01
  9.44644389e-01  9.44427081e-01  9.44205113e-01  9.43422329e-01
  9.43082988e-01  9.41746962e-01  9.41146120e-01  9.40491511e-01
  9.40274826e-01  9.40232978e-01  9.39871955e-01  9.39834090e-01
  9.39023926e-01  9.37995806e-01  9.37834009e-01  9.37815336e-01
  9.36491048e-01  9.36443573e-01  9.36105197e-01  9.35655173e-01
  9.35317109e-01  9.34633193e-01  9.34307728e-01  9.34181235e-01
  9.33363862e-01  9.31646633e-01  9.30880139e-01  9.30760720e-01
  9.30462328e-01  9.30397883e-01  9.28651981e-01  9.28293402e-01
  9.28172436e-01  9.27608335e-01  9.27078356e-01  9.26361154e-01
  9.25604803e-01  9.24723639e-01  9.24143313e-01  9.23372377e-01
  9.23347517e-01  9.21462611e-01  9.21313741e-01  9.21016967e-01
  9.20810230e-01  9.19441412e-01  9.18032032e-01  9.17309710e-01
  9.17198304e-01  9.17152489e-01  9.15703344e-01  9.15613615e-01
  9.15018525e-01  9.15013555e-01  9.13814560e-01  9.13595215e-01
  9.13497881e-01  9.13399892e-01  9.12959922e-01  9.12519522e-01
  9.12286247e-01  9.11233674e-01  9.10558252e-01  9.10257708e-01
  9.09656022e-01  9.09195984e-01  9.09118277e-01  9.07592863e-01
  9.07580256e-01  9.07489712e-01  9.05690067e-01  9.05616112e-01
  9.05398119e-01  9.04642332e-01  9.04515518e-01  9.03727926e-01
  9.02605130e-01  9.01942090e-01  9.01844465e-01  9.01459558e-01
  8.99410053e-01  8.99232259e-01  8.96875602e-01  8.96478971e-01
  8.96035744e-01  8.95933334e-01  8.95826235e-01  8.95822067e-01
  8.95362080e-01  8.94932251e-01  8.94552613e-01  8.93797354e-01
  8.93666428e-01  8.92617874e-01  8.92521623e-01  8.92019996e-01
  8.91501728e-01  8.90944498e-01  8.90307757e-01  8.89598865e-01
  8.89199323e-01  8.86598820e-01  8.85807138e-01  8.85052127e-01
  8.83624083e-01  8.81516435e-01  8.80887982e-01  8.79178463e-01
  8.79002814e-01  8.78606404e-01  8.75457797e-01  8.75348398e-01
  8.74941939e-01  8.74657870e-01  8.73407342e-01  8.73079209e-01
  8.70836961e-01  8.70634515e-01  8.70247566e-01  8.68559722e-01
  8.67862856e-01  8.67836446e-01  8.67308952e-01  8.67136847e-01
  8.66891735e-01  8.66672529e-01  8.65955564e-01  8.65119101e-01
  8.64907110e-01  8.64555146e-01  8.64425550e-01  8.63954994e-01
  8.63266358e-01  8.61864441e-01  8.59938202e-01  8.57712818e-01
  8.57516506e-01  8.57170109e-01  8.55855589e-01  8.55834937e-01
  8.54993565e-01  8.54203068e-01  8.52904196e-01  8.52434020e-01
  8.52170631e-01  8.51396559e-01  8.50499403e-01  8.50322016e-01
  8.47221286e-01  8.46206784e-01  8.46111883e-01  8.44327960e-01
  8.43277830e-01  8.42882780e-01  8.40759231e-01  8.39304444e-01
  8.39107109e-01  8.38224246e-01  8.36641606e-01  8.36297689e-01
  8.35536494e-01  8.35290521e-01  8.34267182e-01  8.32957913e-01
  8.32430520e-01  8.30743863e-01  8.30704471e-01  8.30211781e-01
  8.29547275e-01  8.29174717e-01  8.27724903e-01  8.27115510e-01
  8.26955522e-01  8.26664257e-01  8.22112928e-01  8.21482319e-01
  8.20100516e-01  8.19064589e-01  8.17715888e-01  8.15144143e-01
  8.14403181e-01  8.14277494e-01  8.13516059e-01  8.11060015e-01
  8.09053575e-01  8.08132523e-01  8.07820989e-01  8.06188497e-01
  8.03468514e-01  8.02924848e-01  8.02306177e-01  8.01716373e-01
  8.01510597e-01  8.01368929e-01  8.00943289e-01  8.00378852e-01
  7.99182505e-01  7.98933939e-01  7.97390671e-01  7.96360261e-01
  7.92278583e-01  7.89874681e-01  7.89743327e-01  7.88980035e-01
  7.88157154e-01  7.86872488e-01  7.86534219e-01  7.86417813e-01
  7.86065540e-01  7.84611403e-01  7.84494419e-01  7.84439868e-01
  7.84099159e-01  7.83890578e-01  7.83355981e-01  7.82141424e-01
  7.82027882e-01  7.80331854e-01  7.78639070e-01  7.77999554e-01
  7.76301925e-01  7.75094002e-01  7.74025137e-01  7.72668583e-01
  7.72024583e-01  7.70846708e-01  7.70551655e-01  7.68971507e-01
  7.68376104e-01  7.67563215e-01  7.67362781e-01  7.67188112e-01
  7.65465430e-01  7.64272572e-01  7.64231608e-01  7.61647778e-01
  7.61194214e-01  7.60939108e-01  7.58108040e-01  7.56131373e-01
  7.54366759e-01  7.50488912e-01  7.48711031e-01  7.46746519e-01
  7.44460919e-01  7.44020682e-01  7.42766360e-01  7.41302175e-01
  7.40899574e-01  7.40417211e-01  7.39832950e-01  7.39455631e-01
  7.38978757e-01  7.35632167e-01  7.34526693e-01  7.34223822e-01
  7.30232368e-01  7.30055303e-01  7.28900818e-01  7.25192700e-01
  7.24846831e-01  7.19979496e-01  7.19362171e-01  7.18203427e-01
  7.16382662e-01  7.10786581e-01  7.09021671e-01  7.07787508e-01
  7.07644212e-01  7.07071084e-01  7.06946884e-01  7.06946577e-01
  7.06555799e-01  7.06080439e-01  7.05677236e-01  7.02284370e-01
  6.99611285e-01  6.98860857e-01  6.98081000e-01  6.97674675e-01
  6.97230799e-01  6.93084008e-01  6.89560812e-01  6.88631724e-01
  6.77526395e-01  6.76066898e-01  6.73359210e-01  6.73278315e-01
  6.72966497e-01  6.71833419e-01  6.69029808e-01  6.67616881e-01
  6.65739213e-01  6.63664958e-01  6.60687071e-01  6.58442699e-01
  6.57130700e-01  6.53434910e-01  6.52303645e-01  6.52228032e-01
  6.52205645e-01  6.51063791e-01  6.48800825e-01  6.47757863e-01
  6.47117558e-01  6.46147367e-01  6.45087737e-01  6.44373447e-01
  6.43735582e-01  6.42847245e-01  6.37212507e-01  6.33463573e-01
  6.32909436e-01  6.30302301e-01  6.27016415e-01  6.26196252e-01
  6.25324589e-01  6.23820144e-01  6.21538117e-01  6.20625630e-01
  6.20072218e-01  6.18517477e-01  6.17756060e-01  6.17419901e-01
  6.10838913e-01  6.09260999e-01  6.07519333e-01  6.07263458e-01
  6.06805754e-01  6.05204204e-01  6.03591206e-01  6.01744134e-01
  5.99978741e-01  5.97004902e-01  5.94571218e-01  5.92553459e-01
  5.91198219e-01  5.89003498e-01  5.87383193e-01  5.85410052e-01
  5.79638520e-01  5.77392713e-01  5.76725013e-01  5.75746647e-01
  5.74473838e-01  5.71613375e-01  5.70969101e-01  5.69043320e-01
  5.68430760e-01  5.67757142e-01  5.67181648e-01  5.66811681e-01
  5.64093752e-01  5.59771199e-01  5.58264631e-01  5.55663709e-01
  5.54226811e-01  5.52365690e-01  5.49819543e-01  5.48566781e-01
  5.48557226e-01  5.45052224e-01  5.42963938e-01  5.37971730e-01
  5.34183174e-01  5.33113958e-01  5.31054621e-01  5.29105864e-01
  5.28794334e-01  5.27691922e-01  5.27052962e-01  5.16998931e-01
  5.07088673e-01  5.00591927e-01  4.96690077e-01  4.95593532e-01
  4.95046103e-01  4.91614839e-01  4.86106142e-01  4.79190508e-01
  4.74803029e-01  4.73815796e-01  4.73106090e-01  4.72171101e-01
  4.71582526e-01  4.70769242e-01  4.59818470e-01  4.57537501e-01
  4.40426907e-01  4.37522560e-01  4.35338717e-01  4.33627672e-01
  4.29072953e-01  4.26276153e-01  4.23657520e-01  4.20390265e-01
  4.19989780e-01  4.09255978e-01  4.01717059e-01  3.99310761e-01
  3.94291045e-01  3.93207679e-01  3.90385752e-01  3.83661961e-01
  3.82156275e-01  3.78292666e-01  3.77338516e-01  3.74147352e-01
  3.73829707e-01  3.63564956e-01  3.58954531e-01  3.57199101e-01
  3.47909219e-01  3.38226053e-01  3.36736734e-01  3.36043700e-01
  3.32547371e-01  3.28133010e-01  3.28039949e-01  3.27015854e-01
  3.26236246e-01  3.18238652e-01  3.14408689e-01  3.13740555e-01
  3.09772797e-01  3.05750031e-01  2.99287674e-01  2.96095115e-01
  2.93105089e-01  2.92130336e-01  2.88891655e-01  2.87145320e-01
  2.83508531e-01  2.72033295e-01  2.70981613e-01  2.66861155e-01
  2.57488731e-01  2.32051028e-01  2.31835645e-01  2.30847483e-01
  2.28313231e-01  2.26365725e-01  2.24242912e-01  2.19504664e-01
  2.13133389e-01  2.11244730e-01  2.10038463e-01  2.09293227e-01
  2.07765364e-01  2.00723703e-01  1.92418510e-01  1.87599204e-01
  1.79088240e-01  1.41613082e-01  1.35217815e-01  1.27302974e-01
  1.26614432e-01  1.13607248e-01  1.07045130e-01  8.14946421e-02
  7.24097232e-02  7.04470960e-02  6.78835696e-02  6.46223042e-02
  6.21313139e-02  6.15029847e-02  5.54101565e-02  5.23693283e-02
  5.05707995e-02  5.01804804e-02  4.89690422e-02  4.67728066e-02
  4.20810011e-02  4.02509896e-02  3.65196337e-02  2.89915685e-02
  2.64588945e-02  2.53674443e-02  2.25088144e-02  1.56292390e-03
 -3.52653227e-03 -4.72131908e-03 -1.29024663e-02 -1.38999551e-02
 -2.66755829e-02 -3.75809968e-02 -4.32645066e-02 -4.37798263e-02
 -4.99158663e-02 -5.36861175e-02 -7.70430832e-02 -7.81318305e-02
 -8.56924869e-02 -8.57461225e-02 -8.67570795e-02 -1.04597786e-01
 -1.09209363e-01 -1.23811344e-01 -1.25790236e-01 -1.37793917e-01
 -1.44113657e-01 -1.45490050e-01 -1.53078331e-01 -1.55621229e-01
 -1.74563374e-01 -1.93520728e-01 -1.96908428e-01 -2.13361303e-01
 -2.25958192e-01 -2.29204680e-01 -2.29268525e-01 -2.29505171e-01
 -2.39710840e-01 -2.41094770e-01 -2.53749195e-01 -2.58104037e-01
 -2.62609236e-01 -2.76513542e-01 -2.85333122e-01 -2.88511847e-01
 -2.90227560e-01 -2.91328099e-01 -3.05276651e-01 -3.21955268e-01
 -3.27795874e-01 -3.44392615e-01 -3.61193346e-01 -3.66031891e-01
 -3.78322625e-01 -3.79438166e-01 -3.91635163e-01 -3.92137183e-01
 -3.96918794e-01 -4.27854065e-01 -4.41395004e-01 -4.73460057e-01
 -4.92067103e-01 -5.19359805e-01 -5.22763633e-01 -5.24395708e-01
 -5.25574883e-01 -5.34089226e-01 -5.42054691e-01 -5.42587199e-01
 -5.45649576e-01 -5.54751900e-01 -5.69201023e-01 -6.12399389e-01
 -6.29605818e-01 -6.53151264e-01 -6.63181844e-01 -6.70174209e-01
 -6.70972009e-01 -6.84297817e-01 -6.85319451e-01 -7.06418899e-01
 -7.17796858e-01 -7.21273635e-01 -7.47945608e-01 -7.85274913e-01
 -7.86625862e-01 -8.02395273e-01 -8.03290740e-01 -8.21969383e-01
 -8.30248448e-01 -8.78393574e-01 -8.88461223e-01 -9.18588893e-01
 -9.30615719e-01 -9.56886679e-01 -9.58170896e-01 -9.63972358e-01
 -9.65273875e-01 -9.67269251e-01 -9.87570950e-01 -9.95486710e-01
 -1.00972614e+00 -1.05002577e+00 -1.05149859e+00 -1.05169728e+00
 -1.05299764e+00 -1.19122680e+00 -1.20532088e+00 -1.21801407e+00
 -1.26241784e+00 -1.38055914e+00 -1.40709261e+00 -1.44865567e+00
 -1.46604792e+00 -1.51054940e+00 -1.53772102e+00 -1.63952355e+00
 -1.65405002e+00 -1.70578661e+00 -1.73426221e+00 -1.76069569e+00
 -1.77042090e+00 -1.86203397e+00 -2.06452646e+00 -2.20388148e+00
 -2.31366014e+00 -2.34610231e+00 -2.36366482e+00 -2.39705637e+00
 -2.40253038e+00 -2.40919295e+00 -2.44024376e+00 -2.58225590e+00
 -2.66778907e+00 -2.73249259e+00 -2.74376770e+00 -2.77765113e+00
 -2.80114893e+00 -2.86684909e+00 -2.87558677e+00 -2.91989156e+00
 -2.94273668e+00 -2.97144957e+00 -3.05760961e+00 -3.07834624e+00
 -3.09111515e+00 -3.13918195e+00 -3.14056378e+00 -3.17499049e+00
 -3.17655120e+00 -3.28070565e+00 -3.42144977e+00 -3.52094382e+00
 -3.66193563e+00 -3.76323351e+00 -3.79089137e+00 -3.93941853e+00
 -3.95775655e+00 -4.12878645e+00 -4.35955060e+00 -5.00086171e+00
 -5.05883623e+00 -5.17654498e+00 -5.44231800e+00 -5.61001818e+00
 -5.70693142e+00 -5.96450881e+00 -5.99488248e+00 -6.02007650e+00
 -6.35353524e+00 -7.58542641e+00 -7.74216537e+00 -7.78211892e+00
 -8.22761810e+00 -8.47276192e+00 -9.26795065e+00 -9.78533309e+00
 -1.12000331e+01 -2.17413020e+01 -2.39846061e+01]