[0.         0.         0.00555556 0.00555556 0.00925926 0.00925926
 0.01111111 0.01111111 0.01666667 0.01666667 0.01851852 0.01851852
 0.02222222 0.02222222 0.02592593 0.02592593 0.02962963 0.02962963
 0.03148148 0.03148148 0.03518519 0.03518519 0.04444444 0.04444444
 0.04814815 0.04814815 0.05185185 0.05185185 0.0537037  0.0537037
 0.05740741 0.05740741 0.05925926 0.05925926 0.06666667 0.06666667
 0.07037037 0.07037037 0.07592593 0.07592593 0.07777778 0.07777778
 0.08703704 0.08703704 0.08888889 0.08888889 0.1        0.1
 0.1037037  0.1037037  0.10925926 0.10925926 0.11111111 0.11111111
 0.12407407 0.12407407 0.12777778 0.12777778 0.13148148 0.13148148
 0.13333333 0.13333333 0.13703704 0.13703704 0.13888889 0.13888889
 0.1537037  0.1537037  0.15925926 0.15925926 0.16296296 0.16296296
 0.17037037 0.17037037 0.17592593 0.17592593 0.18148148 0.18148148
 0.18333333 0.18333333 0.18518519 0.18518519 0.19259259 0.19259259
 0.1962963  0.1962963  0.19814815 0.19814815 0.2        0.2
 0.20185185 0.20185185 0.2037037  0.2037037  0.21481481 0.21481481
 0.22037037 0.22037037 0.22222222 0.22222222 0.22962963 0.22962963
 0.23148148 0.23148148 0.23333333 0.23333333 0.23888889 0.23888889
 0.24259259 0.24259259 0.25       0.25       0.25185185 0.25185185
 0.2537037  0.2537037  0.26296296 0.26296296 0.26666667 0.26666667
 0.26851852 0.26851852 0.27037037 0.27037037 0.27222222 0.27222222
 0.27777778 0.27777778 0.27962963 0.27962963 0.28888889 0.28888889
 0.3        0.3        0.30185185 0.30185185 0.3037037  0.3037037
 0.31111111 0.31111111 0.31296296 0.31296296 0.31666667 0.31666667
 0.34074074 0.34074074 0.35       0.35       0.35185185 0.35185185
 0.35555556 0.35555556 0.35925926 0.35925926 0.36111111 0.36111111
 0.36296296 0.36296296 0.37222222 0.37222222 0.37962963 0.37962963
 0.38333333 0.38333333 0.38518519 0.38518519 0.39074074 0.39074074
 0.3962963  0.3962963  0.4        0.4        0.40185185 0.40185185
 0.4037037  0.4037037  0.40740741 0.40740741 0.41111111 0.41111111
 0.41481481 0.41481481 0.41851852 0.41851852 0.42777778 0.42777778
 0.44074074 0.44074074 0.44259259 0.44259259 0.44444444 0.44444444
 0.44814815 0.44814815 0.45555556 0.45555556 0.45740741 0.45740741
 0.45925926 0.45925926 0.46481481 0.46481481 0.47592593 0.47592593
 0.47962963 0.47962963 0.48518519 0.48518519 0.48703704 0.48703704
 0.49444444 0.49444444 0.4962963  0.4962963  0.51111111 0.51111111
 0.51296296 0.51296296 0.51481481 0.51481481 0.51851852 0.51851852
 0.52222222 0.52222222 0.52407407 0.52407407 0.52777778 0.52777778
 0.53148148 0.53148148 0.53518519 0.53518519 0.53703704 0.53703704
 0.54444444 0.54444444 0.54814815 0.54814815 0.55       0.55
 0.55740741 0.55740741 0.55925926 0.55925926 0.56111111 0.56111111
 0.56851852 0.56851852 0.57037037 0.57037037 0.57407407 0.57407407
 0.57592593 0.57592593 0.57777778 0.57777778 0.58148148 0.58148148
 0.58518519 0.58518519 0.58888889 0.58888889 0.59444444 0.59444444
 0.6        0.6        0.60185185 0.60185185 0.60925926 0.60925926
 0.61666667 0.61666667 0.61851852 0.61851852 0.62592593 0.62592593
 0.62777778 0.62777778 0.63518519 0.63518519 0.64444444 0.64444444
 0.6462963  0.6462963  0.65       0.65       0.65185185 0.65185185
 0.6537037  0.6537037  0.66111111 0.66111111 0.66851852 0.66851852
 0.67407407 0.67407407 0.67592593 0.67592593 0.67777778 0.67777778
 0.68333333 0.68333333 0.68888889 0.68888889 0.69444444 0.69444444
 0.70740741 0.70740741 0.70925926 0.70925926 0.71296296 0.71296296
 0.71481481 0.71481481 0.72037037 0.72037037 0.72222222 0.72222222
 0.72592593 0.72592593 0.73333333 0.73333333 0.73518519 0.73518519
 0.73703704 0.73703704 0.74259259 0.74259259 0.74444444 0.74444444
 0.74814815 0.74814815 0.75       0.75       0.75185185 0.75185185
 0.7537037  0.7537037  0.75555556 0.75555556 0.76111111 0.76111111
 0.76296296 0.76296296 0.76481481 0.76481481 0.76666667 0.76666667
 0.76851852 0.76851852 0.77037037 0.77037037 0.77222222 0.77222222
 0.77407407 0.77407407 0.77592593 0.77592593 0.77777778 0.77777778
 0.78148148 0.78148148 0.78518519 0.78518519 0.79074074 0.79074074
 0.7962963  0.7962963  0.80185185 0.80185185 0.8037037  0.8037037
 0.80555556 0.80555556 0.80740741 0.80740741 0.81111111 0.81111111
 0.81666667 0.81666667 0.81851852 0.81851852 0.82407407 0.82407407
 0.82777778 0.82777778 0.82962963 0.82962963 0.83333333 0.83333333
 0.83518519 0.83518519 0.8462963  0.8462963  0.84814815 0.84814815
 0.85       0.85       0.85185185 0.85185185 0.8537037  0.8537037
 0.86111111 0.86111111 0.86296296 0.86296296 0.86666667 0.86666667
 0.86851852 0.86851852 0.87407407 0.87407407 0.87777778 0.87777778
 0.87962963 0.87962963 0.88148148 0.88148148 0.88333333 0.88333333
 0.88888889 0.88888889 0.8962963  0.8962963  0.9        0.9
 0.90185185 0.90185185 0.90555556 0.90555556 0.90740741 0.90740741
 0.91481481 0.91481481 0.91666667 0.91666667 0.92037037 0.92037037
 0.92222222 0.92222222 0.92592593 0.92592593 0.92777778 0.92777778
 0.92962963 0.92962963 0.93148148 0.93148148 0.93333333 0.93333333
 0.93888889 0.93888889 0.94074074 0.94074074 0.94259259 0.94259259
 0.94444444 0.94444444 0.9462963  0.9462963  0.94814815 0.94814815
 0.95       0.95       0.95185185 0.95185185 0.95555556 0.95555556
 0.95925926 0.95925926 0.96111111 0.96111111 0.96296296 0.96296296
 0.96481481 0.96481481 0.96666667 0.96666667 0.97407407 0.97407407
 0.97777778 0.97777778 0.98518519 0.98518519 0.98703704 0.98703704
 0.99074074 0.99074074 0.99259259 0.99259259 0.9962963  0.9962963
 0.99814815 0.99814815 1.         1.        ]