[0.         0.00220264 0.00220264 0.00440529 0.00440529 0.00660793
 0.00660793 0.00881057 0.00881057 0.02202643 0.02202643 0.03524229
 0.03524229 0.04185022 0.04185022 0.04625551 0.04625551 0.04845815
 0.04845815 0.05286344 0.05286344 0.05947137 0.05947137 0.06167401
 0.06167401 0.06828194 0.06828194 0.07268722 0.07268722 0.07488987
 0.07488987 0.08370044 0.08370044 0.09251101 0.09251101 0.09471366
 0.09471366 0.10132159 0.10132159 0.1123348  0.1123348  0.11453744
 0.11453744 0.11674009 0.11674009 0.12114537 0.12114537 0.12555066
 0.12555066 0.13215859 0.13215859 0.14757709 0.14757709 0.14977974
 0.14977974 0.15198238 0.15198238 0.15418502 0.15418502 0.15638767
 0.15638767 0.16079295 0.16079295 0.16299559 0.16299559 0.16740088
 0.16740088 0.16960352 0.16960352 0.17621145 0.17621145 0.1784141
 0.1784141  0.18061674 0.18061674 0.18722467 0.18722467 0.19603524
 0.19603524 0.20484581 0.20484581 0.20704846 0.20704846 0.2092511
 0.2092511  0.21585903 0.21585903 0.22687225 0.22687225 0.23568282
 0.23568282 0.24449339 0.24449339 0.24889868 0.24889868 0.25330396
 0.25330396 0.25770925 0.25770925 0.27312775 0.27312775 0.2753304
 0.2753304  0.27973568 0.27973568 0.28193833 0.28193833 0.28634361
 0.28634361 0.28854626 0.28854626 0.29295154 0.29295154 0.29515419
 0.29515419 0.29955947 0.29955947 0.3061674  0.3061674  0.30837004
 0.30837004 0.31497797 0.31497797 0.31718062 0.31718062 0.31938326
 0.31938326 0.3215859  0.3215859  0.32378855 0.32378855 0.32599119
 0.32599119 0.33480176 0.33480176 0.33700441 0.33700441 0.34140969
 0.34140969 0.34801762 0.34801762 0.35022026 0.35022026 0.35242291
 0.35242291 0.35462555 0.35462555 0.35903084 0.35903084 0.36123348
 0.36123348 0.36784141 0.36784141 0.37004405 0.37004405 0.3722467
 0.3722467  0.37665198 0.37665198 0.37885463 0.37885463 0.3876652
 0.3876652  0.38986784 0.38986784 0.39427313 0.39427313 0.39867841
 0.39867841 0.40088106 0.40088106 0.4030837  0.4030837  0.40748899
 0.40748899 0.41409692 0.41409692 0.41629956 0.41629956 0.4185022
 0.4185022  0.42511013 0.42511013 0.42731278 0.42731278 0.42951542
 0.42951542 0.43171806 0.43171806 0.4339207  0.4339207  0.43612335
 0.43612335 0.43832599 0.43832599 0.44052863 0.44052863 0.44273128
 0.44273128 0.44493392 0.44493392 0.44713656 0.44713656 0.44933921
 0.44933921 0.45374449 0.45374449 0.45814978 0.45814978 0.46255507
 0.46255507 0.46475771 0.46475771 0.46696035 0.46696035 0.469163
 0.469163   0.47356828 0.47356828 0.47577093 0.47577093 0.47797357
 0.47797357 0.48017621 0.48017621 0.48237885 0.48237885 0.48678414
 0.48678414 0.48898678 0.48898678 0.49339207 0.49339207 0.49559471
 0.49559471 0.49779736 0.49779736 0.5        0.5        0.50220264
 0.50220264 0.50440529 0.50440529 0.51101322 0.51101322 0.51321586
 0.51321586 0.5154185  0.5154185  0.52202643 0.52202643 0.52422907
 0.52422907 0.52643172 0.52643172 0.53303965 0.53303965 0.53524229
 0.53524229 0.53964758 0.53964758 0.54625551 0.54625551 0.55066079
 0.55066079 0.55286344 0.55286344 0.55506608 0.55506608 0.55947137
 0.55947137 0.56387665 0.56387665 0.5660793  0.5660793  0.56828194
 0.56828194 0.57048458 0.57048458 0.57709251 0.57709251 0.57929515
 0.57929515 0.58590308 0.58590308 0.58810573 0.58810573 0.59471366
 0.59471366 0.5969163  0.5969163  0.60132159 0.60132159 0.60352423
 0.60352423 0.60792952 0.60792952 0.61013216 0.61013216 0.6123348
 0.6123348  0.61453744 0.61453744 0.61674009 0.61674009 0.61894273
 0.61894273 0.62334802 0.62334802 0.63215859 0.63215859 0.63876652
 0.63876652 0.64096916 0.64096916 0.64317181 0.64317181 0.64757709
 0.64757709 0.65638767 0.65638767 0.66079295 0.66079295 0.66299559
 0.66299559 0.66519824 0.66519824 0.66740088 0.66740088 0.66960352
 0.66960352 0.67180617 0.67180617 0.67400881 0.67400881 0.6784141
 0.6784141  0.68061674 0.68061674 0.68281938 0.68281938 0.68502203
 0.68502203 0.68722467 0.68722467 0.69162996 0.69162996 0.70484581
 0.70484581 0.71365639 0.71365639 0.72026432 0.72026432 0.7246696
 0.7246696  0.72687225 0.72687225 0.72907489 0.72907489 0.73127753
 0.73127753 0.73348018 0.73348018 0.73788546 0.73788546 0.74008811
 0.74008811 0.74669604 0.74669604 0.74889868 0.74889868 0.75770925
 0.75770925 0.75991189 0.75991189 0.76431718 0.76431718 0.76651982
 0.76651982 0.77092511 0.77092511 0.77312775 0.77312775 0.78414097
 0.78414097 0.78634361 0.78634361 0.79295154 0.79295154 0.79735683
 0.79735683 0.79955947 0.79955947 0.80176211 0.80176211 0.80837004
 0.80837004 0.81277533 0.81277533 0.81497797 0.81497797 0.82599119
 0.82599119 0.82819383 0.82819383 0.83039648 0.83039648 0.83480176
 0.83480176 0.83700441 0.83700441 0.84801762 0.84801762 0.85022026
 0.85022026 0.85462555 0.85462555 0.85682819 0.85682819 0.85903084
 0.85903084 0.86123348 0.86123348 0.87004405 0.87004405 0.8722467
 0.8722467  0.88105727 0.88105727 0.88325991 0.88325991 0.88546256
 0.88546256 0.89207048 0.89207048 0.89427313 0.89427313 0.9030837
 0.9030837  0.90969163 0.90969163 0.91189427 0.91189427 0.91409692
 0.91409692 0.9185022  0.9185022  0.92290749 0.92290749 0.92731278
 0.92731278 0.93171806 0.93171806 0.93832599 0.93832599 0.94052863
 0.94052863 0.94713656 0.94713656 0.94933921 0.94933921 0.95154185
 0.95154185 0.95594714 0.95594714 0.95814978 0.95814978 0.96255507
 0.96255507 0.96475771 0.96475771 0.97136564 0.97136564 0.97797357
 0.97797357 0.98237885 0.98237885 0.9845815  0.9845815  0.98678414
 0.98678414 0.98898678 0.98898678 0.99118943 0.99118943 0.99339207
 0.99339207 0.99559471 0.99559471 1.        ]