[0.         0.         0.02020202 0.02020202 0.05050505 0.05050505
 0.07070707 0.07070707 0.08080808 0.08080808 0.09090909 0.09090909
 0.11111111 0.11111111 0.17171717 0.17171717 0.19191919 0.19191919
 0.2020202  0.2020202  0.21212121 0.21212121 0.23232323 0.23232323
 0.24242424 0.24242424 0.29292929 0.29292929 0.33333333 0.33333333
 0.35353535 0.35353535 0.37373737 0.37373737 0.38383838 0.38383838
 0.39393939 0.39393939 0.4040404  0.4040404  0.42424242 0.42424242
 0.48484848 0.48484848 0.51515152 0.51515152 0.53535354 0.53535354
 0.56565657 0.56565657 0.57575758 0.57575758 0.58585859 0.58585859
 0.60606061 0.60606061 0.61616162 0.61616162 0.64646465 0.64646465
 0.65656566 0.65656566 0.67676768 0.67676768 0.68686869 0.68686869
 0.6969697  0.6969697  0.73737374 0.73737374 0.75757576 0.75757576
 0.78787879 0.78787879 0.80808081 0.80808081 0.81818182 0.81818182
 0.83838384 0.83838384 0.86868687 0.86868687 0.8989899  0.8989899
 0.91919192 0.91919192 0.94949495 0.94949495 0.95959596 0.95959596
 0.97979798 0.97979798 1.        ]