[ 1.73535818e+01  1.63535818e+01  1.30201792e+01  1.22782811e+01
  7.76222125e+00  4.42674551e+00  4.03853424e+00  3.83493647e+00
  3.30655105e+00  2.85578631e+00  2.74234412e+00  2.72570093e+00
  2.60906090e+00  2.48308596e+00  2.28412310e+00  2.23780554e+00
  2.06782887e+00  2.05154164e+00  2.03951457e+00  1.89135925e+00
  1.88022911e+00  1.84538840e+00  1.78526075e+00  1.64582045e+00
  1.55585688e+00  1.54380609e+00  1.52817902e+00  1.51749054e+00
  1.47959284e+00  1.39393887e+00  1.35207237e+00  1.31428169e+00
  1.27542482e+00  1.23165546e+00  1.22932001e+00  1.20869693e+00
  1.20549150e+00  1.16056334e+00  1.15731388e+00  1.13917616e+00
  1.13909285e+00  1.13625904e+00  1.12088275e+00  1.11982598e+00
  1.11832687e+00  1.11685594e+00  1.09543763e+00  1.08753356e+00
  1.08498866e+00  1.07486697e+00  1.07232541e+00  1.06698404e+00
  1.05582112e+00  1.04996688e+00  1.04960874e+00  1.04202567e+00
  1.04059392e+00  1.03817195e+00  1.03392622e+00  1.03314882e+00
  1.02940875e+00  1.02898506e+00  1.02763666e+00  1.02553622e+00
  1.02160681e+00  1.01738114e+00  1.01629885e+00  1.01274082e+00
  1.01265611e+00  1.01201937e+00  1.00910155e+00  1.00246378e+00
  1.00172637e+00  1.00049267e+00  9.99092639e-01  9.97889359e-01
  9.97577564e-01  9.97292204e-01  9.97030025e-01  9.96539013e-01
  9.96528228e-01  9.96385719e-01  9.96228670e-01  9.96148492e-01
  9.96082240e-01  9.95783297e-01  9.95701022e-01  9.95542538e-01
  9.95293313e-01  9.95244118e-01  9.94614977e-01  9.94498395e-01
  9.94315502e-01  9.94201128e-01  9.93856957e-01  9.93845481e-01
  9.93190450e-01  9.92957711e-01  9.92871062e-01  9.92546540e-01
  9.91990770e-01  9.91926376e-01  9.91866321e-01  9.91496759e-01
  9.90962803e-01  9.90860515e-01  9.90840678e-01  9.90681440e-01
  9.90410769e-01  9.89689667e-01  9.88572906e-01  9.87970227e-01
  9.87640855e-01  9.87493030e-01  9.87294057e-01  9.87269631e-01
  9.85976230e-01  9.85827733e-01  9.85729451e-01  9.85462514e-01
  9.85050678e-01  9.84538427e-01  9.83527303e-01  9.82895075e-01
  9.82854852e-01  9.82298754e-01  9.81882896e-01  9.81731885e-01
  9.80076984e-01  9.79552046e-01  9.79352186e-01  9.79339715e-01
  9.78373735e-01  9.77916745e-01  9.77888143e-01  9.76762080e-01
  9.76715899e-01  9.76532733e-01  9.75286895e-01  9.74936505e-01
  9.72916620e-01  9.72898187e-01  9.71522654e-01  9.70126150e-01
  9.69187774e-01  9.68032259e-01  9.67274679e-01  9.66398531e-01
  9.65575809e-01  9.65462611e-01  9.64942202e-01  9.64745074e-01
  9.63172965e-01  9.62897764e-01  9.62606061e-01  9.61882339e-01
  9.60937402e-01  9.60617856e-01  9.59374049e-01  9.58160146e-01
  9.56539239e-01  9.56037947e-01  9.55163368e-01  9.54635510e-01
  9.52810769e-01  9.48752083e-01  9.48634772e-01  9.47548978e-01
  9.45580775e-01  9.45277946e-01  9.44645340e-01  9.43741105e-01
  9.42246206e-01  9.40584317e-01  9.40025465e-01  9.39993925e-01
  9.39767295e-01  9.38959266e-01  9.38441526e-01  9.37028297e-01
  9.35146387e-01  9.34369820e-01  9.32491434e-01  9.32351839e-01
  9.31157683e-01  9.31118273e-01  9.29655062e-01  9.29512444e-01
  9.28584065e-01  9.27381522e-01  9.26518839e-01  9.26424031e-01
  9.25604542e-01  9.25470909e-01  9.23520858e-01  9.22162466e-01
  9.21542661e-01  9.19810726e-01  9.19693230e-01  9.17824082e-01
  9.17610568e-01  9.16776123e-01  9.12913673e-01  9.12697835e-01
  9.12143868e-01  9.05428050e-01  9.05027394e-01  9.02756848e-01
  9.02729014e-01  9.02076077e-01  9.00720725e-01  8.98906414e-01
  8.98789822e-01  8.97944623e-01  8.97740550e-01  8.97522837e-01
  8.96176927e-01  8.92350217e-01  8.91347276e-01  8.90201724e-01
  8.87367821e-01  8.86450470e-01  8.85961657e-01  8.85269569e-01
  8.85256189e-01  8.81241020e-01  8.79399028e-01  8.79313887e-01
  8.75949440e-01  8.74281189e-01  8.72712266e-01  8.68911984e-01
  8.67306970e-01  8.65849446e-01  8.61871645e-01  8.61285907e-01
  8.60872445e-01  8.58693323e-01  8.58617086e-01  8.55793309e-01
  8.54819229e-01  8.53278445e-01  8.52849577e-01  8.50764583e-01
  8.48935128e-01  8.48153212e-01  8.48014855e-01  8.46046489e-01
  8.45258005e-01  8.44677759e-01  8.36169671e-01  8.35594699e-01
  8.34614817e-01  8.34158473e-01  8.33357083e-01  8.33214148e-01
  8.31004424e-01  8.30639393e-01  8.26383867e-01  8.26272146e-01
  8.23937040e-01  8.23839447e-01  8.23443667e-01  8.23395480e-01
  8.22091298e-01  8.21798244e-01  8.20758480e-01  8.15201811e-01
  8.14166133e-01  8.13688281e-01  8.08785477e-01  8.08700207e-01
  8.06124019e-01  8.04747796e-01  7.99583824e-01  7.99510564e-01
  7.96804879e-01  7.96049279e-01  7.93267261e-01  7.91228323e-01
  7.89401393e-01  7.87376399e-01  7.86257182e-01  7.86195036e-01
  7.85976930e-01  7.83988319e-01  7.83929963e-01  7.81754793e-01
  7.80547819e-01  7.78749219e-01  7.77483281e-01  7.74836177e-01
  7.74180751e-01  7.73988082e-01  7.70792373e-01  7.64400139e-01
  7.64138882e-01  7.62287163e-01  7.59978489e-01  7.59676251e-01
  7.55690900e-01  7.54352258e-01  7.52690065e-01  7.47571854e-01
  7.46637284e-01  7.40881903e-01  7.39800946e-01  7.33560959e-01
  7.31345239e-01  7.30739534e-01  7.28215961e-01  7.25508041e-01
  7.22018496e-01  7.18692609e-01  7.15595119e-01  7.14437260e-01
  7.13991876e-01  7.11075604e-01  7.06732790e-01  6.99782206e-01
  6.97950297e-01  6.95427477e-01  6.75027131e-01  6.71551647e-01
  6.71253702e-01  6.69900120e-01  6.69193616e-01  6.66908358e-01
  6.64767499e-01  6.62049747e-01  6.61565632e-01  6.57854638e-01
  6.48560576e-01  6.47175030e-01  6.41168857e-01  6.31204123e-01
  6.25086360e-01  6.21337350e-01  6.20558364e-01  6.18301203e-01
  5.98415615e-01  5.98362888e-01  5.96876511e-01  5.92585884e-01
  5.90951609e-01  5.88424802e-01  5.64984438e-01  5.64469298e-01
  5.63159302e-01  5.61693719e-01  5.51436431e-01  5.30559761e-01
  5.27665432e-01  5.18925595e-01  5.12204770e-01  5.08546924e-01
  5.08103093e-01  5.01590437e-01  5.00912532e-01  4.97263490e-01
  4.93901683e-01  4.85606884e-01  4.79270161e-01  4.56224964e-01
  4.52750882e-01  4.45473326e-01  4.36772089e-01  4.36307889e-01
  4.36118935e-01  4.36066309e-01  4.23133839e-01  4.21954159e-01
  4.21359158e-01  4.21025175e-01  4.18961775e-01  4.14400818e-01
  4.09701836e-01  4.09386753e-01  4.05312680e-01  3.96960820e-01
  3.90664316e-01  3.90351299e-01  3.87701206e-01  3.84899912e-01
  3.82301948e-01  3.74636285e-01  3.64524422e-01  3.64205144e-01
  3.56879916e-01  3.51511269e-01  3.20042378e-01  3.16994289e-01
  3.06781751e-01  2.95856500e-01  2.92237188e-01  2.84799667e-01
  2.74358767e-01  2.64254027e-01  2.63028723e-01  2.62032230e-01
  2.43311392e-01  2.32629348e-01  2.31405903e-01  2.28733378e-01
  2.27010405e-01  2.24221366e-01  2.01548806e-01  2.00700660e-01
  1.98541449e-01  1.95410143e-01  1.92360054e-01  1.88119291e-01
  1.74412225e-01  1.65682219e-01  1.63050629e-01  1.57489632e-01
  1.40695230e-01  1.39658240e-01  1.27361918e-01  1.25548407e-01
  1.11050202e-01  9.30167332e-02  8.50262250e-02  7.91998232e-02
  7.89406039e-02  7.41437600e-02  6.84513067e-02  6.42332473e-02
  6.40109406e-02  3.78835460e-02  3.70831066e-02  3.24854817e-02
  2.71347110e-02  2.39014131e-02 -6.10938223e-03 -1.03671408e-02
 -1.29654470e-02 -2.11898166e-02 -2.53814851e-02 -4.46618518e-02
 -5.86246526e-02 -6.47175278e-02 -6.60388842e-02 -8.27976002e-02
 -9.55987905e-02 -1.19769666e-01 -1.60625654e-01 -1.98556521e-01
 -2.00659393e-01 -2.27240839e-01 -2.33831919e-01 -2.34752869e-01
 -2.42266041e-01 -2.72147294e-01 -3.20147459e-01 -3.35943580e-01
 -3.83710114e-01 -3.99117667e-01 -4.06962067e-01 -4.25194227e-01
 -4.47415429e-01 -4.51003725e-01 -4.67393269e-01 -5.03326728e-01
 -5.15312536e-01 -5.27133794e-01 -5.50498552e-01 -5.60860015e-01
 -5.75865511e-01 -6.48552861e-01 -6.63236958e-01 -7.17270394e-01
 -7.37193414e-01 -7.40861895e-01 -8.31871070e-01 -8.40017396e-01
 -8.75197444e-01 -9.31157043e-01 -9.46653380e-01 -1.07363792e+00
 -1.10242981e+00 -1.12274498e+00 -1.12511491e+00 -1.13871435e+00
 -1.14933297e+00 -1.17018342e+00 -1.31662518e+00 -1.41295362e+00
 -1.46219231e+00 -1.50867063e+00 -1.51780559e+00 -1.56123670e+00
 -1.57189233e+00 -1.68146730e+00 -1.76770074e+00 -1.84437163e+00
 -1.97197640e+00 -2.06083259e+00 -2.18601517e+00 -2.24443486e+00
 -2.27342456e+00 -2.39924546e+00 -2.46552538e+00 -2.56049076e+00
 -2.59385050e+00 -2.73913213e+00 -3.03150525e+00 -3.11590749e+00
 -3.23907388e+00 -3.41683768e+00 -3.45697938e+00 -4.01098684e+00
 -4.17847639e+00 -4.51328487e+00 -4.91486771e+00 -5.10768922e+00
 -5.99976529e+00 -6.67539611e+00 -7.49511764e+00 -7.83971696e+00
 -9.49749333e+00 -1.08698710e+01 -1.51475228e+01]