[-5.57287438e+00 -3.22917942e+01  5.55117663e+00  3.63063939e-01
 -4.90244509e+00  7.48699758e-01  8.10737026e-01  6.14416938e-01
  2.84656465e+00  3.64950933e+00  1.02476530e+00  2.25158492e+01
 -2.71166124e-01  9.64002535e+00 -1.13929115e+01 -1.73372019e-01
 -1.07659079e+01  1.62905422e-01 -2.27839596e+01  2.36969293e+02
  2.53095933e+01  4.99481273e-01  2.59715785e+00  9.78017691e+00
  1.13156141e+00 -7.92899573e+00 -3.09700063e+00  1.24740799e+00
  4.35836890e+00 -4.05993902e+01 -5.55707396e+00  6.96221234e-01
  4.41061084e+01 -4.12581463e+01  5.28068956e+00 -5.28635374e-01
  1.39995704e+00  1.42132739e+02 -4.44185386e-02  2.23871081e+01
  5.97388788e+00  6.72487836e+01 -7.80797939e-01  8.78151750e+01
  8.98307079e+00  4.66325046e+00 -1.13763362e+02  2.51114254e+00
  3.59173734e+01 -3.21200770e+01  1.99152370e+00 -1.39443250e+02
 -2.83895372e+01 -2.36021548e+01  3.40359034e-01  8.66093800e+01
 -1.35095161e+01  6.57974610e-01 -5.09104761e+01 -4.02537035e+00
  1.23644001e+00 -5.52666914e+00 -4.68000219e+01 -3.97535299e+00
 -7.92837744e-01 -1.21585930e+01 -2.01176133e-01  1.46066161e+01
  1.17496327e+01  4.24613481e+01 -5.53594551e+00 -2.04901022e+00
 -1.29903431e+01 -2.39185466e+02  1.09034867e+00 -4.89915098e-01
  6.89222946e+01  3.33208023e+00 -9.63859163e+00 -2.48409942e+01
  4.13821766e+00  8.21855729e-01  8.27036768e-01 -6.46475687e+02
  1.27083656e+00  7.43745855e+00  1.78801417e+02 -1.43324362e+00
 -3.94279183e+00 -3.44769931e+01 -2.79501294e+00  3.18715800e+01
 -5.93811736e+01  1.82329588e+00  5.72417703e-01  9.90144994e+00
  1.10115578e+02  3.85601221e+00  6.26846851e+01 -2.57468080e+01
 -7.11073968e+00 -7.66787992e+01  2.62560907e+00 -4.36997083e+00
  2.92710033e+00 -1.71875013e+01  6.66604268e+00  7.18388835e+00
  1.32768393e+00 -1.23886081e+01 -1.93090443e+01 -5.20723757e+01
 -2.60609200e+01 -2.82118597e+00 -4.83910447e-01  7.23942111e+00
 -6.37418230e-02  2.75973669e+00  1.84808758e+00  2.33511888e+02
  9.16994156e+00 -3.73908672e+01 -1.68179447e+02 -1.16649921e+01
 -1.04195836e+01 -1.14807943e+02 -2.43140153e+00  4.98508738e+00
 -1.35778104e+01  6.33120356e+00 -1.30865466e+02 -1.32623393e+01
  1.09343496e+01 -1.21241342e+00 -1.78181158e-01 -1.75334755e+01
 -2.25172270e+01  3.97045946e+00  2.13449250e+01 -4.12578164e+00
  5.36837365e+00  5.28484257e+01  6.69308199e-01  1.86981226e+00
 -1.16371710e+03  3.06089471e+01  8.23498137e+00 -2.87730629e+02
  1.74073774e+01  7.90498549e+00  8.10304250e-01  5.74305068e+01
 -2.67753762e+00  3.69336755e-01  2.69384127e+02  2.96852452e+02
  1.75765542e+00  3.64501125e+01  4.01961810e+01  6.68451052e+01
 -7.64780811e-01  1.59038169e+01  1.29489312e+02  2.35263055e+00
  4.84235019e+01 -9.14326676e+00  2.02855742e+01 -8.04289466e-01
  5.70000223e+01  3.05474543e+00  3.97975759e+01  1.57081395e+01
  2.43765591e+01  2.15458018e+00  8.21660923e-01  6.30957659e-01
 -1.70697251e+02  7.90032014e+01  1.98780736e+01 -3.53310372e+00
 -2.06071885e+01  1.04519902e+02  8.67594494e-01 -1.05932102e+01
  1.52317562e+01 -3.53726727e+00  1.39759876e+00  3.77744435e+00
  1.07899471e+02  7.87748583e-01  1.31657536e+02  5.66269060e+00
 -1.21943173e+01  2.60469921e+01 -8.26426184e+00 -2.43601679e+01
  3.13633355e+00  8.31408906e-01 -3.03484544e+02  9.98759776e+01
  1.38116850e+00 -2.34659346e+00  3.41557648e-01 -2.22416229e+00
  1.77169182e+00 -4.93904660e+00 -1.77426601e+01 -7.62524891e+00
 -3.81067600e+00  7.49636359e+00  1.70570286e+01  1.78032834e+00
  5.04535010e-01  5.60548767e+01  1.07302575e+02 -2.44363847e+01
  2.87111807e+00 -4.73661816e+01  1.85731060e+01  2.38040318e+00
 -3.74470960e+01 -1.50456449e-01  1.04338784e+00 -2.87531115e-02
 -9.16788556e-01  4.22418589e+01 -3.44213424e+00  3.49370845e+01
  1.93915231e+02  1.68890685e+02 -9.51300000e+00 -2.97729841e+00
 -6.69949796e+00 -4.99855361e+01 -1.01931648e+01  1.66674611e+00
  4.82686367e-01  9.17209434e+00  2.66248036e+00  5.34499417e+01
 -2.53961852e+01  2.53876260e+00  8.88077880e+00 -6.85216981e+00
  1.40621639e+02  1.06091475e+01 -1.39943282e+00  1.81284694e+02
  7.43089045e-01 -2.29065939e+01 -2.27841800e+01 -6.58678204e+01
 -3.36602903e+00  2.71433964e+00 -1.22592382e+00  4.18794242e+00
  2.36874679e+00 -8.43801874e+00 -6.55472421e-02 -1.24704233e+01
  7.54895420e+00  4.19469010e+00  1.72065312e+01 -5.11750026e+01
  6.79590944e-01  4.22002627e+00  6.19226813e+00 -8.08346758e-01
  2.89767449e+00 -1.72235894e+00  1.40551492e+01 -1.04480834e+01
 -2.04365843e+02 -8.40619592e+01 -1.58319962e+00  9.89756422e-01
  8.58781664e-01 -1.31179857e+01  3.94690885e+00 -3.22419349e+01
  3.68612058e+01 -6.94034063e+01  1.00851733e+02 -3.61340625e+00
  1.28250280e+00  6.27367203e-01  5.97202762e+01 -3.25659689e+00
  2.20091089e+01  5.84121384e+01 -9.12593770e-01  8.20389406e-01
 -8.00841040e+00  2.57235065e+01 -3.93076349e+01  3.12848855e+00
  9.73232784e+00  2.67754236e+01  2.26484272e+01 -4.72906846e+00
  1.22805005e+01 -5.19514667e+01 -2.08852632e+00  1.93580896e+00
  1.66294533e+00 -3.64985574e+00  8.89032968e+01 -2.69927619e+00
 -5.45388467e-01 -5.82853934e+00  7.40744872e+01  1.64498626e+02
 -2.17458920e+01  1.39181305e+01  6.32696229e+00 -8.27969887e-03
 -8.19953965e+01  5.19326667e+01  1.98978244e+01  1.25256530e+00
 -1.50397632e+01  7.98994306e-01  1.04618590e+01  9.44641364e+01
 -1.38426944e+02  7.18420041e+00 -8.76143894e+01 -9.09914898e+00
  3.34725512e+00  9.59816991e-02 -5.82302317e-03 -8.69560631e-01
  1.55104983e+01  1.08777059e+02 -4.41625819e+00 -7.67236603e-01
 -1.86271069e+01  1.49077233e+02  9.72518391e+00 -1.83659559e+01
 -3.47506484e+02  1.52232271e+00  3.68365144e+00  1.82819164e+00
 -4.07799885e+00 -2.97878619e+00 -2.10660664e+01 -1.36330106e+01
 -2.54593938e+00 -1.89433333e+01 -9.91370106e-01  4.07641636e+01
 -5.74050352e+01  1.64472636e+01  4.46597226e+00  3.27695250e+00
 -1.24174868e+00 -1.27752448e+00  1.19101280e+00  7.96200774e-01
  1.71588307e+02  7.42104656e+00  5.76827443e-01 -7.24541769e+00
 -1.61558379e+01 -3.26906821e+02  1.61522869e+02  1.94669002e+00
 -5.38379305e+00 -3.28598165e+01  1.23971329e+01  7.06442584e+00
  2.01310187e+01 -3.31542264e+00 -3.44838396e+01 -8.21098667e+00
 -7.37476685e+00 -1.04875834e+02 -2.85281524e+00  1.16459038e+00
  2.10963075e+01 -2.47327952e+01  1.50365930e+01  9.72598950e-01
  1.08627013e+01  1.49089278e+00  2.77757614e-01  8.93900538e-01
 -1.84916678e-01 -2.14551737e+01  6.95510938e+00  3.61757021e+01
  1.32723992e+00 -8.32787332e+01 -3.19141227e+00 -2.16261062e+01
  1.18419177e+00  8.10249447e-02  1.86029568e+00  1.62176479e+01
  2.40487384e+00 -5.84448498e-01 -3.79508869e+00 -2.16285072e+02
  1.41566453e+00  9.10968599e+00 -1.13994408e+01 -4.23591922e+01
  2.34018558e+01  8.99324112e+00  1.07601664e+00  1.47680842e+00
 -1.65608257e-01 -7.82199715e+01  6.80107196e+01 -2.64653569e+01
 -5.19766645e+01 -2.50561483e+00 -3.60585113e+00 -2.46149318e+00
  1.15805094e+02 -1.16667810e+02  2.23256282e+00  2.97720472e+00
 -3.40032044e+00 -2.27693401e+00 -5.26798052e+00  1.03108340e+00
 -1.80937075e-01  1.56009687e+01  8.17112267e+00 -9.35997909e+00
 -7.67680540e-01  2.83470853e+00 -1.63822098e+01  1.27343511e+02
 -1.69895821e-01  9.57586174e-01 -2.53290036e+01 -1.67243985e+00
  5.01935723e+01 -3.35249030e+01  8.31701530e+00 -1.82292107e+01
 -8.23257973e+00 -3.41614868e+00 -1.95736963e+01 -4.23694985e+00
  4.87635036e+01 -8.74669760e-01  1.21646980e-01  4.12973708e-02
 -1.80497319e+01 -6.23383932e+01 -6.21073670e-01  6.27218497e-01
  1.72840563e+00  1.88063413e+00 -2.30588955e+01  1.40167279e+01
 -2.11901115e+01  4.03862329e+00 -8.70542270e-01  6.24848590e-01
 -9.60792034e+00 -1.67624045e+01  7.07765728e-01  1.16545320e+00
  1.42597855e+01 -3.49146017e+01  8.72652048e+00 -1.57285751e+00
  3.56086833e+01 -2.38162031e+01  7.07700040e-02  4.07251116e-01
 -5.74491773e+00  1.28777695e+01  9.92592043e+01  1.72688407e+00
 -3.23484123e+00 -1.10332682e+00  7.84642370e-01  1.02331080e+02
 -4.24267466e-01 -1.97243389e+01  4.41539019e-03 -9.13305500e+00
 -3.71931008e+00  9.80005103e+00  5.22939711e-01 -4.17643565e+00
  4.99293035e-01  1.27632255e+01  6.35674911e+00 -3.51060742e+00
  8.07463426e-01 -7.79404674e+00  2.38506324e-01  3.71434467e+00
 -1.77648127e+00 -1.27504089e+00  7.72083218e+00 -1.04529406e+00
  2.43194815e+00 -1.00922228e+01  1.55807608e+02  9.10812991e+00
  3.08850811e+01 -1.04434561e+01 -1.53560324e+00 -6.57049249e+00
  8.17952713e+01  9.86292210e+01  9.14661267e+00  1.01338262e+01
 -3.25493053e+00  1.61732744e+00 -4.40737125e+01 -7.47382406e-01
  6.96349218e+01 -1.54502780e+00  3.73003035e+00  6.47558321e+01
 -2.61461326e+00 -2.44146836e+01 -1.40783296e+01 -1.11771026e+01
  3.64590369e+00  3.02956856e+01  6.46327138e-01 -4.92502775e+00
 -7.01722122e-01 -3.22792600e+00 -3.18268509e+01 -1.21367100e+01
 -3.56423483e+01  7.59090448e+01 -6.45991295e-01 -3.36811951e+00
 -6.29352612e+00 -6.26072442e+00 -1.89849991e+01  7.73875851e+00
 -4.16630682e+00  1.29432071e+00 -1.71597196e+02  2.49934983e+01
  1.07803960e+02  3.49461894e+00  2.24244057e+01  6.64861848e-01
  1.47984930e+01  6.86682127e+00  1.45308831e+01  2.37617642e+00
 -5.06677938e-01 -6.53981728e+00 -4.13468070e+01 -2.51419146e+01
 -2.71129389e+00  9.03669166e+01 -1.85494847e-01 -2.98740595e+01
 -1.02457836e+02 -7.40699787e+00 -4.23618082e+01 -2.95581154e+01
 -2.45612553e+01 -1.47331821e-01 -1.19314618e+01  4.42002890e+00
  1.18409472e+00  1.88101804e+00 -6.76775516e-01  8.40164639e-01
 -2.47911777e+01  7.71046054e-01 -1.22910098e+00  1.73000222e+01
  2.41378528e+00  1.41341235e+00  1.05834732e+02 -1.74449380e+01
 -4.23105009e+02  4.89241033e+00  8.48316948e+01 -4.26308800e+02
  1.14417277e+00  6.89667961e+00  2.07588369e+00  2.37646702e+01
 -1.69773437e+00 -1.43174743e+02 -6.47509885e-01 -1.44313434e+00
 -5.86440779e-01 -1.50896212e+01 -1.12649705e-02  1.05910234e+01
 -1.16651788e+01  3.92399173e+00  1.13469561e+02 -1.86840373e+00
  1.27956301e+00  3.10541609e-01  6.42193988e+00  6.28478283e+01
  7.19009420e+00 -8.12444681e+00  3.70695523e+01  6.17454179e+00
  1.06056407e+01  9.29693588e+01  2.45575944e+01 -1.32535519e+02
  4.46110103e+00  1.43782418e+02 -3.81788698e+01  4.97990107e-01
 -2.31121241e+00 -8.61606009e+00 -3.81386031e+00  8.54238513e+02
  3.38485832e+00 -2.92279321e+02 -6.76067457e-01  7.96051766e-01
 -1.01556322e+02 -4.76792029e+01 -1.16382568e+01  1.21593122e+01
  6.68316458e+01 -1.62925536e+00  4.01606739e-01 -2.71047197e+00
 -2.30791708e+00  4.94271718e+00  8.07712199e-01 -6.14686462e+00
 -1.05674922e+01  2.92805961e+00  1.79991183e+00 -7.40762300e+01
  1.22042646e+02 -4.61292686e-01 -1.17551792e+00  5.82677679e-01
 -1.96701269e+02 -1.40349560e+01 -1.23712113e+01  1.17561607e-01
  7.10076847e+01  1.86465268e+01  7.85204266e-01 -9.40094461e+00
  1.54237760e+01 -5.37604443e-01 -1.08339372e+01 -1.01545499e+01
  1.25665916e+02  3.27014180e+00 -8.32321508e+00  8.13119731e+00
  2.03783989e+01  2.12475495e+01  4.16331563e+00 -3.77706176e+01
 -1.38326641e+01  4.26572717e+00 -7.78798616e-01 -2.75347601e-01
  6.40292491e+02 -2.36869593e+01  5.51655226e+01  2.91794286e+00
  2.02478049e+01  3.20306470e+01  8.21843864e+01 -2.20475156e+02
 -4.84540094e+00  8.21099044e+00  5.40679655e+01 -3.56104900e+01
  3.72991078e+01 -3.73070964e+02  1.01694839e+01  1.06041331e+01
  4.49453891e+01  5.71036017e-01  3.35608202e+02  2.21240727e+01
 -1.19681372e+01  6.09923651e+00  8.05051245e+00  1.46721427e+02
 -2.52173268e+00  1.74135382e+01 -1.40038889e+00 -2.22711421e+00
  1.35029643e+00 -3.89916545e+01 -3.62724368e+00  3.08889807e+01
  6.41578992e-01  1.12178223e+03  1.22162943e+00 -1.08300074e+01
  8.21697567e-01  5.12597052e-01 -1.19276637e+00  1.14782318e+01
 -8.47689264e-01  1.01306263e+01  3.22605177e+01  9.26257731e-01
 -1.95144100e-02 -1.01362886e+00  4.69284714e+00  1.19869859e+00
 -5.70502266e+00  6.15506170e+01  3.37023471e+00 -2.47603347e+00
 -1.27855946e+00  6.27977183e-01 -1.78291009e+00  1.98741368e+01
  4.19474322e-02  5.95518678e-01  1.73293505e+00 -7.73122812e-02
 -3.31779106e-02 -7.71020843e+00 -2.48630362e+01  6.14602360e+01
 -2.68325618e+01 -1.33929013e+02 -2.98915805e+00  8.00343735e-01
  8.52723291e-01 -5.30917868e-01 -1.81961674e+00 -5.06771339e+01
  2.95560597e+00  9.41890347e+00 -6.10757224e+00 -1.13817950e+01
 -1.14589005e+02 -4.52688072e+02 -3.43376360e+01  2.50291634e+01
 -4.82228357e+01  5.17668281e+02  3.16016843e-01 -7.08208238e-01
 -4.43666911e+00 -1.06674024e+00 -1.11727533e+00  1.48952097e+02
  7.82918751e-01  6.10204038e+01  3.17696010e+01 -3.66478956e+00
  8.00282252e-01  6.55984608e+00 -3.39943928e+00 -1.12378064e+02
 -8.17652117e-01 -9.16310379e+00  4.41850132e-01  5.21963517e+00
  1.24926721e+02 -5.44250445e+00  1.44322555e+01  1.06100764e+00
 -2.82734825e-01  6.49793580e-01 -7.45897744e+01  7.51224952e-01
  8.47545717e-01 -6.74508534e+00  1.16824631e+01 -4.06309152e+01
  2.62368631e+01  5.27868228e+00  5.28757519e+00 -1.60528598e+01
 -7.32903765e+01  6.46123207e+01 -7.19401219e+00 -6.26996681e-01
 -4.41259875e-01  3.07214411e+01 -7.16216882e+01 -1.37312882e+01
 -3.39928677e+00 -2.14378306e+00  2.61565157e+00 -1.31153809e+00
 -3.27107129e+01 -2.28738386e+03  1.36257106e+00  9.32307047e+01
  2.97634709e+00  9.88544685e+00 -1.52616643e+01 -2.30462017e+00
  4.98638598e+01 -7.31175323e+00 -2.25005184e+01  1.46335713e+01
 -2.43663349e+00  1.80752148e+01 -1.90260405e+01  2.55437865e+00
  2.08156619e+01  1.20819825e+01 -2.67758114e+00  5.90583256e+00
 -3.96562491e+02 -9.51977668e+00 -4.31522104e+01  1.98273738e+01
  1.31355573e+01 -4.13517519e-01 -1.40451015e+01 -2.42070608e+01
 -8.75069447e+01  9.12168834e-01 -2.32260788e+01  6.20861257e+01
 -2.04132717e+01  9.13119169e+00  2.73748955e+01  8.03524289e+00
 -4.33163005e+01 -2.32095918e+01  2.84666138e+00 -9.18743976e-01
 -3.53030351e+00  2.87887930e+01  6.08343200e-01  8.31819360e+00
 -1.28381673e-01  1.01996414e+01 -1.71702162e+01 -9.72391460e+01
 -1.00705636e+02 -3.04862425e+01  9.15702728e+01 -2.82858798e-01
 -7.36119331e+01  6.14698567e+00 -1.38254165e+01  5.24855862e+01
 -2.96728940e+00  1.45556539e+02  2.34539220e+01  3.94175863e+00
  1.55603557e+00 -1.55598414e+01 -2.15356071e-01  1.74368461e+00
  1.43326812e+02 -7.04698118e+00  1.54372334e+01  1.79141639e+02
 -2.90563106e+01 -5.32605245e-01 -4.99873835e+00  2.61074609e+01
  3.26122919e+00 -9.07110556e+00  5.64863794e+01 -1.75773921e+00
 -5.79455890e+00  6.36830602e+01  8.41058553e-01  2.71545647e+01
  7.77327575e+01  4.91220468e+00  9.48118849e+00 -2.29789873e+00
  5.64893623e-01  1.79594300e+00  3.77142719e+00  3.45209686e+00
 -1.44162992e+00 -1.63650806e-01 -3.90017149e+01  1.08770293e+01
  7.78614396e+01 -1.41173899e+00  3.69635744e+01  1.17105946e+00
 -4.70080512e+00  2.84532787e-01  1.99621909e+01 -2.75897574e+01
 -2.29824434e+02 -5.45240633e+00  6.72859963e+00  6.07677242e+02
 -1.05385468e+01 -6.27319336e+01  2.80835747e+01 -1.20982048e+01
  2.65814412e+00 -2.81747413e+00 -8.89689291e+00  1.86850515e+01
  2.62127099e+00 -9.14781093e+00  1.66671893e+01  6.02406389e+02
 -7.01530827e+01  1.94179506e+00 -2.32328398e-01  1.49030106e+02
 -1.18152791e+00 -3.92939413e+00  5.75307137e-01  3.24811592e+00
  4.90814370e+01  3.36702360e+00  6.95047755e-01 -1.01383230e+01
 -1.52194134e+01  2.95505784e+01 -1.27298547e+00  1.11601916e+01
  2.50880541e+00  7.21281249e-01  7.62845167e+00  1.12139887e+00
  2.42990027e+01 -6.03333745e+00  2.33956591e+01 -2.47451754e+01
 -7.55388073e+00  5.41791225e+00 -1.86287703e+01 -4.56989805e+01
  2.48351446e+01  1.91537530e+01 -4.16277603e+00  1.37031725e+01
  1.03154822e+00 -2.03897429e+01  1.21340460e+00 -1.07879191e+01
  8.42075150e-01  1.13678139e+00 -2.03424255e+01 -3.02785485e+01
 -2.59195336e+00 -9.37852093e+00 -9.63347975e+00 -1.86450993e+01
  2.04027616e+02  8.20400124e-01 -2.13208316e+00 -8.09192640e+00
  1.32819036e+00  8.34603091e+00  1.15992885e+00 -9.21138914e-02
  2.43172409e+00 -4.60448835e-01 -1.53498534e+01  8.49873553e+00
 -2.94508754e+01  1.81980412e+01  1.10021224e+02 -4.28976790e+00
 -5.20821756e+00  9.61489897e-01  5.34738256e+01 -5.46905070e+00
 -1.56526959e+01 -3.99378601e+01 -1.90812164e+01  1.09870618e+01
 -1.00423960e+00  4.82549792e+01 -1.14950441e+00  1.80295867e+00
 -3.75339764e+00  2.40044402e+00  6.27258539e-01 -1.75021887e+02
 -3.41473958e+01  1.25929070e+00 -1.43143884e+00 -2.58818908e+00
  4.46685077e+00 -1.76757614e+00 -7.48108064e+00 -1.48521986e+01]