[0.00000000e+00 9.70873786e-04 2.91262136e-03 2.91262136e-03
 3.88349515e-03 3.88349515e-03 5.82524272e-03 5.82524272e-03
 6.79611650e-03 6.79611650e-03 1.26213592e-02 1.26213592e-02
 1.45631068e-02 1.45631068e-02 2.13592233e-02 2.13592233e-02
 2.62135922e-02 2.62135922e-02 2.91262136e-02 2.91262136e-02
 3.30097087e-02 3.30097087e-02 3.39805825e-02 3.39805825e-02
 3.49514563e-02 3.49514563e-02 3.59223301e-02 3.59223301e-02
 3.68932039e-02 3.68932039e-02 4.17475728e-02 4.17475728e-02
 4.56310680e-02 4.56310680e-02 4.66019417e-02 4.66019417e-02
 4.95145631e-02 4.95145631e-02 5.04854369e-02 5.04854369e-02
 5.63106796e-02 5.63106796e-02 5.72815534e-02 5.72815534e-02
 5.92233010e-02 5.92233010e-02 6.01941748e-02 6.01941748e-02
 6.40776699e-02 6.40776699e-02 6.60194175e-02 6.60194175e-02
 6.69902913e-02 6.69902913e-02 6.79611650e-02 6.79611650e-02
 6.89320388e-02 6.89320388e-02 7.08737864e-02 7.08737864e-02
 7.18446602e-02 7.18446602e-02 7.47572816e-02 7.47572816e-02
 7.66990291e-02 7.66990291e-02 8.34951456e-02 8.34951456e-02
 8.54368932e-02 8.54368932e-02 8.83495146e-02 8.83495146e-02
 8.93203883e-02 8.93203883e-02 9.02912621e-02 9.02912621e-02
 9.12621359e-02 9.12621359e-02 9.22330097e-02 9.22330097e-02
 9.51456311e-02 9.51456311e-02 9.70873786e-02 9.70873786e-02
 1.05825243e-01 1.05825243e-01 1.11650485e-01 1.11650485e-01
 1.14563107e-01 1.14563107e-01 1.15533981e-01 1.15533981e-01
 1.21359223e-01 1.21359223e-01 1.25242718e-01 1.25242718e-01
 1.28155340e-01 1.28155340e-01 1.29126214e-01 1.29126214e-01
 1.33980583e-01 1.33980583e-01 1.35922330e-01 1.35922330e-01
 1.44660194e-01 1.44660194e-01 1.47572816e-01 1.47572816e-01
 1.48543689e-01 1.48543689e-01 1.52427184e-01 1.52427184e-01
 1.54368932e-01 1.54368932e-01 1.57281553e-01 1.57281553e-01
 1.58252427e-01 1.58252427e-01 1.65048544e-01 1.65048544e-01
 1.66019417e-01 1.66019417e-01 1.66990291e-01 1.66990291e-01
 1.70873786e-01 1.70873786e-01 1.71844660e-01 1.71844660e-01
 1.74757282e-01 1.74757282e-01 1.78640777e-01 1.78640777e-01
 1.79611650e-01 1.79611650e-01 1.81553398e-01 1.81553398e-01
 1.86407767e-01 1.86407767e-01 1.87378641e-01 1.87378641e-01
 1.88349515e-01 1.88349515e-01 1.91262136e-01 1.91262136e-01
 1.92233010e-01 1.92233010e-01 1.93203883e-01 1.93203883e-01
 1.94174757e-01 1.94174757e-01 1.97087379e-01 1.97087379e-01
 1.99029126e-01 1.99029126e-01 2.00000000e-01 2.00000000e-01
 2.02912621e-01 2.02912621e-01 2.06796117e-01 2.06796117e-01
 2.09708738e-01 2.09708738e-01 2.14563107e-01 2.14563107e-01
 2.15533981e-01 2.15533981e-01 2.16504854e-01 2.16504854e-01
 2.17475728e-01 2.17475728e-01 2.22330097e-01 2.22330097e-01
 2.23300971e-01 2.23300971e-01 2.26213592e-01 2.26213592e-01
 2.27184466e-01 2.27184466e-01 2.29126214e-01 2.29126214e-01
 2.31067961e-01 2.31067961e-01 2.33009709e-01 2.33009709e-01
 2.33980583e-01 2.33980583e-01 2.35922330e-01 2.35922330e-01
 2.36893204e-01 2.36893204e-01 2.38834951e-01 2.38834951e-01
 2.39805825e-01 2.39805825e-01 2.40776699e-01 2.40776699e-01
 2.45631068e-01 2.45631068e-01 2.46601942e-01 2.46601942e-01
 2.51456311e-01 2.51456311e-01 2.53398058e-01 2.53398058e-01
 2.55339806e-01 2.55339806e-01 2.57281553e-01 2.57281553e-01
 2.61165049e-01 2.61165049e-01 2.64077670e-01 2.64077670e-01
 2.67961165e-01 2.67961165e-01 2.68932039e-01 2.68932039e-01
 2.69902913e-01 2.69902913e-01 2.73786408e-01 2.73786408e-01
 2.74757282e-01 2.74757282e-01 2.75728155e-01 2.75728155e-01
 2.79611650e-01 2.79611650e-01 2.80582524e-01 2.80582524e-01
 2.81553398e-01 2.81553398e-01 2.82524272e-01 2.82524272e-01
 2.83495146e-01 2.83495146e-01 2.84466019e-01 2.84466019e-01
 2.87378641e-01 2.87378641e-01 2.88349515e-01 2.88349515e-01
 2.92233010e-01 2.92233010e-01 2.95145631e-01 2.95145631e-01
 2.97087379e-01 2.97087379e-01 3.00000000e-01 3.00000000e-01
 3.00970874e-01 3.00970874e-01 3.06796117e-01 3.06796117e-01
 3.08737864e-01 3.08737864e-01 3.10679612e-01 3.10679612e-01
 3.11650485e-01 3.11650485e-01 3.12621359e-01 3.12621359e-01
 3.15533981e-01 3.15533981e-01 3.19417476e-01 3.19417476e-01
 3.22330097e-01 3.22330097e-01 3.24271845e-01 3.24271845e-01
 3.27184466e-01 3.27184466e-01 3.32038835e-01 3.32038835e-01
 3.33009709e-01 3.33009709e-01 3.39805825e-01 3.39805825e-01
 3.40776699e-01 3.40776699e-01 3.41747573e-01 3.41747573e-01
 3.42718447e-01 3.42718447e-01 3.48543689e-01 3.48543689e-01
 3.53398058e-01 3.53398058e-01 3.56310680e-01 3.56310680e-01
 3.57281553e-01 3.57281553e-01 3.58252427e-01 3.58252427e-01
 3.61165049e-01 3.61165049e-01 3.64077670e-01 3.64077670e-01
 3.65048544e-01 3.65048544e-01 3.66990291e-01 3.66990291e-01
 3.69902913e-01 3.69902913e-01 3.70873786e-01 3.70873786e-01
 3.72815534e-01 3.72815534e-01 3.73786408e-01 3.73786408e-01
 3.76699029e-01 3.76699029e-01 3.77669903e-01 3.77669903e-01
 3.78640777e-01 3.78640777e-01 3.79611650e-01 3.79611650e-01
 3.80582524e-01 3.80582524e-01 3.81553398e-01 3.81553398e-01
 3.86407767e-01 3.86407767e-01 3.87378641e-01 3.87378641e-01
 3.89320388e-01 3.89320388e-01 3.92233010e-01 3.92233010e-01
 3.93203883e-01 3.93203883e-01 3.94174757e-01 3.94174757e-01
 3.95145631e-01 3.95145631e-01 3.99029126e-01 3.99029126e-01
 4.00970874e-01 4.00970874e-01 4.02912621e-01 4.02912621e-01
 4.03883495e-01 4.03883495e-01 4.05825243e-01 4.05825243e-01
 4.07766990e-01 4.07766990e-01 4.11650485e-01 4.11650485e-01
 4.13592233e-01 4.13592233e-01 4.14563107e-01 4.14563107e-01
 4.16504854e-01 4.16504854e-01 4.18446602e-01 4.18446602e-01
 4.21359223e-01 4.21359223e-01 4.23300971e-01 4.23300971e-01
 4.26213592e-01 4.26213592e-01 4.27184466e-01 4.27184466e-01
 4.28155340e-01 4.28155340e-01 4.29126214e-01 4.29126214e-01
 4.30097087e-01 4.30097087e-01 4.33009709e-01 4.33009709e-01
 4.33980583e-01 4.33980583e-01 4.34951456e-01 4.34951456e-01
 4.37864078e-01 4.37864078e-01 4.39805825e-01 4.39805825e-01
 4.43689320e-01 4.43689320e-01 4.44660194e-01 4.44660194e-01
 4.45631068e-01 4.45631068e-01 4.47572816e-01 4.47572816e-01
 4.48543689e-01 4.48543689e-01 4.49514563e-01 4.49514563e-01
 4.51456311e-01 4.51456311e-01 4.53398058e-01 4.53398058e-01
 4.54368932e-01 4.54368932e-01 4.59223301e-01 4.59223301e-01
 4.66019417e-01 4.66019417e-01 4.68932039e-01 4.68932039e-01
 4.69902913e-01 4.69902913e-01 4.70873786e-01 4.70873786e-01
 4.71844660e-01 4.71844660e-01 4.73786408e-01 4.73786408e-01
 4.74757282e-01 4.74757282e-01 4.76699029e-01 4.76699029e-01
 4.77669903e-01 4.77669903e-01 4.80582524e-01 4.80582524e-01
 4.81553398e-01 4.81553398e-01 4.82524272e-01 4.82524272e-01
 4.83495146e-01 4.83495146e-01 4.84466019e-01 4.84466019e-01
 4.85436893e-01 4.85436893e-01 4.86407767e-01 4.86407767e-01
 4.87378641e-01 4.87378641e-01 4.88349515e-01 4.88349515e-01
 4.92233010e-01 4.92233010e-01 4.96116505e-01 4.96116505e-01
 4.97087379e-01 4.97087379e-01 4.99029126e-01 4.99029126e-01
 5.00000000e-01 5.00000000e-01 5.01941748e-01 5.01941748e-01
 5.02912621e-01 5.02912621e-01 5.05825243e-01 5.05825243e-01
 5.07766990e-01 5.07766990e-01 5.08737864e-01 5.08737864e-01
 5.12621359e-01 5.12621359e-01 5.13592233e-01 5.13592233e-01
 5.17475728e-01 5.17475728e-01 5.21359223e-01 5.21359223e-01
 5.22330097e-01 5.22330097e-01 5.24271845e-01 5.24271845e-01
 5.25242718e-01 5.25242718e-01 5.26213592e-01 5.26213592e-01
 5.30097087e-01 5.30097087e-01 5.32038835e-01 5.32038835e-01
 5.33009709e-01 5.33009709e-01 5.33980583e-01 5.33980583e-01
 5.34951456e-01 5.34951456e-01 5.37864078e-01 5.37864078e-01
 5.38834951e-01 5.38834951e-01 5.39805825e-01 5.39805825e-01
 5.40776699e-01 5.40776699e-01 5.41747573e-01 5.41747573e-01
 5.43689320e-01 5.43689320e-01 5.44660194e-01 5.44660194e-01
 5.45631068e-01 5.45631068e-01 5.48543689e-01 5.48543689e-01
 5.49514563e-01 5.49514563e-01 5.50485437e-01 5.50485437e-01
 5.52427184e-01 5.52427184e-01 5.53398058e-01 5.53398058e-01
 5.55339806e-01 5.55339806e-01 5.56310680e-01 5.56310680e-01
 5.58252427e-01 5.58252427e-01 5.59223301e-01 5.59223301e-01
 5.60194175e-01 5.60194175e-01 5.63106796e-01 5.63106796e-01
 5.65048544e-01 5.65048544e-01 5.66990291e-01 5.66990291e-01
 5.72815534e-01 5.72815534e-01 5.73786408e-01 5.73786408e-01
 5.74757282e-01 5.74757282e-01 5.75728155e-01 5.75728155e-01
 5.76699029e-01 5.76699029e-01 5.77669903e-01 5.77669903e-01
 5.78640777e-01 5.78640777e-01 5.81553398e-01 5.81553398e-01
 5.83495146e-01 5.83495146e-01 5.85436893e-01 5.85436893e-01
 5.87378641e-01 5.87378641e-01 5.88349515e-01 5.88349515e-01
 5.90291262e-01 5.90291262e-01 5.92233010e-01 5.92233010e-01
 5.93203883e-01 5.93203883e-01 5.96116505e-01 5.96116505e-01
 6.00000000e-01 6.00000000e-01 6.08737864e-01 6.08737864e-01
 6.14563107e-01 6.14563107e-01 6.16504854e-01 6.16504854e-01
 6.17475728e-01 6.17475728e-01 6.18446602e-01 6.18446602e-01
 6.20388350e-01 6.20388350e-01 6.22330097e-01 6.22330097e-01
 6.23300971e-01 6.23300971e-01 6.25242718e-01 6.25242718e-01
 6.28155340e-01 6.28155340e-01 6.30097087e-01 6.30097087e-01
 6.32038835e-01 6.32038835e-01 6.33980583e-01 6.33980583e-01
 6.35922330e-01 6.35922330e-01 6.36893204e-01 6.36893204e-01
 6.37864078e-01 6.37864078e-01 6.46601942e-01 6.46601942e-01
 6.48543689e-01 6.48543689e-01 6.49514563e-01 6.49514563e-01
 6.50485437e-01 6.50485437e-01 6.51456311e-01 6.51456311e-01
 6.54368932e-01 6.54368932e-01 6.55339806e-01 6.55339806e-01
 6.56310680e-01 6.56310680e-01 6.57281553e-01 6.57281553e-01
 6.58252427e-01 6.58252427e-01 6.59223301e-01 6.59223301e-01
 6.60194175e-01 6.60194175e-01 6.63106796e-01 6.63106796e-01
 6.64077670e-01 6.64077670e-01 6.65048544e-01 6.65048544e-01
 6.66990291e-01 6.66990291e-01 6.68932039e-01 6.68932039e-01
 6.70873786e-01 6.70873786e-01 6.76699029e-01 6.76699029e-01
 6.78640777e-01 6.78640777e-01 6.79611650e-01 6.79611650e-01
 6.81553398e-01 6.81553398e-01 6.83495146e-01 6.83495146e-01
 6.85436893e-01 6.85436893e-01 6.86407767e-01 6.86407767e-01
 6.87378641e-01 6.87378641e-01 6.89320388e-01 6.89320388e-01
 6.91262136e-01 6.91262136e-01 6.92233010e-01 6.92233010e-01
 6.93203883e-01 6.93203883e-01 6.96116505e-01 6.96116505e-01
 6.99029126e-01 6.99029126e-01 7.00970874e-01 7.00970874e-01
 7.02912621e-01 7.02912621e-01 7.03883495e-01 7.03883495e-01
 7.04854369e-01 7.04854369e-01 7.05825243e-01 7.05825243e-01
 7.06796117e-01 7.06796117e-01 7.07766990e-01 7.07766990e-01
 7.09708738e-01 7.09708738e-01 7.13592233e-01 7.13592233e-01
 7.15533981e-01 7.15533981e-01 7.19417476e-01 7.19417476e-01
 7.21359223e-01 7.21359223e-01 7.25242718e-01 7.25242718e-01
 7.26213592e-01 7.26213592e-01 7.28155340e-01 7.28155340e-01
 7.29126214e-01 7.29126214e-01 7.31067961e-01 7.31067961e-01
 7.33009709e-01 7.33009709e-01 7.36893204e-01 7.36893204e-01
 7.38834951e-01 7.38834951e-01 7.43689320e-01 7.43689320e-01
 7.44660194e-01 7.44660194e-01 7.46601942e-01 7.46601942e-01
 7.48543689e-01 7.48543689e-01 7.50485437e-01 7.50485437e-01
 7.51456311e-01 7.51456311e-01 7.54368932e-01 7.54368932e-01
 7.55339806e-01 7.55339806e-01 7.56310680e-01 7.56310680e-01
 7.58252427e-01 7.58252427e-01 7.60194175e-01 7.60194175e-01
 7.61165049e-01 7.61165049e-01 7.62135922e-01 7.62135922e-01
 7.64077670e-01 7.64077670e-01 7.65048544e-01 7.65048544e-01
 7.66990291e-01 7.66990291e-01 7.67961165e-01 7.67961165e-01
 7.68932039e-01 7.68932039e-01 7.69902913e-01 7.69902913e-01
 7.72815534e-01 7.72815534e-01 7.74757282e-01 7.74757282e-01
 7.76699029e-01 7.76699029e-01 7.77669903e-01 7.77669903e-01
 7.80582524e-01 7.80582524e-01 7.88349515e-01 7.88349515e-01
 7.90291262e-01 7.90291262e-01 7.91262136e-01 7.91262136e-01
 7.93203883e-01 7.93203883e-01 7.95145631e-01 7.95145631e-01
 7.96116505e-01 7.96116505e-01 7.97087379e-01 7.97087379e-01
 7.98058252e-01 7.98058252e-01 8.02912621e-01 8.02912621e-01
 8.05825243e-01 8.05825243e-01 8.07766990e-01 8.07766990e-01
 8.08737864e-01 8.08737864e-01 8.11650485e-01 8.11650485e-01
 8.12621359e-01 8.12621359e-01 8.13592233e-01 8.13592233e-01
 8.22330097e-01 8.22330097e-01 8.23300971e-01 8.23300971e-01
 8.27184466e-01 8.27184466e-01 8.29126214e-01 8.29126214e-01
 8.31067961e-01 8.31067961e-01 8.34951456e-01 8.34951456e-01
 8.35922330e-01 8.35922330e-01 8.37864078e-01 8.37864078e-01
 8.44660194e-01 8.44660194e-01 8.46601942e-01 8.46601942e-01
 8.47572816e-01 8.47572816e-01 8.48543689e-01 8.48543689e-01
 8.50485437e-01 8.50485437e-01 8.52427184e-01 8.52427184e-01
 8.53398058e-01 8.53398058e-01 8.54368932e-01 8.54368932e-01
 8.55339806e-01 8.55339806e-01 8.57281553e-01 8.57281553e-01
 8.58252427e-01 8.58252427e-01 8.59223301e-01 8.59223301e-01
 8.60194175e-01 8.60194175e-01 8.63106796e-01 8.63106796e-01
 8.67961165e-01 8.67961165e-01 8.68932039e-01 8.68932039e-01
 8.70873786e-01 8.70873786e-01 8.72815534e-01 8.72815534e-01
 8.77669903e-01 8.77669903e-01 8.78640777e-01 8.78640777e-01
 8.82524272e-01 8.82524272e-01 8.84466019e-01 8.84466019e-01
 8.85436893e-01 8.85436893e-01 8.88349515e-01 8.88349515e-01
 8.89320388e-01 8.89320388e-01 8.90291262e-01 8.90291262e-01
 8.92233010e-01 8.92233010e-01 8.96116505e-01 8.96116505e-01
 8.97087379e-01 8.97087379e-01 8.98058252e-01 8.98058252e-01
 9.00000000e-01 9.00000000e-01 9.03883495e-01 9.03883495e-01
 9.05825243e-01 9.05825243e-01 9.06796117e-01 9.06796117e-01
 9.07766990e-01 9.07766990e-01 9.08737864e-01 9.08737864e-01
 9.12621359e-01 9.12621359e-01 9.13592233e-01 9.13592233e-01
 9.14563107e-01 9.14563107e-01 9.15533981e-01 9.15533981e-01
 9.17475728e-01 9.17475728e-01 9.18446602e-01 9.18446602e-01
 9.19417476e-01 9.19417476e-01 9.22330097e-01 9.22330097e-01
 9.23300971e-01 9.23300971e-01 9.24271845e-01 9.24271845e-01
 9.25242718e-01 9.25242718e-01 9.27184466e-01 9.27184466e-01
 9.29126214e-01 9.29126214e-01 9.33009709e-01 9.33009709e-01
 9.33980583e-01 9.33980583e-01 9.34951456e-01 9.34951456e-01
 9.35922330e-01 9.35922330e-01 9.38834951e-01 9.38834951e-01
 9.40776699e-01 9.40776699e-01 9.41747573e-01 9.41747573e-01
 9.43689320e-01 9.43689320e-01 9.44660194e-01 9.44660194e-01
 9.46601942e-01 9.46601942e-01 9.47572816e-01 9.47572816e-01
 9.49514563e-01 9.49514563e-01 9.50485437e-01 9.50485437e-01
 9.53398058e-01 9.53398058e-01 9.54368932e-01 9.54368932e-01
 9.55339806e-01 9.55339806e-01 9.56310680e-01 9.56310680e-01
 9.57281553e-01 9.57281553e-01 9.59223301e-01 9.59223301e-01
 9.60194175e-01 9.60194175e-01 9.61165049e-01 9.61165049e-01
 9.62135922e-01 9.62135922e-01 9.63106796e-01 9.63106796e-01
 9.65048544e-01 9.65048544e-01 9.66990291e-01 9.66990291e-01
 9.67961165e-01 9.67961165e-01 9.69902913e-01 9.69902913e-01
 9.70873786e-01 9.70873786e-01 9.71844660e-01 9.71844660e-01
 9.74757282e-01 9.74757282e-01 9.75728155e-01 9.75728155e-01
 9.76699029e-01 9.76699029e-01 9.78640777e-01 9.78640777e-01
 9.80582524e-01 9.80582524e-01 9.81553398e-01 9.81553398e-01
 9.82524272e-01 9.82524272e-01 9.84466019e-01 9.84466019e-01
 9.87378641e-01 9.87378641e-01 9.88349515e-01 9.88349515e-01
 9.89320388e-01 9.89320388e-01 9.90291262e-01 9.90291262e-01
 9.91262136e-01 9.91262136e-01 9.92233010e-01 9.92233010e-01
 9.93203883e-01 9.93203883e-01 9.94174757e-01 9.94174757e-01
 9.95145631e-01 9.95145631e-01 9.97087379e-01 9.97087379e-01
 9.98058252e-01 9.98058252e-01 9.99029126e-01 9.99029126e-01
 1.00000000e+00]