[0.         0.00217865 0.00217865 0.0043573  0.0043573  0.00653595
 0.00653595 0.01525054 0.01525054 0.01960784 0.01960784 0.02396514
 0.02396514 0.02614379 0.02614379 0.02832244 0.02832244 0.03050109
 0.03050109 0.03485839 0.03485839 0.03921569 0.03921569 0.04139434
 0.04139434 0.04575163 0.04575163 0.05010893 0.05010893 0.05446623
 0.05446623 0.05664488 0.05664488 0.06100218 0.06100218 0.06753813
 0.06753813 0.06971678 0.06971678 0.07189542 0.07189542 0.07407407
 0.07407407 0.07843137 0.07843137 0.08061002 0.08061002 0.08278867
 0.08278867 0.08714597 0.08714597 0.09150327 0.09150327 0.09368192
 0.09368192 0.10021786 0.10021786 0.10457516 0.10457516 0.10675381
 0.10675381 0.10893246 0.10893246 0.11328976 0.11328976 0.12636166
 0.12636166 0.1328976  0.1328976  0.13507625 0.13507625 0.14814815
 0.14814815 0.15250545 0.15250545 0.1546841  0.1546841  0.16122004
 0.16122004 0.16339869 0.16339869 0.16557734 0.16557734 0.17211329
 0.17211329 0.17647059 0.17647059 0.18082789 0.18082789 0.18518519
 0.18518519 0.18954248 0.18954248 0.19172113 0.19172113 0.19607843
 0.19607843 0.19825708 0.19825708 0.20043573 0.20043573 0.20261438
 0.20261438 0.20697168 0.20697168 0.20915033 0.20915033 0.21350763
 0.21350763 0.22222222 0.22222222 0.22875817 0.22875817 0.23093682
 0.23093682 0.23311547 0.23311547 0.23529412 0.23529412 0.23965142
 0.23965142 0.24183007 0.24183007 0.24400871 0.24400871 0.24618736
 0.24618736 0.24836601 0.24836601 0.25054466 0.25054466 0.25272331
 0.25272331 0.25708061 0.25708061 0.26361656 0.26361656 0.26797386
 0.26797386 0.27668845 0.27668845 0.2788671  0.2788671  0.28104575
 0.28104575 0.2832244  0.2832244  0.28540305 0.28540305 0.2875817
 0.2875817  0.28976035 0.28976035 0.291939   0.291939   0.29847495
 0.29847495 0.30283224 0.30283224 0.30936819 0.30936819 0.31154684
 0.31154684 0.31372549 0.31372549 0.31590414 0.31590414 0.32461874
 0.32461874 0.32679739 0.32679739 0.33333333 0.33333333 0.33551198
 0.33551198 0.34204793 0.34204793 0.34422658 0.34422658 0.34640523
 0.34640523 0.35294118 0.35294118 0.35511983 0.35511983 0.35729847
 0.35729847 0.35947712 0.35947712 0.36383442 0.36383442 0.36601307
 0.36601307 0.36819172 0.36819172 0.37037037 0.37037037 0.37472767
 0.37472767 0.37690632 0.37690632 0.38126362 0.38126362 0.38344227
 0.38344227 0.38562092 0.38562092 0.38779956 0.38779956 0.38997821
 0.38997821 0.39215686 0.39215686 0.39433551 0.39433551 0.39869281
 0.39869281 0.40522876 0.40522876 0.40740741 0.40740741 0.41394336
 0.41394336 0.416122   0.416122   0.41830065 0.41830065 0.4204793
 0.4204793  0.4248366  0.4248366  0.43137255 0.43137255 0.43572985
 0.43572985 0.44444444 0.44444444 0.44880174 0.44880174 0.45098039
 0.45098039 0.45315904 0.45315904 0.45751634 0.45751634 0.46187364
 0.46187364 0.46405229 0.46405229 0.46623094 0.46623094 0.46840959
 0.46840959 0.47494553 0.47494553 0.47712418 0.47712418 0.47930283
 0.47930283 0.48148148 0.48148148 0.48801743 0.48801743 0.49019608
 0.49019608 0.49237473 0.49237473 0.49455338 0.49455338 0.49673203
 0.49673203 0.49891068 0.49891068 0.50326797 0.50326797 0.50762527
 0.50762527 0.50980392 0.50980392 0.51198257 0.51198257 0.51633987
 0.51633987 0.51851852 0.51851852 0.52069717 0.52069717 0.52287582
 0.52287582 0.52723312 0.52723312 0.52941176 0.52941176 0.53376906
 0.53376906 0.53594771 0.53594771 0.53812636 0.53812636 0.54248366
 0.54248366 0.54466231 0.54466231 0.54684096 0.54684096 0.55337691
 0.55337691 0.5620915  0.5620915  0.56427015 0.56427015 0.56862745
 0.56862745 0.5708061  0.5708061  0.57298475 0.57298475 0.5795207
 0.5795207  0.58169935 0.58169935 0.58605664 0.58605664 0.58823529
 0.58823529 0.59041394 0.59041394 0.59477124 0.59477124 0.59912854
 0.59912854 0.61220044 0.61220044 0.61437908 0.61437908 0.62309368
 0.62309368 0.62527233 0.62527233 0.62745098 0.62745098 0.63180828
 0.63180828 0.63398693 0.63398693 0.63616558 0.63616558 0.63834423
 0.63834423 0.64052288 0.64052288 0.64488017 0.64488017 0.64923747
 0.64923747 0.65141612 0.65141612 0.65359477 0.65359477 0.66013072
 0.66013072 0.66230937 0.66230937 0.66666667 0.66666667 0.67320261
 0.67320261 0.67973856 0.67973856 0.68409586 0.68409586 0.68627451
 0.68627451 0.69498911 0.69498911 0.69716776 0.69716776 0.69934641
 0.69934641 0.70152505 0.70152505 0.7037037  0.7037037  0.70588235
 0.70588235 0.708061   0.708061   0.7211329  0.7211329  0.7254902
 0.7254902  0.72984749 0.72984749 0.73420479 0.73420479 0.73638344
 0.73638344 0.73856209 0.73856209 0.74509804 0.74509804 0.74727669
 0.74727669 0.74945534 0.74945534 0.75163399 0.75163399 0.75599129
 0.75599129 0.75816993 0.75816993 0.76252723 0.76252723 0.76470588
 0.76470588 0.76688453 0.76688453 0.76906318 0.76906318 0.77124183
 0.77124183 0.77559913 0.77559913 0.78431373 0.78431373 0.78649237
 0.78649237 0.78867102 0.78867102 0.79084967 0.79084967 0.79302832
 0.79302832 0.79520697 0.79520697 0.80392157 0.80392157 0.80827887
 0.80827887 0.81045752 0.81045752 0.81263617 0.81263617 0.81481481
 0.81481481 0.81917211 0.81917211 0.82135076 0.82135076 0.82352941
 0.82352941 0.82788671 0.82788671 0.83006536 0.83006536 0.83660131
 0.83660131 0.84313725 0.84313725 0.8453159  0.8453159  0.84749455
 0.84749455 0.8496732  0.8496732  0.8540305  0.8540305  0.85620915
 0.85620915 0.8583878  0.8583878  0.86056645 0.86056645 0.8627451
 0.8627451  0.86492375 0.86492375 0.86928105 0.86928105 0.87799564
 0.87799564 0.88017429 0.88017429 0.88671024 0.88671024 0.88888889
 0.88888889 0.89106754 0.89106754 0.90631808 0.90631808 0.91721133
 0.91721133 0.92156863 0.92156863 0.92592593 0.92592593 0.93028322
 0.93028322 0.93464052 0.93464052 0.93681917 0.93681917 0.94117647
 0.94117647 0.94335512 0.94335512 0.95424837 0.95424837 0.96078431
 0.96078431 0.96514161 0.96514161 0.96949891 0.96949891 0.97167756
 0.97167756 0.97385621 0.97385621 0.98039216 0.98039216 0.98474946
 0.98474946 0.9869281  0.9869281  0.98910675 0.98910675 0.9912854
 0.9912854  0.99346405 0.99346405 1.        ]