[0.         0.00209205 0.00209205 0.0041841  0.0041841  0.0083682
 0.0083682  0.01046025 0.01046025 0.0125523  0.0125523  0.01464435
 0.01464435 0.0167364  0.0167364  0.01882845 0.01882845 0.0209205
 0.0209205  0.0251046  0.0251046  0.02719665 0.02719665 0.03556485
 0.03556485 0.0376569  0.0376569  0.03974895 0.03974895 0.041841
 0.041841   0.0460251  0.0460251  0.05020921 0.05020921 0.05439331
 0.05439331 0.06694561 0.06694561 0.07322176 0.07322176 0.07531381
 0.07531381 0.07740586 0.07740586 0.07949791 0.07949791 0.08577406
 0.08577406 0.09205021 0.09205021 0.10041841 0.10041841 0.10460251
 0.10460251 0.10878661 0.10878661 0.11087866 0.11087866 0.11506276
 0.11506276 0.11715481 0.11715481 0.11924686 0.11924686 0.13179916
 0.13179916 0.13389121 0.13389121 0.13598326 0.13598326 0.14225941
 0.14225941 0.14435146 0.14435146 0.15271967 0.15271967 0.16108787
 0.16108787 0.17364017 0.17364017 0.17573222 0.17573222 0.17782427
 0.17782427 0.18410042 0.18410042 0.18828452 0.18828452 0.19037657
 0.19037657 0.19246862 0.19246862 0.19456067 0.19456067 0.19665272
 0.19665272 0.20083682 0.20083682 0.20502092 0.20502092 0.20711297
 0.20711297 0.20920502 0.20920502 0.21129707 0.21129707 0.21338912
 0.21338912 0.22175732 0.22175732 0.22384937 0.22384937 0.22594142
 0.22594142 0.22803347 0.22803347 0.23012552 0.23012552 0.23430962
 0.23430962 0.23640167 0.23640167 0.24267782 0.24267782 0.24476987
 0.24476987 0.24686192 0.24686192 0.24895397 0.24895397 0.25313808
 0.25313808 0.25732218 0.25732218 0.26150628 0.26150628 0.26359833
 0.26359833 0.26778243 0.26778243 0.26987448 0.26987448 0.27405858
 0.27405858 0.27824268 0.27824268 0.28451883 0.28451883 0.28661088
 0.28661088 0.29079498 0.29079498 0.29288703 0.29288703 0.29497908
 0.29497908 0.29707113 0.29707113 0.30125523 0.30125523 0.30334728
 0.30334728 0.30753138 0.30753138 0.32217573 0.32217573 0.32426778
 0.32426778 0.32635983 0.32635983 0.33263598 0.33263598 0.33472803
 0.33472803 0.33682008 0.33682008 0.33891213 0.33891213 0.34309623
 0.34309623 0.34518828 0.34518828 0.34728033 0.34728033 0.34937238
 0.34937238 0.35146444 0.35146444 0.35355649 0.35355649 0.35564854
 0.35564854 0.35774059 0.35774059 0.36401674 0.36401674 0.37029289
 0.37029289 0.37447699 0.37447699 0.37866109 0.37866109 0.38075314
 0.38075314 0.38912134 0.38912134 0.39330544 0.39330544 0.39539749
 0.39539749 0.40376569 0.40376569 0.40794979 0.40794979 0.41004184
 0.41004184 0.41631799 0.41631799 0.42050209 0.42050209 0.42468619
 0.42468619 0.42677824 0.42677824 0.43305439 0.43305439 0.43514644
 0.43514644 0.43933054 0.43933054 0.44351464 0.44351464 0.44560669
 0.44560669 0.44769874 0.44769874 0.44979079 0.44979079 0.45606695
 0.45606695 0.46025105 0.46025105 0.4665272  0.4665272  0.46861925
 0.46861925 0.4707113  0.4707113  0.4748954  0.4748954  0.4790795
 0.4790795  0.4832636  0.4832636  0.48535565 0.48535565 0.4874477
 0.4874477  0.48953975 0.48953975 0.4916318  0.4916318  0.49372385
 0.49372385 0.49790795 0.49790795 0.5083682  0.5083682  0.51046025
 0.51046025 0.5125523  0.5125523  0.5167364  0.5167364  0.51882845
 0.51882845 0.52301255 0.52301255 0.5251046  0.5251046  0.5334728
 0.5334728  0.53556485 0.53556485 0.53974895 0.53974895 0.541841
 0.541841   0.5460251  0.5460251  0.55020921 0.55020921 0.55230126
 0.55230126 0.55648536 0.55648536 0.56066946 0.56066946 0.56276151
 0.56276151 0.57112971 0.57112971 0.57740586 0.57740586 0.58158996
 0.58158996 0.58995816 0.58995816 0.59205021 0.59205021 0.59414226
 0.59414226 0.59623431 0.59623431 0.59832636 0.59832636 0.60460251
 0.60460251 0.61297071 0.61297071 0.61506276 0.61506276 0.61715481
 0.61715481 0.61924686 0.61924686 0.62343096 0.62343096 0.62552301
 0.62552301 0.62970711 0.62970711 0.63179916 0.63179916 0.63807531
 0.63807531 0.64016736 0.64016736 0.64225941 0.64225941 0.64435146
 0.64435146 0.64853556 0.64853556 0.65062762 0.65062762 0.65271967
 0.65271967 0.65690377 0.65690377 0.66945607 0.66945607 0.67782427
 0.67782427 0.67991632 0.67991632 0.68200837 0.68200837 0.68410042
 0.68410042 0.69246862 0.69246862 0.70502092 0.70502092 0.71548117
 0.71548117 0.71757322 0.71757322 0.71966527 0.71966527 0.72175732
 0.72175732 0.72384937 0.72384937 0.72803347 0.72803347 0.73012552
 0.73012552 0.74058577 0.74058577 0.74267782 0.74267782 0.74686192
 0.74686192 0.74895397 0.74895397 0.75104603 0.75104603 0.75313808
 0.75313808 0.75732218 0.75732218 0.75941423 0.75941423 0.76150628
 0.76150628 0.76359833 0.76359833 0.76569038 0.76569038 0.76778243
 0.76778243 0.76987448 0.76987448 0.77615063 0.77615063 0.77824268
 0.77824268 0.78033473 0.78033473 0.78242678 0.78242678 0.78451883
 0.78451883 0.78870293 0.78870293 0.79079498 0.79079498 0.79288703
 0.79288703 0.79707113 0.79707113 0.79916318 0.79916318 0.80334728
 0.80334728 0.80543933 0.80543933 0.81589958 0.81589958 0.81799163
 0.81799163 0.82217573 0.82217573 0.82426778 0.82426778 0.82845188
 0.82845188 0.83263598 0.83263598 0.83682008 0.83682008 0.84100418
 0.84100418 0.84518828 0.84518828 0.85146444 0.85146444 0.85774059
 0.85774059 0.85983264 0.85983264 0.86401674 0.86401674 0.86820084
 0.86820084 0.87029289 0.87029289 0.87238494 0.87238494 0.87447699
 0.87447699 0.87866109 0.87866109 0.88284519 0.88284519 0.88493724
 0.88493724 0.89958159 0.89958159 0.90585774 0.90585774 0.90794979
 0.90794979 0.91004184 0.91004184 0.91631799 0.91631799 0.92259414
 0.92259414 0.92468619 0.92468619 0.92677824 0.92677824 0.92887029
 0.92887029 0.93514644 0.93514644 0.93933054 0.93933054 0.94142259
 0.94142259 0.94769874 0.94769874 0.9539749  0.9539749  0.95606695
 0.95606695 0.958159   0.958159   0.96443515 0.96443515 0.9665272
 0.9665272  0.9707113  0.9707113  0.9748954  0.9748954  0.9790795
 0.9790795  0.98117155 0.98117155 0.9832636  0.9832636  0.9874477
 0.9874477  0.98953975 0.98953975 0.99790795 0.99790795 1.
 1.        ]