[ 3.86126449e-02 -3.98938175e-01  5.00432521e-01 -7.93900211e-02
 -1.69719590e-01  4.24346067e-03  6.35839008e-01 -3.18669912e-01
 -8.67683079e-01  4.06549872e-01  7.83871614e-01 -3.01076510e-01
  9.40962475e-01  6.89765673e-01 -1.15499427e+00 -2.22949393e-02
  5.65865382e-01  3.45954321e-02 -7.92561116e-01  7.25649811e-01
  1.13489200e+00 -2.08731104e-01 -6.88545410e-02  7.97974905e-01
  9.88407092e-01  1.14334530e+00 -8.01919624e-01  2.89359419e-01
  3.02199988e-01  2.56623947e-01 -3.34942786e-01  3.67707380e-01
 -8.97082519e-01  1.06918485e+00 -3.02838735e-01 -1.45410475e-01
 -1.02281738e-01  4.45075335e-01  9.60617193e-02  5.51454618e-01
  4.01031390e-01  1.06113295e+00  4.99884049e-01  5.04941163e-01
 -1.04612997e-01  4.27388436e-01  9.73639367e-01 -1.14335005e+00
 -7.83114931e-02  7.05948442e-01  3.17321555e-01  1.32390291e+00
  9.42842066e-01  5.34123843e-01  1.44969551e-01  1.43719390e-01
  4.17924418e-02 -2.27452069e-01  5.12913460e-01  3.83081699e-01
 -4.69860282e-01  8.99480937e-01 -5.11802844e-01  4.83212906e-01
  4.57695241e-01  6.96237517e-01 -5.84723307e-01  3.11695171e-01
  5.41332684e-01  3.09680684e-01  8.42056983e-02  3.55441498e-01
  6.03780713e-01 -1.94246907e-01  7.82811151e-01 -1.60577915e+00
 -5.00588824e-01  1.37246425e-01  1.17286930e+00 -6.01254876e-02
  5.45110512e-01  2.22486886e-01  2.87792883e-01  5.92490034e-01
  5.14935248e-01  1.13323662e+00 -7.25622273e-01 -1.38477178e-01
  9.57281982e-01  7.33758851e-01 -1.32990307e-01  5.51866817e-01
  4.34496557e-01  7.64085469e-01  8.14710031e-01  8.02844196e-01
  7.48260936e-01  7.76050312e-01  2.98822355e-01 -7.23973473e-01
  2.72084288e-01  4.52331755e-01  1.42642429e+00 -1.66635663e+00
  3.90320839e-01  5.64885202e-02  6.01058781e-01  7.14420660e-01
  3.40041140e-01  5.77867050e-01 -4.87068079e-01  3.87253189e-01
  6.69138790e-01  4.26711026e-01  1.06473075e+00  6.86084058e-01
 -2.63288642e-01 -5.95000112e-01 -8.87814520e-02  1.84777844e-05
  1.05421178e+00 -1.44550418e-01 -1.78435651e-01 -2.58492978e-01
 -3.96731380e-01  1.16924572e-02  7.68483503e-01  7.12302784e-01
  4.81745443e-01 -6.25257919e-01 -1.26378173e-01  1.40442086e-01
 -2.80769171e-01  8.47253042e-01  9.43455911e-01  1.34385076e+00
  4.25953114e-01  9.53932225e-01  5.96778778e-01 -6.45170321e-01
  7.15251568e-01  1.28397539e+00  7.98695433e-01  3.99969388e-01
  9.08629143e-02  1.21940051e+00  4.55458788e-01  1.04074129e-01
  1.05760112e-01 -1.58831198e-01  4.09793415e-01  3.43282723e-01
 -8.50920035e-01  8.53397406e-02  6.69164653e-01  8.70146034e-01
  7.51460474e-01  9.63748339e-01  1.11873370e-01  1.08890966e+00
  5.94322281e-01  3.79350575e-01  4.67287839e-01 -6.84568069e-01
 -9.14110437e-01 -3.97510934e-01  7.67424642e-01 -5.11575627e-02
  5.61209872e-01 -1.15997608e+00 -2.27899500e-01  9.19670581e-01
  7.91514078e-01  1.28420413e+00  6.61747642e-01  4.31586111e-01
 -3.42645167e-01  5.97982863e-01 -5.99106732e-01  7.04433563e-01
  1.10295470e-01 -5.63137012e-01 -1.32123296e-01 -2.05169600e-01
 -1.90551403e-01  1.25677896e+00  9.03785343e-01 -2.10424135e-01
 -3.49881035e-01  2.98379895e-01  2.21962588e-01  8.83247674e-01
  8.57556412e-01  3.48076101e-01  5.09265247e-01  9.53729943e-01
  4.50132353e-01 -1.41095539e-01  2.80507923e-01  1.41351934e+00
  9.33114531e-01  2.54072175e-01  4.85347276e-02  1.28706125e+00
  2.03428937e-01  6.94040502e-01  8.84973664e-01  1.48664655e-01
  5.00060643e-01  3.24438792e-01  1.20795965e-01  2.14820369e-01
  8.15983420e-01  1.07159816e+00 -2.32778962e-01  3.70168066e-01
  6.48414803e-01 -4.87285498e-02 -2.12334619e-01  5.79442940e-01
  3.07645014e-01  1.91318718e-01  1.79112065e-02  1.26724956e+00
  9.23921236e-01 -2.00806903e-01  8.32996295e-01  3.36123153e-01
  1.26834065e+00  1.37117984e-01  7.82488477e-01  9.47236056e-01
 -3.53882658e-01  9.13629005e-01  1.24248849e-01 -1.89259284e-01
  3.55142384e-02  1.52537400e+00 -3.75884689e-01  6.15273817e-01
  8.79243421e-02 -3.58778582e-02  7.94766299e-01 -1.44115270e-01
  1.37880438e+00  1.28726875e-01  2.21866169e-01 -4.48520553e-01
  5.71569986e-01  6.04524516e-01 -6.57465899e-01  1.52284351e-01
  6.61664074e-01  2.03903905e-01  2.11742778e-01  8.92107865e-01
  4.82395294e-01 -2.99968590e-01  9.33893045e-01  1.25171278e+00
  9.45045474e-01  8.71991655e-01  4.12409137e-01 -3.71293027e-01
  3.69578249e-01 -1.70653987e-02 -4.41903537e-01 -5.95483543e-01
  7.67711634e-01  2.65844441e-01 -2.99136935e-01 -2.97462913e-01
  5.67947648e-01 -1.09881955e+00  1.54220789e+00  4.04018156e-01
  1.78541754e-01  7.88624911e-01  9.72221129e-01  7.81038079e-02
 -1.80603499e-01 -8.02883740e-01  8.13488002e-01  2.23411364e-01
  1.08131947e+00  1.92287289e-01  1.34729520e-01 -1.26883909e+00
  7.01965573e-01 -7.79750353e-01 -8.26061807e-01 -7.14402161e-02
  1.06568608e+00  7.97791006e-01  4.37274060e-01  6.57515683e-02
  1.51064916e+00  7.01887934e-01 -4.82103178e-01  5.66527954e-01
  7.59077929e-01  2.52540504e-01 -6.07384226e-01  2.09285393e-01
  1.51174429e-01  3.39862042e-01  2.73766385e-01  2.61363778e-01
  1.32709606e-01  1.16875582e+00  5.38955678e-01  8.82599484e-01
  5.08976580e-01 -3.59016875e-01  1.08319789e+00  1.35035639e+00
  1.95553121e-01  6.73354453e-01 -5.50821315e-01  4.68439521e-01
 -7.50433267e-01  8.09372343e-01 -4.44446225e-01 -2.31350891e-01
  4.80973632e-01  4.74637207e-02 -8.28114634e-02  1.08906294e+00
  5.04524680e-01  4.67461465e-01  1.40216224e-01  5.03912856e-01
 -4.26643443e-01  4.52004948e-01 -3.88507917e-01  1.04899764e+00
  2.08066505e-01 -8.64746344e-02  1.22801720e+00  5.80855342e-01
  9.91730298e-01 -2.14331976e-01  1.08882360e+00 -3.19458906e-01
 -1.00212258e+00 -2.01507997e-01  7.63330805e-01 -5.25124051e-02
  4.14802865e-01 -7.41772707e-01  5.40946172e-01  1.17800042e+00
  5.85953721e-01  1.00668980e+00  4.51693834e-01  8.02151382e-01
  7.39153703e-01  7.17551788e-01  2.15716652e-01  2.70630918e-01
  3.02278525e-01 -5.06317187e-01  8.12516737e-02  3.62066828e-01
 -2.27050602e-01 -8.02132672e-01  9.46106322e-01  6.28873147e-01
  2.59617162e-01  1.15235899e+00 -3.01651526e-01  1.23951215e+00
  4.80605886e-01  5.47146452e-02 -3.34983962e-01  8.15043634e-01
  6.26645605e-01 -8.62427784e-01 -6.32490758e-01  8.38623615e-01
  4.16445815e-01 -2.59325629e-01  6.22257326e-01 -8.24480007e-01
  5.59938912e-01 -4.69159040e-01  5.70121459e-01  7.35923482e-01
 -7.93565163e-01  4.98068368e-01  8.30060115e-01  5.87663567e-01
  5.71507542e-01  8.69012116e-01  1.87239758e-01  3.79071433e-01
  5.86370225e-01  1.28501669e-01  8.10295427e-01  4.00347361e-02
 -8.15137530e-03 -5.53039454e-02 -2.33001788e-01  5.45116537e-01
  4.67996443e-02 -1.28078999e+00  8.58081916e-02  1.65254404e-01
  2.64875019e-01  9.56888277e-01  3.70337282e-01  3.54002265e-01
  8.25004522e-01  7.05530342e-01  6.43745514e-02  4.66807946e-01
  9.49744487e-01  1.43665815e-01  1.16765500e-01  1.23792858e+00
 -3.24318593e-01 -2.77127057e-01  2.79511561e-01  5.61907153e-01
 -1.21567138e-01 -2.92143880e-01  1.32816897e-01  8.37968058e-01
  4.97063454e-01 -8.03354361e-02  1.05773335e+00  5.29482923e-01
 -8.78664989e-02  6.49004588e-01  7.55745619e-01  9.10542079e-01
  5.55161197e-02 -7.39238980e-01  6.48416638e-01  6.67209060e-01
  7.60621195e-01 -8.87373755e-01  1.05801278e-01  1.71795187e-01
 -6.86320919e-02  5.30327630e-01  4.77050673e-01 -3.05844251e-02
  3.47667957e-01  6.15118029e-01  1.09156124e-01  5.30337602e-01
 -2.70870444e-01 -7.98696667e-01 -5.14850958e-01 -8.90229420e-01
  7.14500771e-01 -4.11056087e-01  1.25248760e-01 -2.91229897e-01
  1.05187567e+00  6.66948558e-01  1.17215786e+00  1.90335428e-01
  1.31051731e+00  1.17636905e+00  9.15936136e-01  1.31733060e-01
 -1.08449961e+00  8.79495144e-01  9.59683584e-02  8.98851677e-01
  7.76801610e-01  7.83043518e-01  7.46438364e-01  5.24162384e-01
  2.31860847e-01  8.61454684e-01  8.51717759e-01 -1.55834937e+00
 -6.64645087e-01 -1.03541272e+00  5.62151705e-02  3.35527922e-01
  1.22477756e+00  8.93990084e-01 -1.55209405e-02  6.89942440e-02
  7.53427627e-01  8.85256209e-01 -4.76040283e-01 -2.76089821e-01
  2.45756870e-01 -3.96458007e-01 -4.75792876e-01  8.72736487e-01
  3.07862596e-01  4.92527837e-01  1.03465214e+00 -1.63771087e-01
  1.02979829e+00 -3.15619415e-01  9.22911562e-01  6.99379286e-01
  6.56636907e-01  6.23477339e-01  1.17033591e+00 -5.17673750e-02
 -4.40545658e-01  9.56919139e-01 -1.31279219e-02 -2.83312171e-01
  8.62744639e-02 -1.36175814e-01 -1.94995028e-01  4.75952702e-01
  1.01996714e+00 -3.40496497e-01 -5.81921327e-02  1.57909683e-01
  1.18131381e+00 -1.10438359e-01  2.31935783e-01  6.71815043e-01
 -4.65371378e-02  3.12764382e-02 -9.34521795e-01  6.15034062e-01
 -9.69798849e-01  1.70134869e-01  7.15290677e-01  7.64817158e-02
  5.88794558e-03  3.06940613e-02  6.14480246e-01  1.81748791e-01
  1.12950364e-01  7.42025368e-01  5.78560825e-01  4.76133631e-01
  1.36982013e+00 -5.15261944e-01  7.67429677e-01  1.52924478e+00
  9.08967491e-01 -1.74550583e-01  2.03814316e-01  4.10788782e-01
  3.89868995e-01  5.46531290e-01 -2.19137937e-02  5.96717583e-01
  5.15187666e-01  1.02109693e+00  1.10096146e+00  4.55617544e-01
 -1.36928657e-02  1.66933426e-01  3.40749492e-01 -2.64825896e-01
  9.37531719e-01  4.12118694e-02  2.78650336e-01  7.28725519e-01
  3.73946906e-01  8.59567409e-01  3.45671107e-01 -1.46574970e-01
 -6.04768124e-01 -8.32443532e-01  6.20242319e-01  8.45527606e-01
  5.85767403e-01  7.20749914e-01  5.47083900e-01  1.26867895e+00
  6.07887142e-01 -1.00492192e-01  8.79105679e-02 -7.31848867e-01
  1.63724489e+00  8.11299499e-01 -7.77257349e-01  7.45959277e-01
  8.25790299e-01 -1.50631340e-01  9.68277230e-01  3.43517073e-01
 -1.72358536e-01  7.34318297e-01 -4.80621371e-01  9.17427032e-01
  1.97565706e-01  1.10310186e+00 -1.88298185e-01  8.32874827e-01
 -8.00113368e-01  3.16344786e-01  1.04319015e-02 -1.10103738e+00
  2.90658576e-01  6.19539772e-01 -6.21933200e-01  3.96008852e-01
 -2.33941456e-01  7.09729770e-01 -1.16040687e-01 -9.71977295e-01
  9.27899091e-02 -4.85037149e-01 -2.95144353e-02  5.54094149e-01
  1.94392377e-01  7.37898170e-01  3.38330243e-01 -6.71874379e-01
  3.11875810e-01  1.39745825e-01  1.10992704e+00  6.79577456e-01
 -4.69038768e-01  2.38221674e-01 -6.30046447e-01 -4.89165393e-01
  4.04279897e-01  3.37885248e-01  3.02459959e-01  8.10946366e-02
  1.29424060e+00  3.85867095e-01  4.20421387e-01  5.75523326e-02
  9.16237455e-01 -1.28823292e+00 -1.65334790e-01  1.22641273e-01
  3.85814691e-01 -3.43653156e-02  4.14819245e-01 -8.24565921e-03
 -2.71196765e-01 -9.59613664e-02  6.21820062e-01  3.13651225e-01
  2.12445107e-01  9.27328545e-01  8.23863965e-01  4.42298388e-01
 -1.70435829e-01  2.21513184e-03 -3.37188600e-01 -2.77281635e-01
  1.29873388e+00 -6.03441167e-01  1.32734806e-01  5.58370694e-01
 -7.46497264e-01 -5.48471973e-01  7.79264733e-01 -4.87739508e-01
  5.20702648e-01 -5.27302402e-01  8.38071003e-01 -3.41412316e-01
  1.52653802e-01 -7.92197732e-03  1.12710668e+00  1.17193387e+00
  2.58346112e-01 -6.12434923e-01  1.00249460e+00  2.60634380e-01
  6.10734054e-01 -4.41319772e-01  1.21143803e+00 -5.69069327e-01
  1.01139870e+00  1.96212996e-01 -6.03577083e-01  6.78276792e-01
  6.69267595e-01  1.45595194e+00  4.43586529e-01 -8.53970395e-05
  2.15300392e-01  1.12565358e+00 -2.24062822e-01  1.06874428e+00
  5.62957094e-02  1.39340760e+00  5.87290147e-01  9.31107962e-01
  3.73634951e-01  1.37938656e-02 -2.34976966e-01  6.49299675e-01
 -8.11628219e-02  3.63801362e-01 -3.21160960e-01  2.33647168e-01
  6.32266634e-01  8.97631053e-01  4.53001369e-01 -4.05687626e-01
  6.38595769e-01  3.92045588e-01  8.44164794e-01  8.71156554e-02
  1.14875868e+00  1.09257977e+00  4.83614138e-02  4.40909106e-02
 -2.43415836e-01  7.83856559e-01 -1.08566338e-01  4.56761543e-01
  3.97439271e-01  6.24598472e-01 -1.03643749e-01  7.42890977e-01
 -3.14807352e-01  3.28387123e-01  2.93865827e-01  5.89068800e-01
  3.72133633e-02 -9.78630483e-01  1.79930766e-01 -4.80644828e-01
  4.41127383e-01  3.96983004e-01 -2.78095099e-01 -6.80202414e-01
 -1.74389638e-01  9.80361434e-02 -2.23405595e-01 -1.34635657e-01
  4.82402183e-01  7.01548366e-01  1.03999313e+00  4.58830366e-01
 -6.68382583e-01  1.14732781e+00  2.59552081e-02  3.33396258e-01
  1.69791095e-01 -6.96039461e-01 -1.67513904e-01  4.62219426e-01
  1.01931049e+00  6.85738860e-01  8.37426059e-01  3.98607022e-01
 -3.92596167e-01  4.54588787e-01  1.03291367e-01 -5.00754916e-02
  6.77169725e-01  9.71478435e-01  5.38967729e-01  1.04870394e+00
  6.68829659e-01  3.48827507e-01  8.77095166e-01 -3.00569236e-02
 -5.00188563e-01  4.65386150e-01 -6.81615386e-01  9.17914967e-01
 -1.51280580e-01  4.48316613e-01  2.15467034e-01  2.01597821e-01
  1.03208105e+00  4.30000898e-01  4.73831437e-01  5.91942086e-01
  3.24615000e-01  6.79204126e-01  2.91517334e-01  9.20004156e-01
  2.54610653e-01  3.55341088e-01 -8.14301158e-02 -1.27747028e-02
  4.10293623e-01  6.92248219e-02  4.31155450e-01  2.73228957e-01
 -4.52045742e-01 -9.06142520e-02  3.09446302e-01  9.97316954e-01
  1.31249105e+00  7.20509020e-02  6.61076012e-01  2.34235451e-01
 -1.07413040e+00  8.43418546e-01  3.05434753e-01  6.14078709e-01
  1.31983296e+00  1.98110348e-01 -1.01127406e+00  5.07727035e-01
  6.56512726e-01  9.75019121e-01  7.96963010e-01  1.47258590e-01
 -9.10765518e-01  5.91108654e-02  4.54389227e-01 -7.27007273e-02
 -5.90797866e-02  9.43173239e-03 -5.29944185e-02 -3.14879838e-01
 -1.32316566e+00 -2.11849965e-01  8.97727290e-01 -2.83628954e-01
  8.61635002e-01 -8.65819057e-01  1.10673136e-01 -3.89966195e-01
  1.05379667e+00  1.01881461e-01  1.34005600e-01  5.79571775e-02
  1.69450681e+00 -2.77778309e-01  6.96897503e-01  9.69319993e-01
 -2.33294858e-01 -9.69039059e-01  8.51923569e-01  5.63862927e-01
  5.39279722e-01 -1.31391191e+00  1.00027136e+00  7.14126666e-01
  1.04315518e+00  6.50787621e-01 -7.85143564e-01  4.28169154e-01
 -5.23499663e-01 -6.36886807e-01  4.46433342e-01  1.00509149e+00
  6.45132377e-01  9.71197320e-01 -2.06572074e-01 -1.46372242e-01
 -9.61398965e-02 -3.14524441e-01  2.10798872e-01  6.87449454e-01
 -9.31923669e-03 -7.31085557e-01 -9.33256003e-01 -4.08622196e-01
  7.68613552e-01  9.32092971e-01  8.56963364e-01  1.38284202e+00
  2.22694340e-01  7.24117585e-01  4.18377435e-01  1.16605375e+00
 -1.60730808e-01 -1.65112976e-01  2.43641653e-01  7.48131057e-01
 -1.39730085e+00 -3.70296735e-01 -2.89265012e-01 -4.61013667e-01
  5.01512547e-01  6.11826939e-01 -2.67910647e-01  8.28595223e-01
  3.45880528e-01 -1.33588944e-01  1.50614035e+00  5.66025278e-02
 -2.42290118e-01 -8.02449402e-01 -1.03724853e+00  1.82318321e-01
  5.71520361e-01 -6.50735145e-01  3.02661567e-01  1.02342263e+00
  1.05567098e+00  5.18885945e-01 -2.34832355e-01 -3.99969952e-01
  5.16867725e-01 -7.46297865e-01  6.59576224e-01 -3.74971586e-01
 -8.93144283e-01 -3.75398051e-02  1.45400197e-01  3.23810962e-01
  9.33080433e-01  7.13106620e-01 -3.63591935e-01 -1.64105762e-01
  1.17840796e-01 -5.40570476e-01  5.28359047e-01  1.19411742e+00
 -5.49196285e-01  3.32366034e-01  3.81776748e-01  9.71695907e-02
 -5.72795105e-02  2.09922869e-01  1.15425769e+00  7.62466284e-01
  8.37408484e-01 -5.84027732e-02 -3.39156206e-01 -2.38964556e-01
  9.67237650e-01 -5.77119348e-01  5.57303343e-01  5.02218078e-01
  1.15229772e+00  9.36700752e-01 -9.04671986e-02  5.91705545e-01
 -9.68913699e-02 -5.26023700e-02 -1.78551103e-01  7.89305758e-01
 -3.99663041e-02  9.55638938e-01  1.13123335e-01  3.21524637e-01
  2.53226361e-01  3.03101785e-02  2.58392220e-02 -3.61361166e-01
  8.21838636e-01  2.57140841e-01 -7.49159201e-01  9.21927985e-01
  3.72147933e-01  3.59469814e-01  1.00661430e-01 -7.77328969e-01
  9.07380555e-01  1.02307366e+00  4.71023598e-01  4.98857679e-01
  9.42380599e-01  1.95366222e-01  2.09639339e-01  5.42953654e-01
  7.65622259e-01 -8.64785367e-02  5.03030585e-01  6.42683220e-01
  4.71624300e-02 -1.85627277e-01  5.87867677e-01  7.27150139e-01
 -7.66591793e-01  4.83857019e-01  6.74968634e-01  3.70066828e-01
  4.81571656e-01 -1.16339943e+00  1.54840919e-02  6.51030344e-01
  7.01717543e-01  1.58984857e-01 -5.06309941e-02  2.32423447e-01
 -4.16772797e-01  1.20108980e+00  1.07355112e+00 -7.53471708e-01
  9.47565998e-02 -2.19223081e-01 -3.16699992e-01  2.75160101e-01
  4.66437719e-01  1.49490073e-01  7.05753885e-01 -8.83690305e-01
  3.73803109e-01  1.80266236e-03  8.92211398e-01 -2.68124942e-01
  1.25126281e+00  1.92407192e-01  1.17232104e+00  7.45481051e-01]