[0.         0.         0.         0.00424628 0.00424628 0.01061571
 0.01061571 0.01273885 0.01273885 0.01698514 0.01698514 0.01910828
 0.01910828 0.02335456 0.02335456 0.03397028 0.03397028 0.0403397
 0.0403397  0.04458599 0.04458599 0.05095541 0.05095541 0.05732484
 0.05732484 0.05944798 0.05944798 0.06581741 0.06581741 0.07006369
 0.07006369 0.07430998 0.07430998 0.07643312 0.07643312 0.07855626
 0.07855626 0.08704883 0.08704883 0.08917197 0.08917197 0.09129512
 0.09129512 0.09341826 0.09341826 0.0955414  0.0955414  0.09766454
 0.09766454 0.09978769 0.09978769 0.10191083 0.10191083 0.10403397
 0.10403397 0.10615711 0.10615711 0.1104034  0.1104034  0.11464968
 0.11464968 0.12526539 0.12526539 0.1358811  0.1358811  0.13800425
 0.13800425 0.14012739 0.14012739 0.14225053 0.14225053 0.14649682
 0.14649682 0.14861996 0.14861996 0.15286624 0.15286624 0.15498938
 0.15498938 0.15923567 0.15923567 0.16348195 0.16348195 0.16772824
 0.16772824 0.17197452 0.17197452 0.17409766 0.17409766 0.18259023
 0.18259023 0.18683652 0.18683652 0.20169851 0.20169851 0.20382166
 0.20382166 0.2059448  0.2059448  0.21019108 0.21019108 0.21231423
 0.21231423 0.21656051 0.21656051 0.22292994 0.22292994 0.23991507
 0.23991507 0.24203822 0.24203822 0.24840764 0.24840764 0.25053079
 0.25053079 0.25690021 0.25690021 0.2611465  0.2611465  0.26326964
 0.26326964 0.26751592 0.26751592 0.26963907 0.26963907 0.27176221
 0.27176221 0.27388535 0.27388535 0.28025478 0.28025478 0.28237792
 0.28237792 0.29087049 0.29087049 0.29511677 0.29511677 0.3014862
 0.3014862  0.30360934 0.30360934 0.30997877 0.30997877 0.31210191
 0.31210191 0.3163482  0.3163482  0.32908705 0.32908705 0.33333333
 0.33333333 0.33757962 0.33757962 0.33970276 0.33970276 0.3418259
 0.3418259  0.34394904 0.34394904 0.34607219 0.34607219 0.35244161
 0.35244161 0.35456476 0.35456476 0.36093418 0.36093418 0.36305732
 0.36305732 0.36518047 0.36518047 0.36730361 0.36730361 0.36942675
 0.36942675 0.37579618 0.37579618 0.38004246 0.38004246 0.38428875
 0.38428875 0.38641189 0.38641189 0.38853503 0.38853503 0.39490446
 0.39490446 0.3970276  0.3970276  0.39915074 0.39915074 0.40339703
 0.40339703 0.40552017 0.40552017 0.40764331 0.40764331 0.4118896
 0.4118896  0.41401274 0.41401274 0.41825902 0.41825902 0.42250531
 0.42250531 0.42462845 0.42462845 0.42887473 0.42887473 0.43099788
 0.43099788 0.43312102 0.43312102 0.43949045 0.43949045 0.44161359
 0.44161359 0.44373673 0.44373673 0.44585987 0.44585987 0.45010616
 0.45010616 0.45647558 0.45647558 0.45859873 0.45859873 0.46072187
 0.46072187 0.46496815 0.46496815 0.4670913  0.4670913  0.46921444
 0.46921444 0.47133758 0.47133758 0.47346072 0.47346072 0.47558386
 0.47558386 0.47770701 0.47770701 0.47983015 0.47983015 0.48195329
 0.48195329 0.50955414 0.50955414 0.51380042 0.51380042 0.51804671
 0.51804671 0.52016985 0.52016985 0.52229299 0.52229299 0.52653928
 0.52653928 0.53078556 0.53078556 0.5329087  0.5329087  0.53503185
 0.53503185 0.54140127 0.54140127 0.54352442 0.54352442 0.5477707
 0.5477707  0.55626327 0.55626327 0.5626327  0.5626327  0.56900212
 0.56900212 0.57112527 0.57112527 0.57324841 0.57324841 0.57749469
 0.57749469 0.57961783 0.57961783 0.58174098 0.58174098 0.58598726
 0.58598726 0.59023355 0.59023355 0.59235669 0.59235669 0.59447983
 0.59447983 0.60084926 0.60084926 0.60509554 0.60509554 0.60934183
 0.60934183 0.61146497 0.61146497 0.61571125 0.61571125 0.61783439
 0.61783439 0.62208068 0.62208068 0.62420382 0.62420382 0.62632696
 0.62632696 0.62845011 0.62845011 0.63057325 0.63057325 0.64755839
 0.64755839 0.65180467 0.65180467 0.65392781 0.65392781 0.65605096
 0.65605096 0.6581741  0.6581741  0.66242038 0.66242038 0.66878981
 0.66878981 0.67303609 0.67303609 0.67515924 0.67515924 0.67728238
 0.67728238 0.67940552 0.67940552 0.68152866 0.68152866 0.6836518
 0.6836518  0.68577495 0.68577495 0.69214437 0.69214437 0.69426752
 0.69426752 0.69639066 0.69639066 0.70063694 0.70063694 0.70488323
 0.70488323 0.71125265 0.71125265 0.71974522 0.71974522 0.72186837
 0.72186837 0.72823779 0.72823779 0.73036093 0.73036093 0.74097665
 0.74097665 0.74309979 0.74309979 0.74522293 0.74522293 0.75159236
 0.75159236 0.75583864 0.75583864 0.75796178 0.75796178 0.76220807
 0.76220807 0.76433121 0.76433121 0.77070064 0.77070064 0.77282378
 0.77282378 0.77494692 0.77494692 0.77707006 0.77707006 0.78131635
 0.78131635 0.78343949 0.78343949 0.78980892 0.78980892 0.79193206
 0.79193206 0.79617834 0.79617834 0.79830149 0.79830149 0.80254777
 0.80254777 0.80467091 0.80467091 0.8089172  0.8089172  0.81104034
 0.81104034 0.81316348 0.81316348 0.81528662 0.81528662 0.82590234
 0.82590234 0.83014862 0.83014862 0.83227176 0.83227176 0.83651805
 0.83651805 0.83864119 0.83864119 0.84288747 0.84288747 0.84501062
 0.84501062 0.85138004 0.85138004 0.85987261 0.85987261 0.8641189
 0.8641189  0.86836518 0.86836518 0.87048832 0.87048832 0.87261146
 0.87261146 0.87898089 0.87898089 0.8895966  0.8895966  0.9044586
 0.9044586  0.90870488 0.90870488 0.91082803 0.91082803 0.91507431
 0.91507431 0.91719745 0.91719745 0.92356688 0.92356688 0.92569002
 0.92569002 0.92993631 0.92993631 0.93418259 0.93418259 0.93630573
 0.93630573 0.94904459 0.94904459 0.95116773 0.95116773 0.95541401
 0.95541401 0.96178344 0.96178344 0.96390658 0.96390658 0.96815287
 0.96815287 0.97027601 0.97027601 0.97452229 0.97452229 0.97664544
 0.97664544 0.98089172 0.98089172 0.98301486 0.98301486 0.98938429
 0.98938429 0.99363057 0.99363057 0.99575372 0.99575372 1.        ]