[0.         0.         0.00203252 0.00203252 0.00406504 0.00406504
 0.00609756 0.00609756 0.01626016 0.01626016 0.0203252  0.0203252
 0.02235772 0.02235772 0.02642276 0.02642276 0.02845528 0.02845528
 0.0304878  0.0304878  0.03252033 0.03252033 0.03455285 0.03455285
 0.03658537 0.03658537 0.03861789 0.03861789 0.04268293 0.04268293
 0.04471545 0.04471545 0.05081301 0.05081301 0.05284553 0.05284553
 0.05691057 0.05691057 0.06707317 0.06707317 0.06910569 0.06910569
 0.07317073 0.07317073 0.07520325 0.07520325 0.08130081 0.08130081
 0.08333333 0.08333333 0.08536585 0.08536585 0.08739837 0.08739837
 0.09349593 0.09349593 0.0995935  0.0995935  0.10162602 0.10162602
 0.10365854 0.10365854 0.10772358 0.10772358 0.11178862 0.11178862
 0.11382114 0.11382114 0.11585366 0.11585366 0.11788618 0.11788618
 0.1199187  0.1199187  0.12195122 0.12195122 0.12398374 0.12398374
 0.12804878 0.12804878 0.13211382 0.13211382 0.13821138 0.13821138
 0.1402439  0.1402439  0.14430894 0.14430894 0.14634146 0.14634146
 0.1504065  0.1504065  0.15243902 0.15243902 0.15447154 0.15447154
 0.15650407 0.15650407 0.15853659 0.15853659 0.16056911 0.16056911
 0.16463415 0.16463415 0.16666667 0.16666667 0.17073171 0.17073171
 0.17682927 0.17682927 0.18089431 0.18089431 0.18292683 0.18292683
 0.18495935 0.18495935 0.19512195 0.19512195 0.19715447 0.19715447
 0.19918699 0.19918699 0.20121951 0.20121951 0.20731707 0.20731707
 0.20934959 0.20934959 0.21341463 0.21341463 0.21747967 0.21747967
 0.2195122  0.2195122  0.22764228 0.22764228 0.2296748  0.2296748
 0.23373984 0.23373984 0.23780488 0.23780488 0.24186992 0.24186992
 0.24593496 0.24593496 0.25       0.25       0.25609756 0.25609756
 0.26219512 0.26219512 0.26422764 0.26422764 0.26626016 0.26626016
 0.2703252  0.2703252  0.27439024 0.27439024 0.27642276 0.27642276
 0.27845528 0.27845528 0.2804878  0.2804878  0.28252033 0.28252033
 0.28455285 0.28455285 0.28658537 0.28658537 0.28861789 0.28861789
 0.29065041 0.29065041 0.29471545 0.29471545 0.30081301 0.30081301
 0.30894309 0.30894309 0.31097561 0.31097561 0.31504065 0.31504065
 0.31707317 0.31707317 0.31910569 0.31910569 0.32113821 0.32113821
 0.32317073 0.32317073 0.32723577 0.32723577 0.32926829 0.32926829
 0.33333333 0.33333333 0.33739837 0.33739837 0.33943089 0.33943089
 0.34349593 0.34349593 0.3495935  0.3495935  0.35162602 0.35162602
 0.35365854 0.35365854 0.35569106 0.35569106 0.3597561  0.3597561
 0.36382114 0.36382114 0.36788618 0.36788618 0.3699187  0.3699187
 0.37195122 0.37195122 0.37398374 0.37398374 0.37601626 0.37601626
 0.37804878 0.37804878 0.3902439  0.3902439  0.39430894 0.39430894
 0.39837398 0.39837398 0.4004065  0.4004065  0.40243902 0.40243902
 0.40853659 0.40853659 0.41463415 0.41463415 0.41666667 0.41666667
 0.42073171 0.42073171 0.42886179 0.42886179 0.43495935 0.43495935
 0.43699187 0.43699187 0.43902439 0.43902439 0.44105691 0.44105691
 0.44308943 0.44308943 0.44715447 0.44715447 0.44918699 0.44918699
 0.45934959 0.45934959 0.46138211 0.46138211 0.46544715 0.46544715
 0.46747967 0.46747967 0.4695122  0.4695122  0.47154472 0.47154472
 0.47357724 0.47357724 0.47764228 0.47764228 0.4796748  0.4796748
 0.48577236 0.48577236 0.48780488 0.48780488 0.4898374  0.4898374
 0.49593496 0.49593496 0.5        0.5        0.50609756 0.50609756
 0.5101626  0.5101626  0.51422764 0.51422764 0.51626016 0.51626016
 0.51829268 0.51829268 0.5203252  0.5203252  0.5304878  0.5304878
 0.53252033 0.53252033 0.54065041 0.54065041 0.54268293 0.54268293
 0.54471545 0.54471545 0.54878049 0.54878049 0.55081301 0.55081301
 0.55894309 0.55894309 0.56300813 0.56300813 0.56504065 0.56504065
 0.56707317 0.56707317 0.56910569 0.56910569 0.57317073 0.57317073
 0.57926829 0.57926829 0.58130081 0.58130081 0.58333333 0.58333333
 0.58943089 0.58943089 0.59146341 0.59146341 0.60162602 0.60162602
 0.60772358 0.60772358 0.6097561  0.6097561  0.61178862 0.61178862
 0.61585366 0.61585366 0.6199187  0.6199187  0.62804878 0.62804878
 0.63211382 0.63211382 0.63414634 0.63414634 0.63617886 0.63617886
 0.64430894 0.64430894 0.64837398 0.64837398 0.6504065  0.6504065
 0.65243902 0.65243902 0.65447154 0.65447154 0.65853659 0.65853659
 0.66666667 0.66666667 0.67073171 0.67073171 0.68495935 0.68495935
 0.69105691 0.69105691 0.69918699 0.69918699 0.70528455 0.70528455
 0.70934959 0.70934959 0.71138211 0.71138211 0.7195122  0.7195122
 0.72764228 0.72764228 0.73170732 0.73170732 0.7398374  0.7398374
 0.74390244 0.74390244 0.74593496 0.74593496 0.74796748 0.74796748
 0.75203252 0.75203252 0.75406504 0.75406504 0.75609756 0.75609756
 0.75813008 0.75813008 0.7601626  0.7601626  0.76422764 0.76422764
 0.76626016 0.76626016 0.76829268 0.76829268 0.7703252  0.7703252
 0.77235772 0.77235772 0.77439024 0.77439024 0.77642276 0.77642276
 0.7804878  0.7804878  0.78252033 0.78252033 0.78455285 0.78455285
 0.78861789 0.78861789 0.79268293 0.79268293 0.79471545 0.79471545
 0.79878049 0.79878049 0.80081301 0.80081301 0.80487805 0.80487805
 0.80691057 0.80691057 0.81707317 0.81707317 0.81910569 0.81910569
 0.82113821 0.82113821 0.82317073 0.82317073 0.83739837 0.83739837
 0.84552846 0.84552846 0.85365854 0.85365854 0.86178862 0.86178862
 0.86788618 0.86788618 0.88414634 0.88414634 0.88617886 0.88617886
 0.89430894 0.89430894 0.89634146 0.89634146 0.89837398 0.89837398
 0.90243902 0.90243902 0.91463415 0.91463415 0.91666667 0.91666667
 0.92682927 0.92682927 0.93089431 0.93089431 0.93495935 0.93495935
 0.94105691 0.94105691 0.94715447 0.94715447 0.94918699 0.94918699
 0.95121951 0.95121951 0.95528455 0.95528455 0.95934959 0.95934959
 0.96138211 0.96138211 0.96544715 0.96544715 0.97154472 0.97154472
 0.97357724 0.97357724 0.97560976 0.97560976 0.9796748  0.9796748
 0.98170732 0.98170732 0.9898374  0.9898374  0.99390244 0.99390244
 0.99796748 0.99796748 1.        ]