[0.         0.         0.         0.00103093 0.00103093 0.00206186
 0.00206186 0.00412371 0.00412371 0.00515464 0.00515464 0.00618557
 0.00618557 0.00824742 0.00824742 0.00927835 0.00927835 0.01237113
 0.01237113 0.01546392 0.01546392 0.01752577 0.01752577 0.0185567
 0.0185567  0.02268041 0.02268041 0.02474227 0.02474227 0.0257732
 0.0257732  0.02783505 0.02783505 0.02989691 0.02989691 0.03195876
 0.03195876 0.03298969 0.03298969 0.03402062 0.03402062 0.03505155
 0.03505155 0.03608247 0.03608247 0.0371134  0.0371134  0.03814433
 0.03814433 0.04123711 0.04123711 0.04226804 0.04226804 0.04329897
 0.04329897 0.0443299  0.0443299  0.04536082 0.04536082 0.04639175
 0.04639175 0.04742268 0.04742268 0.04845361 0.04845361 0.05154639
 0.05154639 0.05257732 0.05257732 0.0556701  0.0556701  0.05670103
 0.05670103 0.05979381 0.05979381 0.06082474 0.06082474 0.0628866
 0.0628866  0.06391753 0.06391753 0.06494845 0.06494845 0.06701031
 0.06701031 0.06804124 0.06804124 0.06907216 0.06907216 0.07010309
 0.07010309 0.07113402 0.07113402 0.07216495 0.07216495 0.0742268
 0.0742268  0.07628866 0.07628866 0.07835052 0.07835052 0.08041237
 0.08041237 0.0814433  0.0814433  0.08247423 0.08247423 0.08453608
 0.08453608 0.09278351 0.09278351 0.09381443 0.09381443 0.09484536
 0.09484536 0.09690722 0.09690722 0.09793814 0.09793814 0.1
 0.1        0.10103093 0.10103093 0.10206186 0.10206186 0.10412371
 0.10412371 0.10618557 0.10618557 0.10927835 0.10927835 0.11030928
 0.11030928 0.11340206 0.11340206 0.11443299 0.11443299 0.11752577
 0.11752577 0.1185567  0.1185567  0.11958763 0.11958763 0.12164948
 0.12164948 0.12371134 0.12371134 0.12474227 0.12474227 0.1257732
 0.1257732  0.12886598 0.12886598 0.12989691 0.12989691 0.13402062
 0.13402062 0.13505155 0.13505155 0.13608247 0.13608247 0.1371134
 0.1371134  0.13814433 0.13814433 0.13917526 0.13917526 0.14123711
 0.14123711 0.14536082 0.14536082 0.14639175 0.14639175 0.14845361
 0.14845361 0.15051546 0.15051546 0.15257732 0.15257732 0.1556701
 0.1556701  0.16391753 0.16391753 0.16597938 0.16597938 0.16701031
 0.16701031 0.16804124 0.16804124 0.16907216 0.16907216 0.17113402
 0.17113402 0.17216495 0.17216495 0.1742268  0.1742268  0.17525773
 0.17525773 0.17628866 0.17628866 0.17731959 0.17731959 0.17835052
 0.17835052 0.17938144 0.17938144 0.18041237 0.18041237 0.1814433
 0.1814433  0.18247423 0.18247423 0.18453608 0.18453608 0.18659794
 0.18659794 0.18762887 0.18762887 0.18969072 0.18969072 0.19175258
 0.19175258 0.19278351 0.19278351 0.19381443 0.19381443 0.20309278
 0.20309278 0.20412371 0.20412371 0.21134021 0.21134021 0.21340206
 0.21340206 0.21443299 0.21443299 0.21752577 0.21752577 0.2185567
 0.2185567  0.21958763 0.21958763 0.22061856 0.22061856 0.22268041
 0.22268041 0.22371134 0.22371134 0.22474227 0.22474227 0.2257732
 0.2257732  0.22680412 0.22680412 0.22783505 0.22783505 0.23195876
 0.23195876 0.23298969 0.23298969 0.23402062 0.23402062 0.2371134
 0.2371134  0.23814433 0.23814433 0.23917526 0.23917526 0.24226804
 0.24226804 0.24329897 0.24329897 0.2443299  0.2443299  0.24536082
 0.24536082 0.25154639 0.25154639 0.25257732 0.25257732 0.25463918
 0.25463918 0.2556701  0.2556701  0.25670103 0.25670103 0.26185567
 0.26185567 0.2628866  0.2628866  0.26391753 0.26391753 0.26597938
 0.26597938 0.26804124 0.26804124 0.27010309 0.27010309 0.27113402
 0.27113402 0.27216495 0.27216495 0.2742268  0.2742268  0.27525773
 0.27525773 0.27628866 0.27628866 0.27731959 0.27731959 0.27835052
 0.27835052 0.2814433  0.2814433  0.28247423 0.28247423 0.28453608
 0.28453608 0.28556701 0.28556701 0.28659794 0.28659794 0.28762887
 0.28762887 0.28969072 0.28969072 0.29072165 0.29072165 0.29175258
 0.29175258 0.29278351 0.29278351 0.29381443 0.29381443 0.29690722
 0.29690722 0.29793814 0.29793814 0.29896907 0.29896907 0.30309278
 0.30309278 0.30515464 0.30515464 0.30618557 0.30618557 0.31134021
 0.31134021 0.31237113 0.31237113 0.31649485 0.31649485 0.3185567
 0.3185567  0.31958763 0.31958763 0.32061856 0.32061856 0.32164948
 0.32164948 0.32268041 0.32268041 0.3257732  0.3257732  0.32783505
 0.32783505 0.33092784 0.33092784 0.33195876 0.33195876 0.33402062
 0.33402062 0.33505155 0.33505155 0.33608247 0.33608247 0.3371134
 0.3371134  0.33814433 0.33814433 0.34020619 0.34020619 0.34123711
 0.34123711 0.34329897 0.34329897 0.3443299  0.3443299  0.34742268
 0.34742268 0.34948454 0.34948454 0.3556701  0.3556701  0.35979381
 0.35979381 0.36082474 0.36082474 0.3628866  0.3628866  0.36391753
 0.36391753 0.36494845 0.36494845 0.36597938 0.36597938 0.36701031
 0.36701031 0.36804124 0.36804124 0.37010309 0.37010309 0.3742268
 0.3742268  0.37525773 0.37525773 0.37938144 0.37938144 0.38041237
 0.38041237 0.3814433  0.3814433  0.38247423 0.38247423 0.38453608
 0.38453608 0.38556701 0.38556701 0.38659794 0.38659794 0.38865979
 0.38865979 0.38969072 0.38969072 0.39175258 0.39175258 0.39278351
 0.39278351 0.39381443 0.39381443 0.39484536 0.39484536 0.39587629
 0.39587629 0.39793814 0.39793814 0.39896907 0.39896907 0.4
 0.4        0.40206186 0.40206186 0.40412371 0.40412371 0.40515464
 0.40515464 0.40618557 0.40618557 0.40824742 0.40824742 0.41134021
 0.41134021 0.41237113 0.41237113 0.41340206 0.41340206 0.41443299
 0.41443299 0.42061856 0.42061856 0.42268041 0.42268041 0.4257732
 0.4257732  0.42680412 0.42680412 0.42783505 0.42783505 0.42886598
 0.42886598 0.42989691 0.42989691 0.43298969 0.43298969 0.43505155
 0.43505155 0.4371134  0.4371134  0.43814433 0.43814433 0.43917526
 0.43917526 0.44020619 0.44020619 0.44123711 0.44123711 0.44226804
 0.44226804 0.44329897 0.44329897 0.44536082 0.44536082 0.44639175
 0.44639175 0.44845361 0.44845361 0.44948454 0.44948454 0.45360825
 0.45360825 0.45773196 0.45773196 0.45979381 0.45979381 0.46185567
 0.46185567 0.46494845 0.46494845 0.46597938 0.46597938 0.46701031
 0.46701031 0.46804124 0.46804124 0.46907216 0.46907216 0.47010309
 0.47010309 0.47216495 0.47216495 0.47319588 0.47319588 0.47628866
 0.47628866 0.47835052 0.47835052 0.47938144 0.47938144 0.48247423
 0.48247423 0.48350515 0.48350515 0.48762887 0.48762887 0.48865979
 0.48865979 0.49278351 0.49278351 0.49381443 0.49381443 0.49484536
 0.49484536 0.49587629 0.49587629 0.49690722 0.49690722 0.49793814
 0.49793814 0.49896907 0.49896907 0.5        0.5        0.50103093
 0.50103093 0.50412371 0.50412371 0.50721649 0.50721649 0.50824742
 0.50824742 0.51134021 0.51134021 0.51237113 0.51237113 0.51340206
 0.51340206 0.51752577 0.51752577 0.5185567  0.5185567  0.51958763
 0.51958763 0.52268041 0.52268041 0.52371134 0.52371134 0.5257732
 0.5257732  0.52680412 0.52680412 0.52886598 0.52886598 0.52989691
 0.52989691 0.53092784 0.53092784 0.53195876 0.53195876 0.53402062
 0.53402062 0.53608247 0.53608247 0.53917526 0.53917526 0.54020619
 0.54020619 0.54226804 0.54226804 0.54329897 0.54329897 0.54536082
 0.54536082 0.54639175 0.54639175 0.54742268 0.54742268 0.55154639
 0.55154639 0.55463918 0.55463918 0.5556701  0.5556701  0.55670103
 0.55670103 0.55876289 0.55876289 0.56082474 0.56082474 0.56185567
 0.56185567 0.56391753 0.56391753 0.56597938 0.56597938 0.56701031
 0.56701031 0.56804124 0.56804124 0.56907216 0.56907216 0.57010309
 0.57010309 0.57113402 0.57113402 0.5742268  0.5742268  0.57731959
 0.57731959 0.57835052 0.57835052 0.57938144 0.57938144 0.5814433
 0.5814433  0.58247423 0.58247423 0.58453608 0.58453608 0.58556701
 0.58556701 0.58659794 0.58659794 0.58969072 0.58969072 0.59072165
 0.59072165 0.59381443 0.59381443 0.59484536 0.59484536 0.6
 0.6        0.60206186 0.60206186 0.60309278 0.60309278 0.60515464
 0.60515464 0.60721649 0.60721649 0.60824742 0.60824742 0.61340206
 0.61340206 0.61443299 0.61443299 0.61546392 0.61546392 0.61752577
 0.61752577 0.6185567  0.6185567  0.62371134 0.62371134 0.62474227
 0.62474227 0.62680412 0.62680412 0.62783505 0.62783505 0.62886598
 0.62886598 0.63195876 0.63195876 0.63917526 0.63917526 0.64020619
 0.64020619 0.64123711 0.64123711 0.64226804 0.64226804 0.64329897
 0.64329897 0.64536082 0.64536082 0.64639175 0.64639175 0.64742268
 0.64742268 0.64948454 0.64948454 0.65360825 0.65360825 0.65463918
 0.65463918 0.65670103 0.65670103 0.65773196 0.65773196 0.65979381
 0.65979381 0.66185567 0.66185567 0.66494845 0.66494845 0.66701031
 0.66701031 0.67010309 0.67010309 0.67319588 0.67319588 0.6814433
 0.6814433  0.68247423 0.68247423 0.68556701 0.68556701 0.68762887
 0.68762887 0.68969072 0.68969072 0.69175258 0.69175258 0.69484536
 0.69484536 0.69690722 0.69690722 0.7        0.7        0.70103093
 0.70103093 0.70206186 0.70206186 0.70309278 0.70309278 0.70412371
 0.70412371 0.70515464 0.70515464 0.70618557 0.70618557 0.71030928
 0.71030928 0.71134021 0.71134021 0.71237113 0.71237113 0.71340206
 0.71340206 0.71443299 0.71443299 0.7185567  0.7185567  0.7257732
 0.7257732  0.72680412 0.72680412 0.72783505 0.72783505 0.73298969
 0.73298969 0.73402062 0.73402062 0.73608247 0.73608247 0.74020619
 0.74020619 0.74123711 0.74123711 0.74226804 0.74226804 0.74329897
 0.74329897 0.74536082 0.74536082 0.74742268 0.74742268 0.75257732
 0.75257732 0.75979381 0.75979381 0.76082474 0.76082474 0.76391753
 0.76391753 0.76597938 0.76597938 0.76701031 0.76701031 0.76804124
 0.76804124 0.76907216 0.76907216 0.77216495 0.77216495 0.77525773
 0.77525773 0.77731959 0.77731959 0.7814433  0.7814433  0.78247423
 0.78247423 0.78350515 0.78350515 0.78556701 0.78556701 0.78659794
 0.78659794 0.78865979 0.78865979 0.79484536 0.79484536 0.79587629
 0.79587629 0.79690722 0.79690722 0.79793814 0.79793814 0.8
 0.8        0.80206186 0.80206186 0.80309278 0.80309278 0.80721649
 0.80721649 0.80927835 0.80927835 0.81134021 0.81134021 0.81649485
 0.81649485 0.82268041 0.82268041 0.82886598 0.82886598 0.82989691
 0.82989691 0.83092784 0.83092784 0.83195876 0.83195876 0.83298969
 0.83298969 0.84020619 0.84020619 0.84226804 0.84226804 0.8443299
 0.8443299  0.84639175 0.84639175 0.85154639 0.85154639 0.85257732
 0.85257732 0.85979381 0.85979381 0.86494845 0.86494845 0.86804124
 0.86804124 0.87628866 0.87628866 0.87938144 0.87938144 0.88247423
 0.88247423 0.88350515 0.88350515 0.88556701 0.88556701 0.88762887
 0.88762887 0.88969072 0.88969072 0.89587629 0.89587629 0.90721649
 0.90721649 0.90824742 0.90824742 0.90927835 0.90927835 0.91030928
 0.91030928 0.91237113 0.91237113 0.91340206 0.91340206 0.91752577
 0.91752577 0.92061856 0.92061856 0.92164948 0.92164948 0.92680412
 0.92680412 0.93092784 0.93092784 0.93402062 0.93402062 0.93505155
 0.93505155 0.94123711 0.94123711 0.94226804 0.94226804 0.9443299
 0.9443299  0.94639175 0.94639175 0.94742268 0.94742268 0.94948454
 0.94948454 0.95154639 0.95154639 0.96082474 0.96082474 0.9628866
 0.9628866  0.96494845 0.96494845 0.96907216 0.96907216 0.97010309
 0.97010309 0.97113402 0.97113402 0.97319588 0.97319588 0.9742268
 0.9742268  0.9814433  0.9814433  0.98453608 0.98453608 0.98556701
 0.98556701 0.98865979 0.98865979 0.99072165 0.99072165 0.99175258
 0.99175258 0.99381443 0.99381443 0.99896907 0.99896907 1.
 1.        ]