[ 4.52912496e+00  9.61166152e-01 -8.50310472e-01  9.91152729e-01
  6.72063328e-01 -2.30728589e+00 -6.40923991e-02 -2.71162750e-01
  1.01395127e+00  9.36324815e-01 -4.13034930e-01  7.55415219e-01
  8.43726544e-01  9.53596137e-01  9.93321536e-01  2.03233374e+00
  6.51092659e-01  9.64119617e-01  9.59030526e-01 -3.59525352e+00
  1.04512808e+00  8.85414625e-01  8.50518741e-01 -2.05978426e+00
  9.68608763e-01 -7.65639033e-01  9.67873568e-01  1.04846989e+00
  8.90394066e-01  1.09944225e+00  9.98735900e-01 -5.54070496e-02
 -1.50973582e-01  7.66333209e-01  9.63793494e-01 -2.61782948e-01
  7.66507390e-01  7.56597066e-01  7.71136178e-01  4.72489954e-01
 -1.03046824e+00  1.46463764e+00  5.69938950e-01  9.51507043e-02
 -2.96862121e+00  7.40246073e-01  9.83103311e-01  4.99949715e-01
  1.01095204e+01  9.99735510e-01  1.00115501e+00  8.94379675e-01
  8.42200359e-01 -1.49078554e+00  9.77506671e-01  6.81207355e-01
 -3.54799104e+00  3.44122151e-01  9.31002719e-01 -4.34806318e-01
  5.73223233e-01 -7.67405538e-01  1.07064743e+00  9.29696464e-01
  8.56036795e-01  9.62894392e-01  1.53217612e+00  7.94899900e-01
  7.77446441e-01  9.94589696e-01  9.78282597e-01  7.85862816e-01
  1.06018843e-01  1.60676241e+00  9.00914700e-01  9.22640908e-01
  9.28899678e-01  4.29989441e-01  8.58629862e-01  5.15663636e-01
  6.06583723e-01  9.95811218e-01  4.98616147e-01  4.47362929e-01
  9.32298487e-01  8.82657258e-01  7.31110344e-01  1.00221363e+00
  1.07059671e+00  6.82190772e-01  8.30427233e-01  9.58215956e-01
  8.28469451e-01  3.30941585e-01  9.62997487e-01  2.14086083e-01
  1.00165515e+00  1.01403282e+00  1.06604736e+00  9.22124314e-01
  9.47406002e-01  6.45802890e-01 -2.50275299e-01  1.02145857e-02
  3.35796095e-01 -1.42237702e+00  7.44965156e-01  7.11865441e-01
  7.43002944e-01  1.22130844e-01  9.52679672e-01  1.01842047e+00
  1.08023470e+00  9.89128290e-01  8.20457113e-01  1.13682004e+00
  9.19020004e-01  7.63257359e-01  7.41148253e-01  1.00073454e+00
  2.45038498e+00  1.00213431e+00  9.22222168e-01  8.83944072e-01
  8.31757389e-01 -6.13916394e-01  4.55150474e-02  2.79616580e-01
  8.71303089e-01 -1.33218066e+00  4.98216692e+00  9.54614745e-01
  2.96058943e-01  9.18428509e-01 -1.66968668e+00  9.22606540e-01
  5.04715196e-01  9.88370567e-01  2.58028612e-01  5.19630163e-01
  1.94266774e-01  7.67895741e-01  1.67547556e+00  8.29452424e-01
  9.99404252e-01  2.16562985e-01  1.00436668e+00 -8.44617312e+00
  1.94396423e-01  3.40600100e-01  9.73235533e-01  9.29992031e-01
  2.77422045e-02 -1.60274793e+01 -5.67743961e-01  1.00232056e+00
  7.37018112e-01  5.06604592e-01  1.00406060e+00  6.63503985e-01
  1.09952229e+00  9.68620981e-01  9.15855070e-01 -8.23144490e-01
  9.92062496e-01 -7.94166296e-02 -6.35984719e-01  9.54052640e-01
  4.79108442e-01  9.77724913e-01  2.65232054e-01  1.10324473e+00
  6.88111746e-02  9.67857959e-01  9.71597860e-01 -4.02509898e+00
  8.95673032e-01 -1.72698392e-01  6.62213790e-01  7.03641632e-01
 -7.45226336e-01  9.94237678e-01  1.48587610e-01  6.47769302e-01
  9.41341503e-01  1.00161784e+00  8.62127148e-01  7.95021229e-01
  9.79728482e-01  9.41235317e-01 -5.95862973e-01  9.49887603e-01
  5.16377777e-01 -3.96675876e+00 -3.38992348e-01 -3.30475605e+00
  9.83457191e-01  4.74088196e-01  7.53758104e-02  9.91273893e-01
  1.24118723e+00  8.69584830e-01  9.82944157e-01 -1.10043536e+00
  8.99285347e-01  9.90933933e-01  8.24137241e-01  1.00198660e+00
  8.65632431e-01  9.79260525e-01  9.81423902e-01  7.73780995e-01
  8.78923681e-01  9.11071251e-01  6.20373899e-01  6.85308180e-01
  6.19681779e-01  6.42013293e-01  7.08086709e-01  9.70433844e-01
  9.26083498e-01 -1.37200709e+00  9.97215836e-01  9.86784672e-01
  9.39574479e-01  9.82531854e-01  6.36906082e-01  7.26822915e-01
 -5.87766677e-01  3.70695719e-01  1.00140107e+00 -2.28111421e+00
 -1.23302916e+00  8.92841155e-01  7.24658383e-01  4.72393660e-01
  9.94025153e-01  9.21193180e-01  9.17696468e-01  1.93951645e+00
  9.59837371e-01  9.86147360e-01 -5.99840733e-01  9.95000212e-01
  8.37586351e-01  9.96817302e-01  9.71662197e-01  8.45801890e-01
  5.51843468e-01  7.04360693e-01  9.05056266e-01  9.74613800e-01
  8.55141183e-01  1.26450136e+00  8.48938464e-01  7.42521809e-01
  1.32099219e+00  5.83326588e-01  8.68515007e-01  9.94972890e-01
 -6.98086936e-01  8.53892104e-01  9.53274915e-01  6.33109027e-01
  5.13912197e-01  8.73185213e-01  8.58237157e-01  9.25769112e-01
  8.08495618e-01  8.63542457e-01  9.83626224e-01  6.50828483e-01
  9.00691611e-01  2.29659963e-02  9.29881908e-01  4.25833541e-01
  1.02682887e+00  8.01350407e-01  5.39423581e-02  9.70895861e-01
  1.33948600e+00  8.93715211e-01  8.17187164e+00  1.04401509e+00
  9.85266947e-01  1.09156014e+00  1.05628509e+00  9.07990924e-01
  7.88720918e-01 -2.01292003e-01  5.40189544e-01 -5.59952159e+00
  1.00861780e+00  9.13237187e-01  6.61196178e-02  9.00330664e-01
  1.08339661e+00  4.21196874e-01 -1.66745994e+00 -7.08623207e-01
  9.52913542e-01 -2.05199642e-01 -1.27305142e-01  1.00222795e+00
  8.08464438e-01 -3.05349533e-01  8.05776927e-01  1.00019780e+00
  1.00347684e+00  5.00296238e-01 -3.54001250e-01  1.01539211e+00
  2.94281399e-01  9.79398198e-01  1.00754418e+00  9.44853597e-01
  1.00609995e+00  3.18109994e-01  9.31262399e-01 -8.12353853e-01
  6.90458203e-01  9.50763030e-01  1.01413768e+00 -4.51471760e-01
  9.96059550e-01  7.99207257e-01  8.67168547e-01  8.44414507e-01
  6.20398146e-01 -2.63806417e+00  9.43345952e-01  9.45663176e-01
  7.88105042e-01  1.46980344e+00  4.97223668e-01 -6.39058452e-01
  8.89052873e-01  8.06393446e-01  7.25355842e-01  1.03694225e+00
  2.48749313e+00  9.78999100e-01  1.26783944e-01  9.54528184e-01
  1.05660504e+00  7.58230503e-01  9.44513073e-01  1.80429226e+00
  6.05438128e-01  4.32394478e-01  1.24150505e+00  9.06700108e-01
  8.02770818e-01 -3.82424713e-01  3.07167530e-01  9.19707895e-01
  1.00245284e+00  1.00937123e+00  4.20658394e-01  9.60852072e-01
  5.34501628e-01  9.98475570e-01 -3.30119643e-01  9.99396108e-01
  1.06445741e+00  9.67208920e-01  9.39202582e-01  6.87150228e-01
  1.22358460e+00  8.91714526e-01  9.98808980e-01  7.18699833e-01
 -4.09663279e-01  1.92117086e+00  8.50605737e-01  7.58114133e-01
  9.60592739e-01 -5.38709672e-01  8.67699573e-01  9.28947163e-01
  7.75266564e-01 -1.13217704e-01 -2.63566018e-01  7.76311301e-01
  1.00166000e+00  8.95497709e-01  9.90681575e-01  9.86469265e-01
 -3.68004311e+00  5.28361981e+00  3.81477135e-02 -1.10123292e+00
 -4.40798652e+00  7.29033370e-01  9.95312902e-01  8.35600955e-01
  1.08299336e+00  9.63890780e-01  9.86691725e-01  3.56791074e-01
  8.57576311e-01  2.86309323e-01  2.89143212e-01  7.18001535e-01
  9.24220054e-01  9.91389915e-01  5.88158973e-01  9.25209557e-01
  9.42606260e-01  1.23521987e-01  9.97145097e-01 -3.27690115e-01
 -5.25762669e+00  9.95102009e-01  1.03477865e+00  1.85140110e+00
 -5.00870218e-01  1.00101776e+00  2.23358471e-01  8.50685086e-01
  6.81959556e-01  7.41118867e-01  9.77725801e-01 -1.23550575e+00
  1.00229067e+00  1.00660132e+00  9.34427598e-01  1.06982332e+00
  9.43644890e-01  6.16176483e-01  1.03486428e+00  1.21656808e+00
 -1.35833501e+01  1.00131069e+00  5.03578110e-01  3.77330414e-01
  7.00573808e-01  1.03063171e+00  5.90385016e-01  1.06054139e+00
  4.45102595e-01  5.76271349e-01 -9.79684353e-02  9.10151726e-01
  1.00100929e+00  9.45622288e-01  7.52073971e-01  4.14791856e+00
  3.54844394e-01  1.08126249e+00  9.65580766e-01  9.14691205e-01
  9.76366740e-01  1.02673076e+00  1.43785631e+00  3.73935874e-01
 -4.54448534e+00  3.88824082e-01  9.80244702e-01  6.72227591e-01
  9.92256971e-01  9.46775499e-01  8.61787429e-01  1.14630048e+00
  4.38045229e-01  9.96139606e-01 -1.91983789e-01  8.36817870e-01
 -4.09992916e+00  1.01605023e+00  7.80735266e-01  7.30209295e-01
  9.02734858e-01  5.93434425e-01  7.42390154e-01  8.62682462e-02
  1.72859886e+00  7.11613219e-01  4.18625257e-01  1.11608948e+00
  9.04222286e-01  8.02930539e-01  2.49470041e-01  9.91832808e-01
  4.12454677e-01  8.69343501e-01  1.28947165e+00  7.87099534e-01
  1.90486512e+00  9.41912360e-01 -1.22494112e+00  9.55998555e-01
  4.31255678e-01  9.88253488e-01  9.01586747e-01  6.73054796e-01
  7.02583057e-01 -1.39147233e+01  9.55562132e-01 -5.51416899e-01
  9.19597629e-01  9.61369007e-01  6.55907284e-01  1.05618683e+00
  6.86366582e-01  1.11734365e+00  7.02473155e-01  1.55481480e+00
  9.08583861e-01  9.16079160e-01  7.43331247e-01  7.67678076e-01
 -1.87685811e+00  9.73628249e-01  6.63724112e-01  8.50891679e-01
  8.86110464e-01  8.79356846e-01  9.93170716e-01  3.84736952e+00
  4.20470350e-01  8.15294214e-01  9.13014400e-01  7.75068570e-01
 -2.33043997e-01  1.29521122e-01 -2.69912779e-01 -2.03115063e+00
  6.51446233e-01 -3.06525886e-01  8.73932546e-01  9.56098264e-01
  9.26768193e-01  1.04725728e+00  9.84178145e-01  7.66461562e-01
  6.58218341e-01  9.84838090e-01 -4.38790303e+00  8.01463094e-01
  7.18218520e-01  4.45981147e-01  9.24155342e-01  2.97702271e-01
  1.00058594e+00 -2.01104083e-01  9.85900976e-01  1.01273891e+00
 -6.52712451e-04  6.56053744e-01  1.00159240e+00  9.17132729e-01
  1.02114122e+00  1.00365701e+00  9.68471447e-01  8.83949816e-01
 -4.11084275e-02  7.77980505e-01  5.20425813e-01  4.41674572e-01
  8.64072807e-01  1.13777958e+00 -7.31807175e-01  8.94717754e-01
  8.65880755e-01  1.00225734e+00  9.73469084e-01  6.57794955e-01
  9.26242586e-01  1.12990715e-01 -7.29081753e-02  8.42818373e-01
  9.64988411e-01  9.73910376e-01  3.65230585e-01  1.10108468e+00
  2.02832528e+00  9.97218863e-01  8.20956133e-01 -2.72642460e-01
  9.16418045e-01  2.92206460e-01  6.73176627e-01  4.25043323e-01
  1.00621234e+00 -3.97093396e+00  8.70734221e-01  8.70887791e-01
  9.79763673e-01  6.98034482e-01 -4.88182642e-01  7.65991165e-01
 -4.18470422e-01  4.26675801e-01  8.32040160e-01  6.58107046e-01
  8.31692763e-01  9.82993286e-01  8.56634378e-01  4.90193547e-01
  4.77148255e-01  8.80553943e-01  6.48330120e-01 -2.33268957e-02
 -2.46000100e-01  8.89261475e+00 -3.89613485e-01  9.19165576e-01
  1.00058669e+00 -1.95278817e+00  8.22361025e-01  6.26677547e-01
  9.96175779e-01  9.43116351e-01  8.65159385e-01  3.60818161e-01
 -4.71917216e-01  1.01539477e+00  8.50234408e-01 -8.81309133e-01
  6.83578402e-01  1.10228183e+00 -8.02901895e-01 -5.00244830e-01
  8.90069660e-01  9.66320607e-01  1.00323288e+00  3.99163089e-01
 -4.66907825e+00  1.00353886e+00  2.16297676e-01 -1.86048053e+00
  9.76890055e-01  1.05776948e+00  9.67999822e-01  2.64339528e-01
 -3.74624967e+00  9.10707147e-01  7.63976513e-01  9.78659443e-01
  7.43518473e-01  9.27888706e-01  9.83036543e-01 -6.01573192e-01
  2.19288443e-02  8.96732790e-01  9.61204622e-01  4.00377697e-01
  4.91245391e-01  6.14370095e-01  9.37109495e-01  7.68212987e-01
  2.25119248e-01  6.76460306e-01  3.60365376e-01 -1.16547601e+00
  3.13867283e-01  1.00564316e+00  7.28695046e-01  9.48454025e-01
 -3.33098713e-02  9.69362023e-01 -1.20762698e-01 -3.50987275e-01
  7.72533859e-01  6.13193704e-01  8.17344819e-01  9.84135645e-01
 -1.32790919e+00  9.62862912e-01 -1.70234048e+00  2.62631922e-01
  9.49907626e-01  8.91443770e-01  9.37430519e-01  1.26761133e+00
  9.84181420e-01  9.14781866e-01  1.12079094e+00  6.48708031e-01
  9.93609476e-01  9.83769149e-01  8.03581974e-01  8.07195634e-01
  2.23049771e+00  8.82485081e-01  3.35328083e-01  6.52049224e-01
  4.90878721e-01  1.05601756e+00  4.79402509e-01  9.85605056e-01
  2.90678558e+00  1.00563490e+00  9.49985608e-01  1.11378126e+00
 -1.19201349e+00  1.24863990e+00  9.18649754e-01  9.88317256e-01
 -1.52416035e+00 -5.80495335e-01  1.00003412e+00 -3.27618695e+00
  8.81222996e-01  1.00437372e+00  3.86387136e-02  9.87465290e-01
  1.33272810e+00  1.11150668e+00  4.10327475e-02  1.63552381e+00
  9.13446484e-01  7.63238031e-01  6.42397613e-01  1.01627324e+00
 -3.12846400e-02  1.97241150e+00  9.91681726e-01  9.98704722e-01
  9.23033919e-01  5.45473116e-01  9.67603381e-01  8.75876408e-01
  9.46979203e-01  1.24950268e+00  1.38447870e+00  2.43610202e-01
  8.71907730e-01  1.00088454e+00 -1.32331663e+00  9.60740169e-01
 -1.51632796e+00  9.75336895e-01 -5.86176496e+00  3.42965224e-01
  7.56007538e-01  9.95009766e-01 -9.18795275e-01 -3.23965475e-01
  9.68915196e-01  7.87401400e-01  9.97793533e-01  8.89200330e-01
  1.11148151e+00  9.12814693e-01  9.14084489e-01  1.00260000e+00
  7.86607569e-01  1.04320387e+00 -9.73652512e-01  8.36471285e-01
  1.02858187e+00  9.18062934e-01  1.19590772e+00  9.04019510e-01
  8.85678693e-01  5.70663404e-01  4.94766217e-01 -2.32691601e-01
  1.10558071e-01  6.33013095e-01  5.02481658e-02  9.83977806e-01
  7.64110235e-01  6.41690212e-01  9.77698596e-01  1.27322096e+00
  5.96114117e-01  2.90334442e-01  9.09730924e-01  9.97691597e-01
  1.03831224e+00 -3.88243175e+00  6.53039216e-01  9.10365971e-01
  8.65034096e-01  7.82891568e-01  9.25801278e-01  1.70419773e+00
  2.44775211e-01  5.62278625e-01  5.01853475e-01  1.72331226e+00
  7.47272559e-01  1.00218182e+00  7.58090475e-01  2.79084885e-02
  9.07970888e-01  8.60854074e-01  7.57502752e-01  1.00217083e+00
 -4.37641624e-01  1.02105740e+00  6.81580239e-02  8.44798219e-01
  2.12661876e-01  1.29678331e+00  1.06494971e+00  9.51048650e-01
  7.04622910e-01  6.01524114e-01  8.69557063e-01  9.46458676e-01
  1.01099569e+00  9.70639875e-01 -1.97180799e+00 -2.16064579e+00
  9.40412228e-01 -1.59860335e+00 -2.31518187e+00  1.33491145e+00
  6.23285132e-01 -6.25834039e-01  7.48935833e-01  9.24042694e-01
  8.79872232e-01  9.37867042e-01  8.88611835e-01  7.28021145e-01
  1.00738066e+00  2.19759371e+00 -9.83236147e-01  8.48020986e-01
  8.36287024e-01  1.07294925e+00 -5.53643426e+00  9.82497056e-01
  8.01239196e-01  2.19322419e-01  1.00087761e+00  1.31631745e+00
  4.25837724e-01  6.40468285e-01  3.82871562e-01  7.17668821e-01
  8.60537999e-01  9.95275677e-01  1.00205652e+00  6.83835458e-01
  1.00065564e+00  7.91235997e-01  2.00075537e-01 -4.85525158e-01
  8.59006234e-01  9.93592502e-01  9.43523827e-01  9.50336345e-01
  6.87275911e-01  1.03659894e+00  9.76509742e-01  9.95404432e-01
  8.13382158e-01  8.69260249e-01 -6.68983302e-01  9.91997636e-01
  1.02230530e+00  7.25571597e-01  6.66483831e-01  9.93740575e-01
  2.87250288e-01  1.46070674e-01  8.16253720e-01  9.27624730e-01
 -1.32224620e+00  1.20880231e+00  6.62848692e-01  7.68177556e-01
  9.79859385e-01 -3.32241593e-01  7.86341047e-01  8.21421176e-01
  1.00229385e+00  9.91672297e-01  1.00048454e+00  9.17713983e-01
  8.72575836e-01  9.07518112e-01  9.00894860e-01 -1.59320124e+00
  3.46973085e-01 -9.01379725e-01  1.32961540e+00  1.73428697e+00
  8.66809677e-01  9.61499065e-01  7.42603987e-01  9.98970072e-01
  9.42026077e-01 -5.66490225e-01  9.90562343e-01  9.55316442e-01
  9.93026203e-01  4.31254444e-01  7.72601579e-01  1.70734955e+01
  9.94870279e-01  3.94074256e-01  9.48116613e-01  8.96031864e-01
  5.27984797e-01  9.96136479e-01  6.47032835e-01 -1.95013066e+00
  8.90504642e-01  8.94348873e-01  8.45704130e-01  4.33869076e-01
 -1.70332705e-01  9.76346341e-01  1.01647671e+00  9.60649067e-01
  1.06205893e+00  7.31958113e-01  9.55377261e-01  3.12732865e-01
  4.28588777e-01  1.10854797e+00  7.54730786e-01  8.87314956e-01
 -8.68716558e-01  9.61814965e-01  5.43607177e-01  4.50732965e-01
  9.69359653e-01  9.03229866e-01  7.84139495e-01  7.68891043e-01
 -1.43566646e+00  2.86718448e-01 -6.44282212e-01 -3.91546109e-01
 -1.82226068e-01  3.73667015e-01  9.72436172e-01  9.15467922e-01
  9.15042673e-01  9.62064092e-01  9.93169720e-01  7.44197841e-01
  9.05161340e-01  1.00220341e+00  1.00215086e+00  8.05432194e-01
  9.82235526e-01  1.21176330e+00  9.70862109e-01 -4.13718376e-01
  9.85802621e-01  3.43144457e-01  1.04496221e+00  8.65220107e-01
  9.55743392e-01  3.36686194e-01  9.58556123e-01  9.31866581e-01
  8.15667853e-01  7.98443802e-01  9.24793037e-01 -6.71500198e-01
  8.31385880e-01 -6.57656655e-01  9.45810730e-01  9.39651611e-01
  9.80023896e-01  8.04179107e-01 -3.53383706e-02  9.69011426e-01
  8.01878306e-01  1.17971956e+00  8.40189108e-01  9.70763925e-01
  6.87163806e-01  9.76772537e-01  9.28650962e-01  8.22055874e-01
  3.70667726e-01  1.12816082e+00  3.65207184e-01  8.46135679e-02
  1.23572366e+00  9.14487356e-01 -1.44699186e+00 -1.03089342e+00
  6.62387105e-01  8.92285356e-01  8.97234637e-01  9.62697799e-01
  4.95227259e-01  9.80816022e-01 -8.31646643e+00  1.00236899e+00
  9.53592964e-01  1.08012070e+00  9.17393164e-01  1.01541191e+00
  9.53976071e-01  1.32009353e+00  1.11766146e+00  8.29419739e-01
  6.30372650e-01  7.02867353e-01  1.98152943e+00  1.00163780e+00
  9.71443162e-01  9.37216203e-01  1.00177242e+00  2.97317244e-01
  9.59465310e-01 -4.59445275e-01  6.93682472e-01  1.00015553e+00
  1.00149675e+00  4.25706350e-01  9.97737076e-01 -3.12901514e+00
 -2.55138618e+00  1.09133961e+00  9.59564309e-01  1.35959919e+00
  8.02727034e-02  4.99938786e-01  6.79576854e-01  7.47807846e-01
 -3.79066062e-01 -5.45830350e-01  1.20790496e+00  1.27668788e+00
  1.84613495e+00  9.44761522e-01  6.60240760e-01  3.05616705e-01
  3.24349551e-01  9.97751111e-01  1.77561786e+00  8.29158451e-01
  1.15212848e-03  1.04361822e+00  2.25522054e-01 -3.93355046e-01
  9.32819278e-01  8.99685561e-01  2.97106129e-02  9.26639288e-01
  1.04380970e+00  5.48194639e-01 -8.35736664e-02  9.11446663e-01
  9.11263123e-01 -9.75046879e-01  9.95784650e-01  1.44558853e-01
  7.39515465e-02  3.14196181e-01  8.95267003e-01  4.44309144e-01
  1.37789275e-02  7.93081915e-01  6.95540044e-01 -5.21029415e-02
  7.91648695e-01  8.58459486e-01 -1.34467583e+00 -1.39158523e+00
 -1.38698270e+00  4.64999454e-01  7.70318097e-01 -1.55657102e-01
  9.96820000e-01  8.30866150e-01 -1.05524947e-01  9.50487358e-01
  1.00373246e+00  3.31829199e+00  3.80372507e-01 -7.51502487e-01
  5.77874006e-02  1.31342898e+00  9.49478581e-01  1.66084813e-01
 -3.24734097e+00  3.56886410e-01  9.93947974e-01  3.92060305e+00
 -3.81948615e+00  7.04425362e-01  1.00942310e+00  7.84401263e-01
  1.00053095e+00  9.78407305e-01  9.94690293e-01  3.28290118e+00
  9.64542602e-01 -1.90392130e+00  9.95721067e-01  9.98186197e-01
  6.10935347e-01  8.61872930e-01  9.21347369e-01 -1.09207396e-01
 -1.18697704e+00  9.76138562e-01 -4.76248621e-01  9.78211132e-01
  5.59654315e-01  1.09058838e+00 -6.21413488e-02  7.30680317e-01
  6.70911880e-01  9.99938732e-01  1.02791090e+00  9.53541268e-01
 -2.24648860e+00 -6.79656237e-01 -1.27790594e+00  1.00153974e+00
  7.66309078e-01  6.09544083e-01  9.95181177e-01  7.60077015e-01
  1.03247524e+00  9.93446228e-01 -6.15541240e+00  9.46883708e-01
  8.75589377e-01  8.35216629e-01  8.87080738e-01  8.94894920e-01
  8.72092803e-01  7.51510856e-01  1.02255308e+00  9.63822333e-01
 -1.95154389e+00  8.11675879e-01  9.58168177e-01  9.67388299e-01
  9.86479767e-01  7.30413441e-01  8.73021262e-01  9.64894592e-01
  9.83573230e-01  1.00250711e+00  1.00331926e+00  8.22786699e-01
 -3.09646885e-01  1.00187120e+00  3.57275690e-01  8.28061911e-01
 -2.46036703e+00  1.04007921e+00  9.68203166e-01  9.92572636e-01
  5.71441204e-01  9.56248318e-01 -5.60613188e-01  9.70146287e-01
  5.01614163e-01  7.96653427e-01  1.01804513e+00  9.73811921e-01
  9.43329027e-01  1.00957689e+00 -7.91935472e-02 -1.10992004e+00
  8.85744957e-01  1.09894029e+00  7.45839079e-01  8.94655354e-01
  7.63325871e-01  8.47997371e-01  4.17491198e-01 -1.56752765e+00
  9.45803988e-01  1.32165497e+00  7.96747530e-01  5.52938124e-01
  9.50078652e-01  9.47528592e-01  6.00524160e-01  8.34226545e-01
  9.32688977e-01  9.97113138e-01  9.34862009e-01  8.42588785e-01
  1.02550369e+00  1.02719703e+00  8.13050411e-01  3.69832840e-01
  8.64416463e-01 -4.30888594e+00  9.23595900e-01 -2.97839791e+00
  8.92935287e-01  1.45131331e+01  1.00145353e+00  9.84632293e-01
 -1.46615902e+00 -3.27113578e-01  1.01726511e+00  8.73898538e-01
  8.95979585e-01  7.65127887e-01  6.75541907e-01  9.82766505e-01
  1.61943840e-01  5.74776599e-01 -6.95788607e+00 -1.09626125e+00
  1.00088397e+00  8.15152624e-01  2.24299043e-01  1.03325715e+00
  9.97436061e-01  5.60800115e-01  4.83583372e-01  8.03992876e-01
  8.84260109e-01  9.92685305e-01  3.83109388e-01  2.49239631e-01
 -8.09009582e+00  9.84106446e-01  4.16763787e-01  8.49034013e-01
  1.03244876e+00 -1.65306256e+00  1.00266936e+00 -4.09603161e-01
  1.00037681e+00  1.00101735e+00  9.34012293e-01  9.24792217e-01
  6.64559312e-01  9.51783130e-01  4.46076262e-01  1.03686356e+00
  1.14276875e+00  5.84123409e-02  9.11802240e-01 -1.16982955e-01
  1.02948206e+00  4.44996923e-01 -4.93490427e+00 -1.53614335e+00
 -1.34309143e+00  9.89935234e-01  1.28554966e+00  4.98397564e-01
  1.00613912e+00  6.94034420e-01  1.15770348e+00  9.11806802e-01
  9.81668990e-01  8.11231674e-01  4.69224938e-01  8.70684944e-01
  1.10253096e+00  8.56704422e-01  9.66622957e-01  9.17473351e-01
  9.56371674e-01  9.17647076e-01  8.12587835e-01  1.00246523e+00
  2.42172792e-01  6.33591346e-01  6.32549598e-01  2.20063533e+00
  8.12658650e-01  8.95287951e-01  9.55701080e-01  9.80055396e-01
  5.92401876e-01  5.46956907e-01  9.96209962e-01  9.91764436e-01
  9.61096018e-01  4.55807059e-02  4.25222963e-01  9.98317348e-01
  6.81023740e-01  9.22474132e-01  9.35386563e-01  2.50883455e-01
  9.61341152e-01  8.82926995e-01 -8.68525573e+00 -1.66731935e-01
 -3.58364238e-01  1.02963091e+00  4.30562376e-01  7.38555613e-01
  1.04189751e+00 -2.52844167e-01  7.56798149e-01  3.34903122e-01
  9.13637380e-01  9.86355965e-01  8.71500565e-01  9.52201566e-01
  1.00243600e+00  9.04833328e-01  1.66462957e+00 -2.53941932e+00
  9.86281469e-01  1.00465008e+00  4.85770490e-01  9.13420906e-01
  7.64674918e-01  2.74184227e+00  4.64257529e-01  9.94221558e-01
  1.29863156e+00  7.67338299e-01  5.04087577e-01  9.84076291e-01
  8.42361430e-01  7.37920037e-01  2.15728038e+00  9.25944477e-01
  9.97787622e-01  9.09007699e-01  9.53845056e-01 -3.66951193e-02
  9.86201978e-01  5.65458255e-01  9.61924658e-01  1.14859540e+00
  6.79687251e-01 -1.76163176e+00  1.27980709e+00  9.05239999e-01
  8.71241570e-01  4.36150442e-01  9.25216744e-01  6.28746125e-01
  6.13024054e-01  9.93180948e-01  2.66391821e-01  9.66434872e-01
 -1.69313019e+00  9.90365747e-01  9.99336121e-01 -1.44178964e-01
  9.01190478e-01  2.94066507e-01 -4.95263118e-01  9.61750695e-01
  9.29290021e-01 -9.27385427e-01  8.44255820e-01  9.38115139e-01
  9.96618168e-01  4.50717857e-01  9.55799885e-01  7.86738296e-01
  3.42613113e-01 -1.20522877e+00  9.26698916e-01 -9.47165837e-01
  4.83425306e-01  9.38594501e-01  9.94522953e-01  7.97640311e-01
  5.91182123e-01  1.00483933e+00 -3.30631052e+00  3.33110594e-01
  9.89180559e-01  9.34173940e-01  6.68046751e-01 -2.91623060e+00
  1.49126295e+00  9.80118773e-01  2.37991077e-01  9.37477176e-01
  8.13723829e-01  2.35679752e-01 -1.71473191e+01  9.10068447e-01
  9.91324332e-01  2.90687463e-01  9.76049204e-01  1.46871853e+00
  3.68989959e-01  8.47676342e-01 -3.93252461e+00  3.30057041e+00
  1.03950722e+00  2.45019775e-01  9.16963019e-01  3.04561780e-01
  7.49166096e-01  7.12954500e-01  9.05704154e-01  1.72579774e-02
  7.98493367e-01 -2.45698570e-01  9.70064841e-01 -4.43671823e+00
  9.62093819e-01  6.75220087e-01  7.70182639e-01  9.22850657e-01
  1.06582897e+00  7.13566040e-01  3.20416724e-01  9.99078039e-01
 -9.86052463e-01  1.05597879e+00  9.77433712e-01  8.30776400e-01
  9.93409299e-01  8.97989237e-01  8.30984355e-01  8.53604233e-01
  1.00078370e+00  6.40353303e-01 -3.87099483e-01 -7.79122005e-01
  9.96413722e-01  9.41662600e-01  1.00183653e+00  1.07860552e+00
  9.26565270e-01  5.80780581e-01  7.50686041e-01  8.21675303e-01
  7.85492623e-01  8.89370025e-01  9.86218464e-01  6.68794090e-01
  1.81743286e-01  7.05882536e-01  9.63546479e-01  8.37182715e-01
 -5.42942444e-01 -2.51971239e-01 -2.08203673e+00  9.60923422e-01
  9.83605712e-01  9.00458623e-01  9.55172918e-01  9.38265180e-01
  8.79047832e-01  9.72966161e-01  9.97530985e-01  8.49658008e-01
  5.36707426e-01  9.23116995e-01 -3.91133933e+00  1.47525335e+00
  5.08457217e-01  3.86632356e-01  9.56405693e-01  8.95699917e-01
  9.62104186e-01  1.99471859e+00  5.06764606e-01  1.03503787e+00
  7.45509931e-01  3.52629448e-01  6.90600701e-01  9.82175650e-01
  3.65959334e-01  9.65410661e-01  9.82293819e-01  2.37556782e-01
  9.69759443e-01 -1.12780716e+00  5.70996254e-01  9.96766662e-01
  9.63294919e-01 -3.83654000e-01 -1.55697901e-01 -4.13178439e+00
  9.67361969e-01  1.13703104e+00  1.00050882e+00  6.17497166e-01
  4.13636546e-01  9.24782434e-01  9.78377808e-01 -2.56455192e+00
  1.00213436e+00  9.75973377e-02  2.47680101e+00  1.49741344e+00
  6.20409887e-01  1.00102372e+00  5.25007671e-01  8.87191344e-01
  1.24457653e-01  1.04007230e+00  9.60873945e-01  9.91323342e-01
  6.55260772e-01  8.96877194e-01  7.39748862e-01 -1.43167939e+00
  9.98656448e-01  2.29826168e-02  9.00630692e-01  1.34292945e+00
 -6.89612882e-01  2.59243134e-01  9.70200002e-01  9.96809313e-01
 -1.87076368e+00  5.24415473e-01 -1.74575617e+00  1.09552886e+00
  9.94835082e-01  9.70413899e-01  9.05162207e-01  9.01838689e-01
  3.96376563e-01  4.26062263e-01  9.66025025e-01 -1.49035479e+00
  8.19199064e-01  9.44854239e-01  1.00305720e+00  7.62826479e-01
  5.72854437e-01  1.00665604e+00  9.67849296e-01 -6.80400149e-01
 -1.37380010e-01  9.70708200e-01  9.77577644e-01 -1.79084592e+00
 -2.43285717e-01  9.45053213e-01  1.23474634e+00  8.46974908e-01
  9.65974895e-01  1.24831145e+00  9.28029786e-01 -3.58437600e-01
 -2.56185615e+00 -2.35401587e+00  1.11242183e+00  7.16831807e-01
  8.75218785e-01  1.02389972e+00  6.97303614e-01  9.60092933e-01
  5.84373920e-01  9.78902870e-01  8.72472132e-01 -7.54470889e-01
  7.78486291e-01 -4.57279989e-01  1.00185449e+00  9.83438903e-01
  9.43178857e-01  1.20456630e+00  7.48255795e-01  8.67936216e-01
  5.10757267e-01  9.00298609e-01 -3.35962841e-01  9.99209303e-01
  5.75423333e-01  9.04365193e-01  5.97479306e-01  5.66895719e-01
  8.46232655e-01  5.93490112e-01  9.29862532e-01  9.97987524e-01
  8.74049668e-01  1.21437146e+00  8.47092648e-01  3.50292302e-01
  8.52166194e-01  1.31342749e+00 -1.28631948e-01  3.20799872e-01
 -1.61312749e+00  7.09148426e-01  8.55185339e-01 -1.89755514e+00
  9.31124567e-01  9.95461527e-01  8.80739012e-01  2.79819876e-01
 -4.48424902e-01  8.91517109e-01 -5.74374523e+00  8.84727971e-01
  9.13802667e-01  1.05246928e+00  2.45334478e+00  7.02437504e-01
  9.76726227e-01  9.45777950e-01  7.15562472e-01  8.48901785e-01
  9.69801932e-01 -4.23900032e-01  9.96096560e-01 -2.04886710e-01
  1.00689308e-01  1.05799431e+00  7.97843209e-01  9.25017173e-01
  1.00338179e+00  9.09234561e-01  9.46856129e-01  1.00202894e+00
  1.01162322e+00  9.95838608e-01  9.20000097e-01  8.78194063e-01
  9.23066044e-01  9.97844435e-01  9.96999879e-01  8.84950781e-01
  9.70396748e-01  1.02522442e+00  5.89221906e-01  4.60494013e-01
  1.23226115e+00 -8.13539175e-01  8.44798407e-01  6.99613768e-01
 -1.94207874e-01 -5.24209216e-01  6.54780984e-01  3.73640322e-01
  9.76392755e-01  9.51875485e-01  1.00054221e+00  5.37225927e-01
 -2.68228541e-01  9.73351927e-01  6.31095313e-01  2.45108812e-01
  9.56353062e-01  9.70702513e-01  7.26341679e-01  5.39450665e-01
  8.77527288e-01  5.92435826e-01  1.01546462e+00  9.86004758e-01
 -4.09682765e+00  3.12971307e-01  1.00032923e+00  9.29444463e-01
  9.47657820e-01  6.03247225e-01  5.56383424e-01  8.02822282e-01
  1.64947945e+00  1.00010616e+00 -2.64413912e-02  8.80956841e-01
  9.99088687e-01  4.76421544e-01  2.72120331e-01  8.63871670e-01
  8.39349539e-01  1.88589958e+00  8.79402301e-01  9.61923225e-01
 -6.64504856e-01  4.07376217e-01  9.84034327e-01  7.92636439e-01
  3.75513395e-01  6.28446863e-01  7.72740709e-01  6.95729057e-01
  9.30083657e-01 -3.01289481e+00  1.00127320e+00 -6.60055659e-02
  8.99944831e-01  7.83006144e-01  1.07006862e+00  1.63116704e+00
 -1.08098676e+00  1.12103166e+00  3.90804442e+00  8.35136812e-01
  9.23328890e-01  9.52318378e-01  7.54236388e-01  5.96048253e-01
 -1.99567076e-01  8.73580402e-01  1.05465389e+00  6.45549704e-01
  8.78953669e-01  2.06896443e+00  9.30557774e-01  4.66839532e-01
  3.99318440e-01  1.00190917e+00  1.21019052e+00  8.67245325e-01
 -5.98051927e-01  9.89249467e-01  8.49991637e-01  9.95874694e-01
  4.67663987e-01  9.84636473e-01 -7.74247908e-01  1.11324587e+00
  1.66005173e-01  9.99287515e-01  5.34650884e-01  2.02809695e+00
  2.81737890e-01  9.16466434e-01  9.88558830e-01  1.00020237e+00
  9.37375006e-01  7.68579731e-01  1.00131064e+00  1.00251095e+00
  9.39417463e-03  6.02493233e-01  2.70081396e-01  9.08077992e-01
 -2.43079941e-01  7.34440015e-01  9.46332544e-01  9.98155082e-01
  8.96938252e-01  9.18043144e-01  6.97110176e-01  9.46843577e-01
  7.53016726e-01  6.89130965e-01  4.92210125e-01  8.21461172e-01
  6.15571865e-02  2.36523271e-01  9.88500487e-01  3.47196050e-01
  9.34871579e-01 -8.05537454e-01 -1.83241993e-01  6.30470196e-01
  1.00352864e+00  9.29647572e-02  1.07759572e+00  1.79711110e+00
  7.40437890e-01  9.21161528e-01  9.15956114e-01 -4.89129548e-01
  3.52392162e-01  8.92124735e-01  8.23087815e-01  1.09090110e+00
  1.68307120e+00  5.86153010e-01 -6.90572321e-02  9.96663092e-01
  8.99647830e-01  6.76276464e-01  9.81818116e-01  3.98096920e-01
 -7.20559508e+00  9.92909155e-01  9.39621174e-01  8.07772050e-01
  9.94314050e-01  7.07884721e-01 -2.12392966e+00  8.76330699e-01
  5.92242231e-01  1.02069499e+00  9.96939670e-01 -9.40816138e-02
  9.03567896e-01 -2.35352620e+00  7.70023770e-01 -2.99860702e+00
  8.17248875e-01  1.14371578e+00 -5.42604978e-02  8.89791509e-01
  4.11410640e-01  1.09277076e+00  1.00966353e+00 -3.76283444e+00
 -1.59404118e-01  1.27468986e+00  4.52982516e-01  8.79251799e-01
  9.71819388e-01  3.22872338e-01  9.86596980e-01  1.00278165e+00
  8.60452495e-01  8.91775179e-01  7.11993908e-01 -1.05678780e+00
  7.06047906e-01  9.55480041e-01  8.15667324e-01  2.10445811e-01
  8.31662920e-01  2.06414607e-01  8.07337261e-01 -9.55410789e-01
  9.92101345e-01  1.06546032e+00  1.56861277e+00  5.30088283e-01
  9.82197795e-01  1.01531977e+00  1.67012029e-01  8.15612319e-01
 -5.94960422e-01  5.85409142e-01  6.87345664e-01  1.01236420e+00
 -4.42025708e-01  9.91770151e-01  9.35370286e-01  2.32695251e-01
  9.64650379e-01  7.95152150e-01  9.55387655e-01  3.37405622e-01
  6.47661016e-01  6.48394276e-01  9.61375697e-01  7.84312005e-01
  2.12617020e+00  9.14081163e-01  7.30441215e-01  6.41071929e-01
  1.63709112e-01 -7.81675930e+00  2.94077228e-01  8.35151832e-01
  1.24546219e-02 -8.37510367e-02  1.13559500e+00  1.53469614e+00
  7.95266246e-01  6.88604349e-01  3.40246776e-01  9.35393843e-02
  9.90762179e-01  8.71367042e-01  5.80883997e-01  9.65181261e-01
  4.85973457e-01  4.71871509e-01  2.29871407e-01  1.56055134e-02
  8.71024885e-01  6.55636377e-01 -4.59617247e+00 -8.71358431e-02
  1.00075179e+00  9.44614198e-01  6.88403910e-01  1.01166722e+00
  9.78868997e-01  4.03477384e-01  7.15859400e-01  5.84344186e+00
 -3.09465520e+00  9.37948217e-01  1.04927957e+00  8.63458406e-01
  5.93741471e-01  9.88574945e-01  8.69843688e-01  1.02191036e+00
  9.87205128e-01  9.87386113e-01  9.88702411e-01 -1.19464894e+00
  8.87898521e-01  8.02906777e-01  8.90345090e-01  1.00080115e+00
  9.05533067e-01  1.06438315e+00  9.43630907e-01 -3.79139164e-01
  5.79869506e-01  9.49095144e-01  8.63623462e-01  2.66499716e-01
  9.97944756e-01  9.05870901e-01  3.94728363e-01  9.27285904e-02
  1.00643030e+00  2.54015169e-01  7.30564196e-01 -4.49456944e-01
  9.90651596e-01  7.51890757e-01  1.44651836e+00  9.84399485e-01
  1.81718245e+00  9.14595485e-01  9.19302316e-01  9.97287218e-01
  9.78709804e-01  8.17356857e-01  2.91086498e+00  9.89596079e-01
  1.46132582e-02 -1.22120213e+00  1.85683456e-01  8.10683009e-01
  9.62188144e-01  1.16618447e+00  9.03389647e-01 -2.79546939e-01
 -2.43986765e-01  9.14525437e-01  1.26520572e+00  7.64873831e-01
  6.40240651e-01  9.68097469e-01  7.84610689e-01 -7.20376935e-02
  1.00247390e+00  8.55138857e-01  3.04578398e+00  9.15593168e-01
 -8.91855487e+00 -8.33543793e-01  7.83326017e-01  9.69694280e-01
  8.97305485e-01 -9.57243859e-01 -1.23737950e-02  2.72811562e+00
  1.13699827e+00  8.54190814e-01 -4.09374792e-01  8.99073693e-01
  9.31682491e-01  9.17021784e-01  8.29550937e-01  8.94446461e-01
  2.76852563e-01  9.08618509e-01 -2.58908407e+00  9.29526750e-01
  9.30701872e-01  8.10442719e-01  9.17762594e-01  9.83730878e-01
  7.27370323e+00  9.60720367e-01  9.24161628e-01  3.26272883e-01
  4.57947589e-01 -7.71110292e-02  8.85648742e-01  9.68534007e-01
  9.98717708e-01  9.15024850e-01 -8.43060442e-01  1.09336074e+00
  1.01543348e+00  5.64110742e-01  5.90994369e-01  1.15759997e-01
  2.71523874e-03 -6.89974481e-01 -1.77183174e+01  9.40194744e-01
  9.93135512e-01  1.11530938e+00 -2.82159923e-02  6.93375359e-01
  1.48167789e+00  8.94920045e-01  9.91241976e-01  9.89761907e-01
  7.43372551e-01  9.57109219e-01  8.31423858e-01  9.99528808e-01
  7.55094127e-01  9.94107126e-01  1.00100841e+00  8.47145463e-01
  1.01544172e+00  1.00980803e+00  4.53512040e-01  9.61605476e-01]