[0.         0.         0.00191571 0.00191571 0.00383142 0.00383142
 0.00766284 0.00766284 0.01340996 0.01340996 0.01532567 0.01532567
 0.0210728  0.0210728  0.02681992 0.02681992 0.03448276 0.03448276
 0.03639847 0.03639847 0.03831418 0.03831418 0.04214559 0.04214559
 0.04980843 0.04980843 0.05555556 0.05555556 0.05747126 0.05747126
 0.06130268 0.06130268 0.06704981 0.06704981 0.06896552 0.06896552
 0.07088123 0.07088123 0.07279693 0.07279693 0.07471264 0.07471264
 0.08237548 0.08237548 0.08429119 0.08429119 0.09003831 0.09003831
 0.09386973 0.09386973 0.09578544 0.09578544 0.10536398 0.10536398
 0.10727969 0.10727969 0.1091954  0.1091954  0.11685824 0.11685824
 0.12068966 0.12068966 0.12260536 0.12260536 0.12835249 0.12835249
 0.13218391 0.13218391 0.13409962 0.13409962 0.13793103 0.13793103
 0.14367816 0.14367816 0.1532567  0.1532567  0.15900383 0.15900383
 0.16475096 0.16475096 0.16666667 0.16666667 0.16858238 0.16858238
 0.17049808 0.17049808 0.17241379 0.17241379 0.1743295  0.1743295
 0.18199234 0.18199234 0.18582375 0.18582375 0.19157088 0.19157088
 0.19731801 0.19731801 0.19923372 0.19923372 0.20498084 0.20498084
 0.20881226 0.20881226 0.21455939 0.21455939 0.2164751  0.2164751
 0.22030651 0.22030651 0.22988506 0.22988506 0.23180077 0.23180077
 0.23754789 0.23754789 0.24521073 0.24521073 0.24712644 0.24712644
 0.25095785 0.25095785 0.25670498 0.25670498 0.25862069 0.25862069
 0.26245211 0.26245211 0.26819923 0.26819923 0.27011494 0.27011494
 0.27394636 0.27394636 0.27586207 0.27586207 0.27777778 0.27777778
 0.28735632 0.28735632 0.29885057 0.29885057 0.30651341 0.30651341
 0.31034483 0.31034483 0.31417625 0.31417625 0.32375479 0.32375479
 0.3256705  0.3256705  0.33524904 0.33524904 0.33908046 0.33908046
 0.34291188 0.34291188 0.35057471 0.35057471 0.36398467 0.36398467
 0.36590038 0.36590038 0.37547893 0.37547893 0.37931034 0.37931034
 0.38505747 0.38505747 0.3908046  0.3908046  0.39463602 0.39463602
 0.39846743 0.39846743 0.40038314 0.40038314 0.40229885 0.40229885
 0.40613027 0.40613027 0.40804598 0.40804598 0.40996169 0.40996169
 0.41762452 0.41762452 0.42145594 0.42145594 0.42911877 0.42911877
 0.43103448 0.43103448 0.43869732 0.43869732 0.44061303 0.44061303
 0.44252874 0.44252874 0.44444444 0.44444444 0.45019157 0.45019157
 0.45402299 0.45402299 0.4559387  0.4559387  0.45785441 0.45785441
 0.46168582 0.46168582 0.46360153 0.46360153 0.46551724 0.46551724
 0.46743295 0.46743295 0.47126437 0.47126437 0.47701149 0.47701149
 0.4789272  0.4789272  0.48084291 0.48084291 0.48659004 0.48659004
 0.49233716 0.49233716 0.49616858 0.49616858 0.5        0.5
 0.50766284 0.50766284 0.50957854 0.50957854 0.51149425 0.51149425
 0.51724138 0.51724138 0.51915709 0.51915709 0.52298851 0.52298851
 0.52681992 0.52681992 0.53065134 0.53065134 0.53256705 0.53256705
 0.53448276 0.53448276 0.53639847 0.53639847 0.54022989 0.54022989
 0.54214559 0.54214559 0.54789272 0.54789272 0.54980843 0.54980843
 0.55172414 0.55172414 0.55363985 0.55363985 0.55555556 0.55555556
 0.5651341  0.5651341  0.57088123 0.57088123 0.58237548 0.58237548
 0.5862069  0.5862069  0.59003831 0.59003831 0.59195402 0.59195402
 0.59386973 0.59386973 0.59578544 0.59578544 0.59770115 0.59770115
 0.59961686 0.59961686 0.60153257 0.60153257 0.60344828 0.60344828
 0.60727969 0.60727969 0.6091954  0.6091954  0.61111111 0.61111111
 0.61877395 0.61877395 0.62068966 0.62068966 0.62260536 0.62260536
 0.62452107 0.62452107 0.62643678 0.62643678 0.6302682  0.6302682
 0.64367816 0.64367816 0.64750958 0.64750958 0.64942529 0.64942529
 0.651341   0.651341   0.6532567  0.6532567  0.67624521 0.67624521
 0.67816092 0.67816092 0.68007663 0.68007663 0.68199234 0.68199234
 0.68390805 0.68390805 0.69348659 0.69348659 0.69731801 0.69731801
 0.70114943 0.70114943 0.70306513 0.70306513 0.70881226 0.70881226
 0.71264368 0.71264368 0.71455939 0.71455939 0.72413793 0.72413793
 0.72605364 0.72605364 0.72988506 0.72988506 0.73180077 0.73180077
 0.73371648 0.73371648 0.73563218 0.73563218 0.73754789 0.73754789
 0.74137931 0.74137931 0.74329502 0.74329502 0.74521073 0.74521073
 0.74904215 0.74904215 0.75095785 0.75095785 0.75478927 0.75478927
 0.75670498 0.75670498 0.7605364  0.7605364  0.76436782 0.76436782
 0.76819923 0.76819923 0.77011494 0.77011494 0.77203065 0.77203065
 0.77586207 0.77586207 0.77777778 0.77777778 0.77969349 0.77969349
 0.7835249  0.7835249  0.79118774 0.79118774 0.79501916 0.79501916
 0.79693487 0.79693487 0.79885057 0.79885057 0.80076628 0.80076628
 0.80268199 0.80268199 0.8045977  0.8045977  0.81226054 0.81226054
 0.81417625 0.81417625 0.81609195 0.81609195 0.81992337 0.81992337
 0.82183908 0.82183908 0.82375479 0.82375479 0.8256705  0.8256705
 0.82950192 0.82950192 0.83333333 0.83333333 0.83524904 0.83524904
 0.83908046 0.83908046 0.84099617 0.84099617 0.84291188 0.84291188
 0.84482759 0.84482759 0.85057471 0.85057471 0.85440613 0.85440613
 0.85632184 0.85632184 0.86015326 0.86015326 0.86206897 0.86206897
 0.86398467 0.86398467 0.87547893 0.87547893 0.87739464 0.87739464
 0.87931034 0.87931034 0.88122605 0.88122605 0.88505747 0.88505747
 0.8908046  0.8908046  0.89272031 0.89272031 0.89463602 0.89463602
 0.89655172 0.89655172 0.89846743 0.89846743 0.90229885 0.90229885
 0.90421456 0.90421456 0.90613027 0.90613027 0.90996169 0.90996169
 0.91187739 0.91187739 0.9137931  0.9137931  0.91570881 0.91570881
 0.91762452 0.91762452 0.91954023 0.91954023 0.92145594 0.92145594
 0.93678161 0.93678161 0.94061303 0.94061303 0.94252874 0.94252874
 0.94444444 0.94444444 0.95210728 0.95210728 0.96168582 0.96168582
 0.96360153 0.96360153 0.96551724 0.96551724 0.96934866 0.96934866
 0.97318008 0.97318008 0.97509579 0.97509579 0.97701149 0.97701149
 0.98084291 0.98084291 0.98467433 0.98467433 0.98659004 0.98659004
 0.98850575 0.98850575 0.99233716 0.99233716 0.99616858 0.99616858
 1.        ]