[ 1.12278223e+03  1.12178223e+03  8.54238513e+02  6.07677242e+02
  6.02406389e+02  2.96852452e+02  2.33511888e+02  2.04027616e+02
  1.81284694e+02  1.78801417e+02  1.71588307e+02  1.68890685e+02
  1.64498626e+02  1.55807608e+02  1.49077233e+02  1.43782418e+02
  1.42132739e+02  1.29489312e+02  1.24926721e+02  1.15805094e+02
  1.10115578e+02  1.07899471e+02  1.05834732e+02  1.00851733e+02
  9.92592043e+01  9.86292210e+01  9.32307047e+01  9.03669166e+01
  8.78151750e+01  8.48316948e+01  8.21843864e+01  7.90032014e+01
  7.78614396e+01  7.77327575e+01  6.96349218e+01  6.89222946e+01
  6.80107196e+01  6.47558321e+01  6.26846851e+01  6.20861257e+01
  6.10204038e+01  5.97202762e+01  5.51655226e+01  5.40679655e+01
  5.24855862e+01  5.19326667e+01  4.90814370e+01  4.87635036e+01
  4.07641636e+01  4.01961810e+01  3.72991078e+01  3.70695523e+01
  3.69635744e+01  3.68612058e+01  3.64501125e+01  3.61757021e+01
  3.59173734e+01  3.49370845e+01  3.08850811e+01  3.06089471e+01
  2.71545647e+01  2.57235065e+01  2.50291634e+01  2.42990027e+01
  2.37646702e+01  2.34539220e+01  2.33956591e+01  2.26484272e+01
  2.23871081e+01  2.21240727e+01  2.20091089e+01  2.12475495e+01
  2.08156619e+01  2.03783989e+01  2.02855742e+01  2.01310187e+01
  1.99621909e+01  1.98978244e+01  1.98780736e+01  1.98273738e+01
  1.91537530e+01  1.86465268e+01  1.85731060e+01  1.80752148e+01
  1.74073774e+01  1.72065312e+01  1.70570286e+01  1.66671893e+01
  1.64472636e+01  1.56009687e+01  1.54372334e+01  1.52317562e+01
  1.50365930e+01  1.40551492e+01  1.40167279e+01  1.39181305e+01
  1.27632255e+01  1.23971329e+01  1.21593122e+01  1.17496327e+01
  1.16824631e+01  1.14782318e+01  1.09870618e+01  1.08770293e+01
  1.08627013e+01  1.06041331e+01  1.05910234e+01  9.80005103e+00
  9.48118849e+00  9.41890347e+00  9.17209434e+00  9.13119169e+00
  9.10968599e+00  9.10812991e+00  8.98307079e+00  8.49873553e+00
  8.17112267e+00  8.05051245e+00  8.03524289e+00  7.90498549e+00
  7.73875851e+00  7.62845167e+00  7.54895420e+00  7.49636359e+00
  7.43745855e+00  7.42104656e+00  7.19009420e+00  7.18420041e+00
  7.06442584e+00  6.86682127e+00  6.72859963e+00  6.66604268e+00
  6.14698567e+00  5.66269060e+00  5.55117663e+00  5.36837365e+00
  5.28757519e+00  5.21963517e+00  4.94271718e+00  4.91220468e+00
  4.46685077e+00  4.42002890e+00  4.35836890e+00  4.26572717e+00
  4.22002627e+00  4.18794242e+00  4.16331563e+00  3.92399173e+00
  3.85601221e+00  3.77142719e+00  3.73003035e+00  3.68365144e+00
  3.45209686e+00  3.38485832e+00  3.33208023e+00  3.27695250e+00
  3.26122919e+00  3.24811592e+00  3.13633355e+00  3.12848855e+00
  2.97634709e+00  2.92710033e+00  2.89767449e+00  2.87111807e+00
  2.84666138e+00  2.75973669e+00  2.62127099e+00  2.61565157e+00
  2.51114254e+00  2.50880541e+00  2.43172409e+00  2.41378528e+00
  2.36874679e+00  2.35263055e+00  2.23256282e+00  1.99152370e+00
  1.94669002e+00  1.93580896e+00  1.88101804e+00  1.86981226e+00
  1.86029568e+00  1.84808758e+00  1.79991183e+00  1.79594300e+00
  1.78032834e+00  1.74368461e+00  1.73293505e+00  1.72840563e+00
  1.66674611e+00  1.66294533e+00  1.55603557e+00  1.49089278e+00
  1.47680842e+00  1.41566453e+00  1.41341235e+00  1.39995704e+00
  1.39759876e+00  1.36257106e+00  1.32819036e+00  1.32768393e+00
  1.28250280e+00  1.27083656e+00  1.25929070e+00  1.24740799e+00
  1.23644001e+00  1.22162943e+00  1.21340460e+00  1.19101280e+00
  1.16545320e+00  1.16459038e+00  1.14417277e+00  1.13678139e+00
  1.13156141e+00  1.07601664e+00  1.06100764e+00  1.04338784e+00
  1.03108340e+00  1.02476530e+00  9.89756422e-01  9.72598950e-01
  9.61489897e-01  9.26257731e-01  8.93900538e-01  8.52723291e-01
  8.47545717e-01  8.42075150e-01  8.40164639e-01  8.31408906e-01
  8.27036768e-01  8.21697567e-01  8.21660923e-01  8.20400124e-01
  8.10304250e-01  8.07712199e-01  7.98994306e-01  7.96200774e-01
  7.85204266e-01  7.84642370e-01  7.71046054e-01  7.51224952e-01
  7.48699758e-01  7.43089045e-01  6.96221234e-01  6.95047755e-01
  6.79590944e-01  6.69308199e-01  6.27977183e-01  5.64893623e-01
  5.12597052e-01  4.99481273e-01  4.97990107e-01  4.41850132e-01
  3.40359034e-01  3.16016843e-01  2.84532787e-01  2.77757614e-01
  2.38506324e-01  1.21646980e-01  9.59816991e-02  7.07700040e-02
  4.19474322e-02  4.12973708e-02 -5.82302317e-03 -8.27969887e-03
 -1.12649705e-02 -3.31779106e-02 -4.44185386e-02 -6.37418230e-02
 -9.21138914e-02 -1.47331821e-01 -1.84916678e-01 -2.32328398e-01
 -2.82734825e-01 -4.24267466e-01 -4.41259875e-01 -4.83910447e-01
 -5.32605245e-01 -5.37604443e-01 -6.26996681e-01 -6.45991295e-01
 -6.76067457e-01 -7.01722122e-01 -7.64780811e-01 -7.67236603e-01
 -7.78798616e-01 -7.80797939e-01 -8.04289466e-01 -8.17652117e-01
 -8.47689264e-01 -8.70542270e-01 -8.74669760e-01 -9.12593770e-01
 -9.18743976e-01 -9.91370106e-01 -1.01362886e+00 -1.10332682e+00
 -1.14950441e+00 -1.18152791e+00 -1.19276637e+00 -1.22592382e+00
 -1.27298547e+00 -1.27504089e+00 -1.44313434e+00 -1.54502780e+00
 -1.57285751e+00 -1.58319962e+00 -1.75773921e+00 -1.77648127e+00
 -1.81961674e+00 -1.86840373e+00 -2.14378306e+00 -2.22416229e+00
 -2.27693401e+00 -2.29789873e+00 -2.52173268e+00 -2.54593938e+00
 -2.59195336e+00 -2.81747413e+00 -2.96728940e+00 -2.97878619e+00
 -2.98915805e+00 -3.09700063e+00 -3.19141227e+00 -3.22792600e+00
 -3.23484123e+00 -3.25493053e+00 -3.31542264e+00 -3.36811951e+00
 -3.39943928e+00 -3.44213424e+00 -3.53030351e+00 -3.53726727e+00
 -3.60585113e+00 -3.61340625e+00 -3.62724368e+00 -3.64985574e+00
 -3.66478956e+00 -3.71931008e+00 -3.75339764e+00 -3.79508869e+00
 -3.92939413e+00 -3.94279183e+00 -3.97535299e+00 -4.02537035e+00
 -4.12578164e+00 -4.17643565e+00 -4.23694985e+00 -4.28976790e+00
 -4.41625819e+00 -4.43666911e+00 -4.72906846e+00 -4.90244509e+00
 -4.92502775e+00 -4.99873835e+00 -5.20821756e+00 -5.44250445e+00
 -5.45240633e+00 -5.55707396e+00 -5.57287438e+00 -5.70502266e+00
 -5.79455890e+00 -6.10757224e+00 -6.29352612e+00 -6.53981728e+00
 -6.69949796e+00 -7.19401219e+00 -7.24541769e+00 -7.31175323e+00
 -7.71020843e+00 -7.79404674e+00 -7.92899573e+00 -8.12444681e+00
 -8.21098667e+00 -8.26426184e+00 -8.61606009e+00 -8.89689291e+00
 -9.09914898e+00 -9.14326676e+00 -9.14781093e+00 -9.16310379e+00
 -9.35997909e+00 -9.51300000e+00 -9.63347975e+00 -9.63859163e+00
 -1.01383230e+01 -1.01545499e+01 -1.04195836e+01 -1.04434561e+01
 -1.04480834e+01 -1.05674922e+01 -1.07659079e+01 -1.07879191e+01
 -1.13929115e+01 -1.16649921e+01 -1.19681372e+01 -1.20982048e+01
 -1.21367100e+01 -1.21943173e+01 -1.23712113e+01 -1.23886081e+01
 -1.24704233e+01 -1.31179857e+01 -1.35095161e+01 -1.35778104e+01
 -1.37312882e+01 -1.38326641e+01 -1.40349560e+01 -1.40451015e+01
 -1.40783296e+01 -1.48521986e+01 -1.50397632e+01 -1.50896212e+01
 -1.52616643e+01 -1.61558379e+01 -1.67624045e+01 -1.71875013e+01
 -1.75334755e+01 -1.77426601e+01 -1.80497319e+01 -1.83659559e+01
 -1.86271069e+01 -1.86287703e+01 -1.89433333e+01 -1.90260405e+01
 -1.90812164e+01 -1.93090443e+01 -2.04132717e+01 -2.11901115e+01
 -2.17458920e+01 -2.27841800e+01 -2.29065939e+01 -2.32095918e+01
 -2.32260788e+01 -2.36869593e+01 -2.38162031e+01 -2.42070608e+01
 -2.44146836e+01 -2.44363847e+01 -2.47327952e+01 -2.48409942e+01
 -2.53290036e+01 -2.68325618e+01 -2.75897574e+01 -3.04862425e+01
 -3.27107129e+01 -3.35249030e+01 -3.44769931e+01 -3.44838396e+01
 -3.49146017e+01 -3.56423483e+01 -3.77706176e+01 -3.81788698e+01
 -3.89916545e+01 -3.99378601e+01 -4.06309152e+01 -4.12581463e+01
 -4.13468070e+01 -4.23618082e+01 -4.31522104e+01 -4.40737125e+01
 -4.56989805e+01 -4.68000219e+01 -5.06771339e+01 -5.74050352e+01
 -6.23383932e+01 -6.27319336e+01 -6.58678204e+01 -7.01530827e+01
 -7.45897744e+01 -8.19953965e+01 -8.32787332e+01 -8.40619592e+01
 -8.75069447e+01 -9.72391460e+01 -1.13763362e+02 -1.14589005e+02
 -1.16667810e+02 -1.32535519e+02 -1.70697251e+02 -1.71597196e+02
 -1.75021887e+02 -2.04365843e+02 -2.16285072e+02 -2.20475156e+02
 -2.29824434e+02 -2.92279321e+02 -3.03484544e+02 -3.47506484e+02
 -3.73070964e+02 -3.96562491e+02 -6.46475687e+02 -2.28738386e+03]