[0.         0.0019685  0.0019685  0.00787402 0.00787402 0.01181102
 0.01181102 0.01574803 0.01574803 0.01968504 0.01968504 0.02362205
 0.02362205 0.02755906 0.02755906 0.03149606 0.03149606 0.03740157
 0.03740157 0.04724409 0.04724409 0.05314961 0.05314961 0.05708661
 0.05708661 0.05905512 0.05905512 0.06102362 0.06102362 0.07086614
 0.07086614 0.07283465 0.07283465 0.07677165 0.07677165 0.08070866
 0.08070866 0.08464567 0.08464567 0.09448819 0.09448819 0.09645669
 0.09645669 0.1003937  0.1003937  0.10629921 0.10629921 0.10826772
 0.10826772 0.11417323 0.11417323 0.11614173 0.11614173 0.12007874
 0.12007874 0.12204724 0.12204724 0.12992126 0.12992126 0.13385827
 0.13385827 0.13582677 0.13582677 0.14566929 0.14566929 0.1476378
 0.1476378  0.1496063  0.1496063  0.15944882 0.15944882 0.16732283
 0.16732283 0.16929134 0.16929134 0.17519685 0.17519685 0.17716535
 0.17716535 0.17913386 0.17913386 0.18110236 0.18110236 0.18307087
 0.18307087 0.18700787 0.18700787 0.19291339 0.19291339 0.19488189
 0.19488189 0.2007874  0.2007874  0.20669291 0.20669291 0.21259843
 0.21259843 0.21456693 0.21456693 0.21653543 0.21653543 0.22047244
 0.22047244 0.22440945 0.22440945 0.22637795 0.22637795 0.22834646
 0.22834646 0.23031496 0.23031496 0.23228346 0.23228346 0.25787402
 0.25787402 0.25984252 0.25984252 0.26771654 0.26771654 0.27165354
 0.27165354 0.27559055 0.27559055 0.27755906 0.27755906 0.28346457
 0.28346457 0.28937008 0.28937008 0.29133858 0.29133858 0.29724409
 0.29724409 0.30905512 0.30905512 0.31102362 0.31102362 0.31889764
 0.31889764 0.32283465 0.32283465 0.32677165 0.32677165 0.32874016
 0.32874016 0.33070866 0.33070866 0.3484252  0.3484252  0.3503937
 0.3503937  0.3523622  0.3523622  0.35433071 0.35433071 0.35629921
 0.35629921 0.36023622 0.36023622 0.36417323 0.36417323 0.37401575
 0.37401575 0.37598425 0.37598425 0.37795276 0.37795276 0.38582677
 0.38582677 0.38779528 0.38779528 0.39370079 0.39370079 0.3996063
 0.3996063  0.40551181 0.40551181 0.40748031 0.40748031 0.41338583
 0.41338583 0.41732283 0.41732283 0.43307087 0.43307087 0.43503937
 0.43503937 0.43897638 0.43897638 0.44094488 0.44094488 0.44291339
 0.44291339 0.44488189 0.44488189 0.44685039 0.44685039 0.4488189
 0.4488189  0.4507874  0.4507874  0.45275591 0.45275591 0.45669291
 0.45669291 0.45866142 0.45866142 0.46062992 0.46062992 0.46456693
 0.46456693 0.46653543 0.46653543 0.46850394 0.46850394 0.47244094
 0.47244094 0.47440945 0.47440945 0.47637795 0.47637795 0.48031496
 0.48031496 0.48228346 0.48228346 0.48622047 0.48622047 0.49015748
 0.49015748 0.49212598 0.49212598 0.49409449 0.49409449 0.5
 0.5        0.5019685  0.5019685  0.50393701 0.50393701 0.51181102
 0.51181102 0.51377953 0.51377953 0.52165354 0.52165354 0.52559055
 0.52559055 0.52952756 0.52952756 0.53149606 0.53149606 0.53543307
 0.53543307 0.53740157 0.53740157 0.54133858 0.54133858 0.54330709
 0.54330709 0.54724409 0.54724409 0.5511811  0.5511811  0.55314961
 0.55314961 0.55708661 0.55708661 0.56299213 0.56299213 0.56496063
 0.56496063 0.57283465 0.57283465 0.57677165 0.57677165 0.57874016
 0.57874016 0.58070866 0.58070866 0.58464567 0.58464567 0.59055118
 0.59055118 0.59448819 0.59448819 0.59645669 0.59645669 0.5984252
 0.5984252  0.6003937  0.6003937  0.60433071 0.60433071 0.60629921
 0.60629921 0.61220472 0.61220472 0.61614173 0.61614173 0.62007874
 0.62007874 0.62204724 0.62204724 0.62401575 0.62401575 0.62598425
 0.62598425 0.63188976 0.63188976 0.63385827 0.63385827 0.63582677
 0.63582677 0.63779528 0.63779528 0.63976378 0.63976378 0.64370079
 0.64370079 0.6496063  0.6496063  0.66141732 0.66141732 0.66338583
 0.66338583 0.66535433 0.66535433 0.66929134 0.66929134 0.67519685
 0.67519685 0.67913386 0.67913386 0.68110236 0.68110236 0.68307087
 0.68307087 0.68700787 0.68700787 0.69291339 0.69291339 0.69488189
 0.69488189 0.6988189  0.6988189  0.70472441 0.70472441 0.71062992
 0.71062992 0.71653543 0.71653543 0.72440945 0.72440945 0.73031496
 0.73031496 0.73425197 0.73425197 0.73622047 0.73622047 0.73818898
 0.73818898 0.74015748 0.74015748 0.74212598 0.74212598 0.74606299
 0.74606299 0.7480315  0.7480315  0.7519685  0.7519685  0.75393701
 0.75393701 0.75590551 0.75590551 0.75787402 0.75787402 0.76181102
 0.76181102 0.76574803 0.76574803 0.76771654 0.76771654 0.76968504
 0.76968504 0.77362205 0.77362205 0.77559055 0.77559055 0.77755906
 0.77755906 0.77952756 0.77952756 0.78346457 0.78346457 0.78543307
 0.78543307 0.78937008 0.78937008 0.7992126  0.7992126  0.8011811
 0.8011811  0.80314961 0.80314961 0.81299213 0.81299213 0.81496063
 0.81496063 0.81692913 0.81692913 0.81889764 0.81889764 0.82086614
 0.82086614 0.82480315 0.82480315 0.82677165 0.82677165 0.82874016
 0.82874016 0.83070866 0.83070866 0.83464567 0.83464567 0.83858268
 0.83858268 0.84055118 0.84055118 0.84251969 0.84251969 0.84448819
 0.84448819 0.84645669 0.84645669 0.8484252  0.8484252  0.8503937
 0.8503937  0.8523622  0.8523622  0.85826772 0.85826772 0.86220472
 0.86220472 0.86417323 0.86417323 0.86614173 0.86614173 0.86811024
 0.86811024 0.87007874 0.87007874 0.87204724 0.87204724 0.87795276
 0.87795276 0.88188976 0.88188976 0.88385827 0.88385827 0.89173228
 0.89173228 0.89370079 0.89370079 0.89566929 0.89566929 0.9015748
 0.9015748  0.90551181 0.90551181 0.90748031 0.90748031 0.91141732
 0.91141732 0.91338583 0.91338583 0.91929134 0.91929134 0.92322835
 0.92322835 0.92519685 0.92519685 0.92716535 0.92716535 0.92913386
 0.92913386 0.93307087 0.93307087 0.93503937 0.93503937 0.93700787
 0.93700787 0.93897638 0.93897638 0.94094488 0.94094488 0.94488189
 0.94488189 0.9488189  0.9488189  0.9507874  0.9507874  0.95472441
 0.95472441 0.95669291 0.95669291 0.95866142 0.95866142 0.97834646
 0.97834646 0.98031496 0.98031496 0.99015748 0.99015748 0.99606299
 0.99606299 1.         1.        ]