[0.         0.00990099 0.00990099 0.07920792 0.07920792 0.08910891
 0.08910891 0.0990099  0.0990099  0.10891089 0.10891089 0.11881188
 0.11881188 0.12871287 0.12871287 0.16831683 0.16831683 0.18811881
 0.18811881 0.20792079 0.20792079 0.23762376 0.23762376 0.25742574
 0.25742574 0.2970297  0.2970297  0.30693069 0.30693069 0.34653465
 0.34653465 0.36633663 0.36633663 0.37623762 0.37623762 0.42574257
 0.42574257 0.45544554 0.45544554 0.46534653 0.46534653 0.47524752
 0.47524752 0.52475248 0.52475248 0.53465347 0.53465347 0.54455446
 0.54455446 0.55445545 0.55445545 0.59405941 0.59405941 0.6039604
 0.6039604  0.63366337 0.63366337 0.64356436 0.64356436 0.67326733
 0.67326733 0.68316832 0.68316832 0.69306931 0.69306931 0.71287129
 0.71287129 0.73267327 0.73267327 0.78217822 0.78217822 0.79207921
 0.79207921 0.81188119 0.81188119 0.82178218 0.82178218 0.83168317
 0.83168317 0.86138614 0.86138614 0.89108911 0.89108911 0.92079208
 0.92079208 0.94059406 0.94059406 0.96039604 0.96039604 0.98019802
 0.98019802 1.         1.        ]