[  9.06688156   8.06688156   2.45573563   1.06105719   0.94957652
   0.94203277   0.92229008   0.91370837   0.90229923   0.90003664
   0.89971698   0.89887554   0.88155113   0.88079942   0.86511771
   0.86480063   0.8642724    0.86406225   0.86396661   0.86301977
   0.86282647   0.86182517   0.86097711   0.86045359   0.85990536
   0.85697156   0.85014521   0.84978506   0.84788081   0.84422878
   0.8439222    0.84221375   0.8400635    0.83891262   0.83783786
   0.82390476   0.82162506   0.81688661   0.81669528   0.81602047
   0.81312888   0.80805769   0.79791879   0.77283261   0.76411636
   0.76356889   0.76226604   0.76181208   0.75191321   0.74917908
   0.73725326   0.7023988    0.69574358   0.69365675   0.68213084
   0.65466673   0.65334726   0.65303266   0.64823287   0.6293008
   0.62063314   0.62050331   0.60128432   0.60125098   0.59891773
   0.59371497   0.58379566   0.57850316   0.52787307   0.50268347
   0.46171124   0.45803153   0.43615156   0.43182748   0.37219297
   0.36693655   0.34326881   0.31314409   0.2578833    0.12905548
   0.07758236  -0.13102419  -0.29926034  -0.56752823  -0.7450798
  -0.90418716  -1.17713293  -2.21832554  -3.07051763  -3.80761474
  -6.22393208 -12.31525844 -32.27540563]