[0.         0.         0.00184843 0.00184843 0.00369686 0.00369686
 0.00554529 0.00554529 0.00739372 0.00739372 0.00924214 0.00924214
 0.01109057 0.01109057 0.012939   0.012939   0.01478743 0.01478743
 0.01848429 0.01848429 0.025878   0.025878   0.03142329 0.03142329
 0.03512015 0.03512015 0.04066543 0.04066543 0.04990758 0.04990758
 0.05175601 0.05175601 0.05360444 0.05360444 0.06099815 0.06099815
 0.06284658 0.06284658 0.06469501 0.06469501 0.06654344 0.06654344
 0.06839187 0.06839187 0.07208872 0.07208872 0.07393715 0.07393715
 0.07578558 0.07578558 0.07948244 0.07948244 0.0831793  0.0831793
 0.08687616 0.08687616 0.08872458 0.08872458 0.0961183  0.0961183
 0.09981516 0.09981516 0.10351201 0.10351201 0.11090573 0.11090573
 0.11275416 0.11275416 0.11460259 0.11460259 0.11645102 0.11645102
 0.12569316 0.12569316 0.12754159 0.12754159 0.12939002 0.12939002
 0.1349353  0.1349353  0.13678373 0.13678373 0.14048059 0.14048059
 0.14417745 0.14417745 0.14602588 0.14602588 0.14787431 0.14787431
 0.14972274 0.14972274 0.15157116 0.15157116 0.15341959 0.15341959
 0.15896488 0.15896488 0.16451017 0.16451017 0.17005545 0.17005545
 0.17560074 0.17560074 0.1792976  0.1792976  0.18114603 0.18114603
 0.18669131 0.18669131 0.19408503 0.19408503 0.19593346 0.19593346
 0.19963031 0.19963031 0.2051756  0.2051756  0.20887246 0.20887246
 0.21072089 0.21072089 0.21256932 0.21256932 0.21441774 0.21441774
 0.22181146 0.22181146 0.22550832 0.22550832 0.22735675 0.22735675
 0.2310536  0.2310536  0.24029575 0.24029575 0.24214418 0.24214418
 0.24768946 0.24768946 0.25693161 0.25693161 0.26062847 0.26062847
 0.26617375 0.26617375 0.27171904 0.27171904 0.27911275 0.27911275
 0.28280961 0.28280961 0.28465804 0.28465804 0.29390018 0.29390018
 0.29574861 0.29574861 0.29759704 0.29759704 0.29944547 0.29944547
 0.30314233 0.30314233 0.30499076 0.30499076 0.30868762 0.30868762
 0.31238447 0.31238447 0.31608133 0.31608133 0.31977819 0.31977819
 0.32347505 0.32347505 0.33086876 0.33086876 0.33271719 0.33271719
 0.34011091 0.34011091 0.34380776 0.34380776 0.34565619 0.34565619
 0.35304991 0.35304991 0.35674677 0.35674677 0.35859519 0.35859519
 0.36044362 0.36044362 0.36229205 0.36229205 0.3715342  0.3715342
 0.38077634 0.38077634 0.3844732  0.3844732  0.38632163 0.38632163
 0.39371534 0.39371534 0.39556377 0.39556377 0.41219963 0.41219963
 0.41404806 0.41404806 0.41589649 0.41589649 0.41959335 0.41959335
 0.42144177 0.42144177 0.4232902  0.4232902  0.42513863 0.42513863
 0.43253235 0.43253235 0.43622921 0.43622921 0.43807763 0.43807763
 0.44731978 0.44731978 0.44916821 0.44916821 0.45101664 0.45101664
 0.45471349 0.45471349 0.46025878 0.46025878 0.46210721 0.46210721
 0.46395564 0.46395564 0.46950092 0.46950092 0.47504621 0.47504621
 0.4805915  0.4805915  0.48243993 0.48243993 0.48613678 0.48613678
 0.48798521 0.48798521 0.48983364 0.48983364 0.49168207 0.49168207
 0.4935305  0.4935305  0.50092421 0.50092421 0.50277264 0.50277264
 0.5064695  0.5064695  0.50831793 0.50831793 0.51201479 0.51201479
 0.51386322 0.51386322 0.52680222 0.52680222 0.53419593 0.53419593
 0.53789279 0.53789279 0.54343808 0.54343808 0.54713494 0.54713494
 0.54898336 0.54898336 0.55083179 0.55083179 0.55268022 0.55268022
 0.55452865 0.55452865 0.55822551 0.55822551 0.56377079 0.56377079
 0.56746765 0.56746765 0.57116451 0.57116451 0.57301294 0.57301294
 0.58040665 0.58040665 0.58225508 0.58225508 0.58595194 0.58595194
 0.5896488  0.5896488  0.59519409 0.59519409 0.59704251 0.59704251
 0.59889094 0.59889094 0.6025878  0.6025878  0.60813309 0.60813309
 0.61182994 0.61182994 0.6155268  0.6155268  0.61922366 0.61922366
 0.62107209 0.62107209 0.62292052 0.62292052 0.62476895 0.62476895
 0.62661738 0.62661738 0.6284658  0.6284658  0.63031423 0.63031423
 0.63770795 0.63770795 0.63955638 0.63955638 0.64140481 0.64140481
 0.64510166 0.64510166 0.64695009 0.64695009 0.64879852 0.64879852
 0.65804067 0.65804067 0.66728281 0.66728281 0.67097967 0.67097967
 0.67467652 0.67467652 0.67837338 0.67837338 0.68207024 0.68207024
 0.6857671  0.6857671  0.68761553 0.68761553 0.68946396 0.68946396
 0.69131238 0.69131238 0.69316081 0.69316081 0.69685767 0.69685767
 0.6987061  0.6987061  0.70609982 0.70609982 0.70794824 0.70794824
 0.7116451  0.7116451  0.72088725 0.72088725 0.72273567 0.72273567
 0.7245841  0.7245841  0.73012939 0.73012939 0.73197782 0.73197782
 0.73382625 0.73382625 0.73567468 0.73567468 0.73752311 0.73752311
 0.73937153 0.73937153 0.74121996 0.74121996 0.75415896 0.75415896
 0.75600739 0.75600739 0.75785582 0.75785582 0.76340111 0.76340111
 0.76524954 0.76524954 0.7689464  0.7689464  0.77079482 0.77079482
 0.77264325 0.77264325 0.77449168 0.77449168 0.77818854 0.77818854
 0.78003697 0.78003697 0.78373383 0.78373383 0.78558226 0.78558226
 0.79112754 0.79112754 0.79852126 0.79852126 0.80036969 0.80036969
 0.80221811 0.80221811 0.8077634  0.8077634  0.80961183 0.80961183
 0.81330869 0.81330869 0.81515712 0.81515712 0.82255083 0.82255083
 0.82439926 0.82439926 0.82994455 0.82994455 0.83918669 0.83918669
 0.84103512 0.84103512 0.84288355 0.84288355 0.84473198 0.84473198
 0.84658041 0.84658041 0.85212569 0.85212569 0.85397412 0.85397412
 0.8650647  0.8650647  0.86876155 0.86876155 0.87060998 0.87060998
 0.87245841 0.87245841 0.87430684 0.87430684 0.88539741 0.88539741
 0.88724584 0.88724584 0.88909427 0.88909427 0.8909427  0.8909427
 0.90942699 0.90942699 0.91312384 0.91312384 0.92051756 0.92051756
 0.92421442 0.92421442 0.9297597  0.9297597  0.93160813 0.93160813
 0.93345656 0.93345656 0.93900185 0.93900185 0.94639556 0.94639556
 0.95009242 0.95009242 0.95194085 0.95194085 0.95378928 0.95378928
 0.95563771 0.95563771 0.95748614 0.95748614 0.95933457 0.95933457
 0.96118299 0.96118299 0.96487985 0.96487985 0.96672828 0.96672828
 0.96857671 0.96857671 0.97042514 0.97042514 0.97227357 0.97227357
 0.97966728 0.97966728 0.987061   0.987061   0.98890943 0.98890943
 0.99260628 0.99260628 1.         1.        ]