[-4.29773818e+00  1.91481946e+00  2.97689147e+01  6.91949628e-01
  5.82518663e-01 -4.47239025e+00  8.56461838e+01 -1.76149263e+01
  1.39003658e+01  9.75234514e+00  2.58682834e+01 -1.32443216e+00
  1.97738347e+00  6.46311543e+00 -5.09147800e-01  2.05467314e+00
  8.41100382e+00 -2.62689146e-01 -3.47023363e+01 -3.70324305e+00
  5.92183700e+02  5.13260619e+00  1.26813905e+00  1.88248289e+01
  6.32908266e-01 -1.23021086e+00  2.51164273e+01 -4.15437364e+00
 -6.28755634e+00  8.62594820e+00  6.31417284e-01  5.60185043e+00
  7.14545445e-01 -1.20001051e+00 -6.02347397e-01 -9.67177438e+01
  2.30005312e+03  1.00597390e+00 -2.31124732e+01 -1.44139760e+01
  1.62536086e+01  1.37133483e+00 -9.11753501e+00 -1.43870768e+01
  2.90542521e+01 -3.58608890e+00  1.30372576e+02 -3.55919730e+00
 -1.98963237e+01 -7.75722753e+01  3.91501565e+00 -2.87836140e+01
  1.52749431e+01  4.39602704e+01  6.21770137e+00 -3.60185823e+00
  3.70494643e+01  2.40254560e+02 -5.63851535e+00  6.71461368e+01
  6.89837705e+00  7.03184481e+01 -2.42541004e+01  3.25391733e+00
  5.33166114e-01 -1.58617740e+01  9.46349058e+00  4.05399278e-01
 -2.79231189e+01  6.89183722e+01  1.33271924e+02  1.86597915e-01
  2.08073664e+02 -3.85925268e+01 -2.04701074e+01 -1.91875172e+01
  7.22752525e-01  1.26503308e+00  2.54984013e+00  4.59942214e+01
  6.95197906e+01 -1.07512606e+00 -1.69278659e+01  3.24381624e+01
 -6.30113473e+00 -9.57450773e+01 -3.44347261e+00 -1.24126217e+01
 -6.76409105e-01 -9.23574173e-01 -5.13048205e+01  2.41941973e+01
 -6.35192676e+00  6.88018817e+01 -3.39835453e-01 -1.69886909e+00
  4.78963630e+01 -1.21658906e+00  2.54735958e+02  3.25277586e+01
  6.70554462e-01 -4.66791294e+01 -6.12738074e+00  1.04216955e+02
 -7.76992043e+00 -1.01280832e+00  1.66777568e+01  2.13539757e+01
  5.14501549e-01 -2.29114614e+01 -3.85972532e+01 -3.32864971e+01
  7.99615746e+01  1.32974903e+01 -1.98395373e+01  4.14009086e+00
  1.39317164e+01 -1.63716585e+01 -9.13552086e-01 -7.65991876e+01
  3.01757027e+01 -5.96006202e-01  1.05041655e+01 -7.96790448e+00
  2.44449031e+00 -1.48030140e+01  7.52472532e+00 -1.46240644e+02
 -4.78186083e+01 -2.29572622e+00 -4.73614557e+00 -9.34892538e-01
 -5.91252281e+01  7.74753551e-01  5.86704490e+01 -1.56298827e+00
  2.90362612e+02  2.30807209e+01 -5.65747659e+01  5.05926377e-01
 -6.19511462e-01 -1.19616070e+00  1.77491803e+01  4.63713294e+01
  6.17992743e-01 -8.44130845e+00 -8.17011251e+01 -5.75909790e+01
  2.67589740e+00  6.20478649e+01  4.79657438e+01 -2.22459683e+01
 -9.59031216e+01  7.65780104e+00  6.73741901e+01 -1.87360565e+01
  2.26942259e+02 -1.53147950e+00 -5.78601979e+01 -1.36816211e+00
 -5.85764580e+01  5.23486764e-01 -3.14769885e+02  2.08103503e+02
  1.19788161e+00 -2.24053234e+00 -3.83327002e-01 -5.86165441e+01
  6.23124656e-01 -1.67799339e+01  4.39953029e+01  3.91222324e-02
  5.88304831e+00 -3.88029230e+01 -2.14737208e+01 -3.92951457e+00
 -4.53108575e-01  1.18647359e+01 -2.34390038e+01 -1.19724802e+02
 -1.76136082e+01 -6.91673880e-01 -4.09571870e+00  8.91616863e+00
  7.92833133e+01 -1.32061367e+00 -3.54652413e+01  3.88285598e+01
 -1.78971504e+01  9.71452544e+00 -7.73403723e+00  5.05279927e+00
  4.57026435e+00  4.60960724e+00 -7.67947407e+00  7.12083685e+01
  1.58728483e+01  7.79613949e-01 -7.47320028e+01  2.80308873e+00
 -5.64114176e+00  3.94979504e+00 -1.98273543e+00  6.43585871e-01
  7.38048235e-01  4.74555359e-01  5.88344958e+01  1.78662750e+01
 -4.55566567e+01 -1.35034108e+01  1.53890169e+00 -1.38652219e+00
 -1.48702737e+01 -8.60801986e+00 -4.29330212e+01  2.00433176e+00
 -4.17655819e-01 -1.38980226e+01  6.07516040e+01 -2.92862297e+01
 -2.62181396e+01 -1.40923398e+02  1.74675580e+01  7.98025307e+00
  5.12499140e+00 -2.87016889e+01 -1.09410909e+02  6.29115791e-01
 -6.90992798e+01  1.77004111e+00  1.71474789e+01 -2.08623453e+01
 -4.60966319e+00 -3.53293793e+00 -3.82391143e+00  1.13272268e+02
  1.56365915e+02 -1.48325141e+01  6.21098667e-01  6.31681275e+00
  2.16559153e+01 -2.73250891e+00  1.94986202e+01  3.23407346e+00
  6.50546128e+00  1.70509451e+01  1.20734318e+01  2.67983977e+02
  1.10402930e+01 -3.26267967e+01 -5.98521857e+01 -1.97215741e+01
  1.03838795e+01  3.07992705e+01  1.31358683e+00 -3.26880910e+00
  1.01624246e+01  3.76784305e+00 -1.18860379e+01 -2.44583676e+01
  6.16150051e-01 -5.26870058e+00  9.55789917e+00  3.75756934e+00
 -3.77277572e+01 -3.25243372e+00 -4.79051303e+00 -1.92690833e+01
  1.72405587e+01  3.26255753e+01  6.05970620e+00  4.15862113e+00
  9.84838489e+02 -1.37526061e+01 -1.80132660e+00  8.00166908e+00
  1.05417881e+00  1.33599529e+00 -5.69652621e+00 -4.18935284e+01
  2.82650932e+00 -1.01103425e+01  3.81666593e+00  2.18140766e+00
  7.17310695e-01  2.01474734e+02  1.03029521e+00  2.55541369e+01
 -1.06580581e+01  6.58030153e-01  6.47649217e+00  4.10981756e+00
  1.18518769e+00  2.05435885e+01  2.81709440e+02 -1.85568437e+01
 -1.06182304e+02  1.40896720e+00 -1.85518604e+01  6.80506911e-01
  5.22889885e+00  4.60317843e+00  4.16725827e+02 -5.33795483e+01
  2.26379925e+01 -3.01744983e+01 -1.58080276e+01 -5.74161629e-01
 -6.64022585e+00  4.07616493e+00  9.04813060e-01  3.85108967e+00
 -7.55671942e+01 -8.94463457e+00  6.22561808e+00  1.32173466e+01
 -7.57053831e+01  2.49089317e+00 -2.91674760e+00 -5.69018136e+01
 -2.32342045e+01  7.05972884e+00 -4.89624624e-01  6.52299413e+00
  7.27018644e-01  1.73759796e+01 -9.12577338e+00  7.88305218e+01
 -1.09482728e+01  7.90122736e+00  9.28068596e-01  3.61110175e-01
  2.43829509e+01 -1.47879895e+01  1.15416165e+01  8.16740752e-01
  2.39990312e-02  4.09854152e+00  1.11555798e+01  2.48686868e+01
 -1.10609292e+01  2.77945695e+01  1.05418365e+02  2.62292086e+00
  5.65139174e+00 -6.31696574e-01  5.62601881e-01 -8.69636452e-02
  1.58673894e+02 -8.01611046e+01  6.52781386e-01 -2.34804878e+00
  2.51396801e+02 -2.72506404e+01 -2.93731591e+01  8.99087630e-01
  2.80335611e+02 -3.22190698e+01  1.08844809e+01  1.04380172e+00
 -1.83734860e-01  5.64280086e+01 -4.68836528e+01 -2.86079493e+02
 -5.42039291e+00  8.89758548e+01 -8.52691820e+00  2.52137045e+02
  3.23347695e+01  1.58049429e+00  1.74564092e+01  3.98293171e-02
 -1.61227101e+01  2.22028888e+00  9.82550686e+00  3.04374515e+00
  3.20601940e+01 -1.93515355e+01 -6.47591162e+00  5.51518681e-01
 -3.50817686e+01  2.87766448e+00  8.99971670e-01  3.81013187e+01
  2.43520149e+02  4.09897251e+01 -2.90609423e+01  8.33473416e+00
  4.33697167e+00  3.06837112e-01  2.99484177e+01  3.34970513e+00
  4.52153691e+00 -2.17465781e+00 -3.27676643e+00 -4.43000415e+00
 -4.42455358e+00 -7.00888031e+00 -1.03909491e+02  2.77796951e+01
  5.97601788e+00  1.42869411e+00 -5.22989787e+00 -2.17802878e+02
 -4.39790640e-03  2.36356491e+00 -8.57985338e+00  7.28849757e+00
 -3.53201922e+01  3.57268816e-01 -5.35898795e+01 -1.34988355e+01
  5.55053843e+00 -2.19232413e+00 -1.79707397e+01 -9.38693276e+01
 -1.84578530e+00 -6.75731773e+00  6.74972835e+00  9.76506417e-01
 -3.33503251e+00 -2.03176839e+00  1.19663281e+00  7.00061561e+01
 -8.32312160e+00  3.88163125e+01  5.11627199e+01  1.35214041e+00
 -1.27544301e+01 -2.02900576e+01  3.32841528e-01 -1.43101870e+01
  1.24149905e+02  5.11758837e+01 -1.04853833e+01  1.08959870e+01
  1.14619409e+00  2.62810643e+01 -2.53294643e-01  1.85012595e+02
  2.78615732e+01 -4.16342180e+00  2.74476948e+02 -1.63783341e-01
  7.08245759e+01  5.45863849e-01  2.45267480e+00  6.30031661e+00
 -1.56923426e+00  3.69042954e+00 -6.83726095e+01  8.39056596e-01
 -7.36363345e+00 -5.86259883e+01 -8.20867857e+01  1.46894302e+01
 -7.20877942e+01 -1.17864332e+01 -8.13423123e+00 -5.58067367e+00
  2.19293956e+00 -9.56465525e+00 -6.19638540e+01 -7.50995120e+00
  6.89009037e+02  1.25429966e+00  3.29123727e+01  2.76027324e+02
  5.15116250e+00  5.69106111e+01  2.86941443e+00  1.25254406e+01
  1.09817684e+00  4.81008317e+00  3.92896181e+00 -1.41324229e+01
  6.14673381e+01 -1.11333582e+02  9.69548288e+00 -3.72179107e+00
 -4.96736621e+00 -1.48111887e+01  8.78201383e-01 -4.93842423e+01
  3.08341938e+00 -1.22894963e+01  5.80379606e+01  4.06143029e+01
 -3.16272957e+01  7.39579663e+00 -1.78910345e+00  1.72083224e+00
 -3.89176607e+00 -9.63850184e-02  4.24523176e+00  7.58873484e-01
 -2.48156177e+02  5.13808016e+00 -4.00424688e+00 -3.49602240e+00
 -2.33862427e+00  6.35783601e+01  4.05603122e+00 -1.26459946e+00
  3.75316179e+00  1.22123076e+02 -2.11764164e+02  8.25410864e+00
 -1.68958467e+01 -2.47173862e+00  7.37325343e-01  7.45684737e+00
  2.33835849e+01  2.31243491e+00  3.15002944e+00  9.91102540e+00
  2.69598184e+00 -2.20851729e+00  1.39846906e+01  1.32750142e+01
  1.07321527e+01  2.10669331e+01  2.80432096e+00 -1.29187785e+00
 -6.41357632e+00 -2.23774479e+01  2.91182973e-01  1.45741692e+01
  2.10469613e+01  1.76889974e+02  5.27937252e+01  1.49837092e+00
 -2.66906832e-01  6.19561951e+01  1.05363962e+01  1.68271976e+02
  3.58353291e-01 -1.30735360e+01 -5.20237037e+02 -5.38491252e+00
 -1.47537663e+01  1.54532032e+02  1.64874318e+01 -3.22387746e+00
 -1.39536620e+02  9.10630066e-01  2.25776984e+01 -9.16740224e+00
  2.65782113e+00 -3.55959639e+01 -1.68328460e+00 -5.57702778e-01
 -8.54835132e+01 -6.69222811e+01 -6.77415539e+00  1.92654191e+00
  1.35271093e+00  5.91612103e+01 -5.46060335e+00  1.75111851e+01
  7.19330370e+00  2.02101647e+01  1.05959296e+01  3.01521523e+01
 -3.71998578e+00  8.29733344e+01  2.78447349e+00  7.33601556e-01
  2.23293111e+00 -7.51466814e+01  4.01474072e+00  1.03341502e+01
 -9.65998940e+00 -8.35046467e+00 -4.41195233e+00  1.02855836e-01
 -2.87704562e+00  1.08762449e+01 -3.56402534e+01  3.90417906e-01
 -8.69981300e+00  5.47104483e+00 -7.63538957e+00  4.41940303e-01
 -9.76030131e-01 -5.06688220e+00 -1.62100487e+00 -2.20645916e+01
 -1.21471675e+01  3.39362596e+02  9.88752659e-01  8.67172814e-01
  1.25257969e+01  5.50147819e+01 -8.44641410e+01  3.07151665e+01
  5.34112582e+00  1.64351801e+01  3.34154777e+00 -7.32761742e+02
  6.00991900e-01 -1.53204208e+02 -1.61983198e+00  4.35088300e+00
  5.72702037e+00 -5.04584813e+01 -2.53964871e+02  2.67996516e+02
  1.75892781e+01  3.78643837e+00 -1.79319570e+02 -1.08187733e-01
 -1.95022391e+00  6.19135544e+00 -1.08163606e+02  2.67275590e+00
  9.78286161e+00  1.27948521e+01 -1.32426707e+01  3.90681844e+01
  2.85333241e+00  7.27845635e-01  9.29128444e+00  4.24786193e+01
 -1.87714259e+01  1.45130837e+01 -1.79454457e+00 -2.77864159e+02
 -1.24003472e+01 -2.52283188e+01  1.40814990e-01 -2.49703148e+01
 -5.07916696e+01 -2.74064552e+02  7.83106690e-01 -4.57769865e+02
 -1.07472157e+02  1.07592219e+01  8.63225244e-01  1.07236340e+02
 -1.50954285e+00  5.98682763e-01  5.83961745e+00  1.54497139e+02
  8.99166216e-01 -4.97084277e+00  4.51604060e+00  9.68831976e+00
  1.38255168e+02  8.72950801e-01  3.81633030e-01  8.22711208e-01
  2.95768740e+01 -4.42146349e-01  1.06618129e+00 -2.60023771e+00
  1.31621620e+01 -2.25205228e+01  3.08642882e+00  2.98518673e+00
 -7.19619322e+00  1.01425388e+01  7.32535846e+00  5.49314925e+01
 -1.29183076e+00 -2.73756126e+01  1.65844488e-01  7.05982667e+00
 -5.91074399e+00 -2.55382430e+02 -5.43042716e+01  6.29951490e+01
  6.61158881e+01 -2.74751718e+00  1.77075553e+01 -2.55950961e+01
 -7.75577989e-01  5.93883398e+00  2.45519171e+00  6.48085203e+00
 -2.36430289e+02  9.29567134e-01 -1.81128400e+02 -1.88419510e+02
 -1.47250553e+01  7.97187911e+01  4.63932331e+00 -8.33393195e+00
  7.91350168e+00  1.94999574e+01  1.01322438e+00  1.17886960e+00
 -3.32498456e+00 -1.89211728e+01 -2.01393167e+01 -5.41710266e+00
 -1.30584192e-01 -1.32211672e+01  1.68914320e+02 -1.02393814e-01
 -7.00508529e+00 -3.57316601e+01  6.29805713e-01  1.95412757e+01
 -2.04528127e+00 -9.92754304e+01  7.60957958e+00  1.29714002e+01
 -3.40677080e+01  3.04298941e-01 -4.26963454e-01 -2.22055081e+00
 -1.01063104e+01  7.54817093e-01  2.56292584e+00 -1.58151624e+01
  8.75139987e-01 -3.78896380e+00  5.30549745e+02  5.71909978e-01
  7.18652417e+00 -6.31441100e+01 -1.95993245e-01 -3.36150622e-02
  4.82228282e+00  7.94182834e-01  2.93921469e-01 -6.65782238e+01
 -2.15003540e+00  1.66347071e+01  2.80014706e+00  6.78718109e+00
 -4.55796182e+01  2.68207162e+01  5.22513084e-01 -1.36794555e+03
  4.82077585e+00  1.80806617e+01  4.47587120e+00  2.07558680e+01
 -9.97572763e-01 -6.37131592e+00  2.80601074e-01 -1.71074130e+00
  9.67130163e+00  9.50969364e-01  4.13241797e-01  5.18095015e-01
  4.64387322e+01  4.44640870e+01  4.08081241e+00 -6.22623087e+00
  2.99327066e+01  2.32977004e+00  2.13093555e+01 -1.60892682e+02
  3.96141301e+02  2.59983927e+01  1.13218900e+00  1.62867144e+01
  7.02954774e+00 -2.16480730e+01 -1.01750622e+02 -3.91303620e+01
 -6.19187646e+00  1.30766586e+01 -1.74778931e+00  3.48762312e+00
 -5.97184789e+01 -4.32635175e-01 -5.07617033e+01 -3.68142404e+00
 -3.32721129e+00  1.52592749e+02 -3.48337390e+00 -5.45677941e-01
  1.01632792e+02  7.20390367e-01  3.83755191e+00 -1.08061347e+02
 -6.19392682e+01  1.20097247e+02  1.05060582e+02 -9.10636661e+01
 -1.23428408e+01  2.84141035e+00  1.68517449e+01  1.34571288e+00
 -6.59725757e+00 -2.82539757e+00  7.23577362e-01  6.43975629e+01
  3.67953691e+00 -4.39983480e+01  7.21708924e+01 -1.00921934e+01
 -1.59466844e+01 -1.54580609e+02 -5.13622607e+00  1.28033674e+01
  8.76787102e+00 -1.92936153e+02 -4.17630282e+00  8.19714050e+00
  2.41307236e+00  4.91995219e+01  2.61934682e-01  1.55930887e+01
  5.39131222e-01 -2.20216095e+01  6.06391241e+00  4.55701191e+01
 -6.45716880e+01  9.38251837e+00 -4.76249076e+00  8.04875001e+01
 -9.74763728e+00 -6.95828489e+00 -2.78908365e+01  2.10597469e+00
 -3.21717500e-01  1.78778119e+02  8.75073853e+00 -3.47644726e+01
 -1.15032232e+02  8.97045562e+01  1.32497045e+01  3.40498317e+00
  1.60335742e+01  2.67297610e-01  4.73590149e+01  1.10954080e+01
 -2.55973673e+01 -1.55848527e+01 -7.65842254e+01 -4.06087577e-01
 -7.11522009e+00 -4.03714159e+00  3.26676283e+00 -1.11996108e+01
  1.34923770e+01 -6.56796146e+00  2.27570772e+02  1.98099966e+01
  1.27297726e+00  1.47498463e+00  3.95989743e+00  2.35545684e+00
  2.38533911e+00 -1.08847366e+00 -2.82147685e+01  2.91142940e+00
 -4.63532892e-01 -1.19478472e+00  2.03407912e+01 -1.31886213e+02
  1.33275294e+01 -6.53435159e+00  8.51942901e-01  8.51135957e+00
  6.92593714e+01 -6.42776924e+00  2.76635746e+01 -5.52135512e+00
  7.08790034e+00  1.64338561e+01 -8.27690946e+00  1.11348807e+00
  4.31619103e+00  2.42734399e+01  3.31848424e+01  2.52745732e+01
 -2.09645439e+00  4.81330331e+00  1.89326221e+01 -3.12658883e+00
 -1.66980119e+00 -4.26668107e-01 -2.36089106e+01 -5.67852425e+00
  1.17244916e-01 -2.71759074e+00 -3.93806468e-01  6.02440569e+00
  8.59837272e+00 -6.26597369e+00  4.69554121e+01  3.91372658e+00
 -1.35061403e+01 -6.60075273e-02  5.65788891e+00  4.54853721e-01
  1.08901200e+00 -1.09347056e+00  9.95137985e+00 -1.05888667e+00
 -3.53892377e+00  3.75371614e+00  4.97369070e+01  8.24156744e+01
  1.65581925e-01 -3.03110248e+00 -2.16151415e+01 -1.45319157e-01
  1.12104380e+00  5.16304302e+00 -1.98023664e+01  1.64549439e+03
 -1.14510441e+01 -1.43434750e+01  5.02225993e+01  4.75233725e+01
  3.80843515e+02  8.34162648e-01  1.13664325e+01  1.44786905e+00
 -4.02368681e-01 -1.71624151e+01  2.82618281e+01  1.46172299e+02
 -2.61248792e+01  8.90909745e-01  5.68173815e+01  1.13478512e+02
 -1.00843432e+02  1.60738406e+02 -1.67646522e+00 -1.46702768e+02
  1.86816754e+01 -6.37946741e+01 -7.72781947e+01  1.09956460e+01
  3.32715282e+02  7.40430324e-01 -2.79181693e+01  2.19186280e+00
  3.92767661e+01  1.45408686e+00  4.91810205e-01  4.06856068e+01
  2.40663339e+01  1.73314759e+02 -2.87695579e+02 -7.77349786e+00
  6.72816323e+00  3.36824442e+02  6.74409708e+01 -9.44869320e-01
  1.35133545e-01 -3.24682339e+00 -2.96714618e-01 -1.60242667e+01
 -1.52718411e+01 -4.45030387e+01 -1.62301741e+02  9.21902581e-02
  4.00855443e+01  1.00222803e+01 -9.33228624e-01  7.58351495e+00
  8.00301313e-01  5.80871663e+00  1.19911912e+00  3.33617505e+00
 -3.65666576e+01  2.96773302e+01 -8.13639307e+00 -6.31993665e+02
  2.39010417e+01  8.77015861e+00 -4.83320825e+01  2.07773220e+00
  7.50867965e+00  1.10444665e+02 -6.55785832e-01  7.87384469e-01
 -1.16057325e+01 -1.59590088e+00  1.08524131e+02 -7.05228768e+00
 -1.22206621e+00  1.88032082e-01  6.42652901e+01 -7.11216047e+01
 -9.70571383e-01 -8.77502979e+00  6.38653467e-01 -1.49395715e+01
  3.74324248e+00 -9.23364081e+00 -3.96107646e+00 -3.99426687e-01
  2.63669178e+00 -4.63719145e+00 -1.36062135e+00  2.72664722e+01
 -2.22145104e+00 -2.84158548e+00  3.40957399e+01 -1.16541645e+01]