[ 7.07821610e-01  8.64062246e-01  6.95743577e-01  8.75015745e-01
  7.02398797e-01  8.37837864e-01  8.33140453e-01 -3.09305149e+00
  2.20747317e+00  5.12264448e-01  8.47163681e-01  4.51866948e-01
 -1.17713293e+00  4.36151562e-01  8.02562971e-01  8.47350125e-01
 -7.95700698e-02 -7.67324648e-01  5.09794706e-01  8.34129202e-01
 -2.33260924e-02  5.98917732e-01  8.80799421e-01  7.63568891e-01
  7.69491804e-01  1.29055477e-01  5.56977264e-01  8.48452507e-01
  8.64214119e-01  8.44332519e-01  8.06688156e+00  6.15752194e-01
  5.97082404e-01  7.72832611e-01  7.81554832e-01  4.31827478e-01
  8.63019771e-01  5.10659787e-01  8.18703991e-01  8.47880807e-01
 -2.99260337e-01  8.15728138e-01  7.75823628e-02  7.51913206e-01
  4.33932319e-01  8.16886613e-01  4.61711239e-01  7.49179078e-01
  6.82130839e-01  3.66936553e-01 -3.89001191e+00 -8.38577286e+00
 -2.21832554e+00  8.50145215e-01  6.93656754e-01  7.53298150e-01
  8.55673143e-01  8.64800629e-01  7.37253264e-01  8.13128879e-01
  8.65606808e-01  8.61825166e-01  8.08057693e-01  9.02299233e-01
 -3.22754056e+01  8.23904764e-01 -3.07051763e+00  8.44228775e-01
  5.66026553e-01  8.58779519e-01  8.59905358e-01  8.35241588e-01
  9.48536610e-02  7.73457284e-01 -1.31024187e-01  4.55131230e-01
  3.13144087e-01 -3.57909845e-01  7.55306074e-01  8.19605243e-01
  7.91930588e-01  5.27873071e-01  8.56434251e-01  8.98875540e-01
  8.21625058e-01  8.49471241e-01  8.59731122e-01  8.85351842e-01
  8.63835989e-01  6.60473217e-01 -3.18924942e+01  8.56971562e-01
  8.16695276e-01  5.38170791e-01  6.48232866e-01 -2.80611755e-01
  8.70140320e-01  5.78503162e-01  6.29300803e-01 -1.14114787e+00
  8.78703236e-01  8.49785062e-01  5.24702578e-01  8.03335579e-01
  7.61812083e-01  8.58060821e-01  7.63553782e-01  8.61245932e-01
  1.28645488e-01  7.64116363e-01  8.44027229e-01  8.63966607e-01
  3.43268809e-01  8.30762513e-01  9.22290080e-01  8.51211136e-01
 -1.47488516e+00  5.81412541e-01 -9.91371731e-01  8.43892794e-01
  9.56328224e-01  4.58031529e-01  8.62313856e-01  8.01010833e-01
  8.16020465e-01  1.06105719e+00  2.57883301e-01  8.81551128e-01
  8.41983218e-01  5.53364977e+00 -7.45079803e-01  1.07318778e+00
  6.20633144e-01  8.60453590e-01  2.45573563e+00 -9.04187165e-01
  8.64272402e-01 -3.29993211e-01  8.40063496e-01  7.74401339e-01
  6.79220833e-01  6.39315568e-01  1.06662186e+00  9.00036639e-01
  1.06113254e+00  7.97918786e-01  1.50290686e+00  6.50329495e-01
  6.01250976e-01  8.42213747e-01  8.05317371e-01 -3.80761474e+00
  2.01937907e-01  6.01284318e-01  6.20503312e-01  8.65117706e-01
 -6.22393208e+00 -1.42869180e-01  4.76952774e-01  6.44739679e-01
  7.68680670e-01  8.62826465e-01  9.49576519e-01 -7.15918075e-01
  5.83795656e-01  8.60977113e-01  9.84846806e-01 -5.67528228e-01
 -1.23152584e+01  8.43922203e-01  3.98950217e-01  8.99716984e-01
  8.64842663e-01  1.83643287e-01  5.93714974e-01  8.60462353e-01
  7.62266042e-01  8.65001284e-01  2.87673460e-01  6.86699672e-01
  5.02683467e-01  8.38912624e-01  6.53032665e-01  8.67111901e-01
  8.62019420e-01  9.42032773e-01  8.50535955e-01  8.64721194e-01
  7.12619024e-01  9.25856142e-01  1.14336808e+00  7.28824679e-01
  8.64833017e-01  8.01913897e-01  6.54666727e-01  6.53347262e-01
  8.49130890e-01  6.49850798e-01  9.13708366e-01  3.72192970e-01]