[ 9.74469706e-01  8.46206784e-01  9.96691120e-01  2.10256700e-01
  9.44685676e-01  9.67062170e-01  9.94756583e-01  6.03695235e-01
  6.10838913e-01  1.93376827e+00 -5.48267567e-01  9.99004870e-01
 -2.31366014e+00  6.94670601e-01  1.00008813e+00  9.42864576e-01
  9.66465513e-01  2.79111611e+00  9.36465952e-01 -5.36861175e-02
  1.95502530e+00  7.84099159e-01  4.79569930e-01  9.09118277e-01
  1.73276623e+00  5.00591927e-01 -9.92350132e-02  7.38978757e-01
 -2.40919295e+00  9.94575604e-01  1.79088240e-01  9.63022609e-01
  9.64292347e-01  6.98081000e-01  9.14840673e-01  9.09184666e-01
  5.82784740e+00  7.92278583e-01  7.67866799e-01 -1.67071663e+00
  1.00673772e+00  7.97516151e-01  7.44020682e-01  8.31065095e-01
 -8.73056692e-01  3.63564956e-01 -2.34610231e+00  1.02048193e+00
 -1.82260704e-01  1.01026387e+00  8.95826235e-01  9.50130773e-01
  9.80967686e-01  9.70870495e-01 -1.71088207e+00  7.21545658e-01
  8.84011694e-01  1.50122129e+00  9.45987046e-01 -2.17491378e+00
 -9.18588893e-01  4.75742313e-01  1.46604719e+00 -1.40709261e+00
  7.86065540e-01  8.54668640e-01  9.24143313e-01  4.05771547e-01
 -2.57584892e-01  7.48920877e-01  8.18777202e-01  9.78513898e-01
  1.02636204e+00  9.39020874e-01 -4.68418212e+00  1.06846010e+00
  1.22227026e+00  9.44205113e-01 -3.14056378e+00  9.15013555e-01
  9.99652460e-01  2.79474999e+00  9.99307624e-01  9.50520779e-01
  9.90757286e-01 -3.31978732e+00  2.74026349e-01  4.64847448e-01
 -1.05149859e+00  1.07377771e+00  9.06394576e-01  8.66007396e-01
  9.45484222e-01  8.52170631e-01  3.21558972e-01  9.15018525e-01
  2.34981810e-01 -3.05760961e+00  9.87526833e-01  2.89915685e-02
  1.14648408e+00  4.69842470e-01  5.33113958e-01  4.83439487e+00
  7.02284370e-01  4.72171101e-01  9.92112454e-01  8.51396559e-01
  9.10558252e-01  8.70247566e-01 -1.28386092e-01  1.30414921e-01
  7.04470960e-02  8.44944889e-01 -4.73460057e-01  5.65731769e-01
  8.95771981e-01  5.39468469e-02 -5.61001818e+00  4.53108761e-01
  4.75471095e-01  9.45093445e-01 -4.67732981e-01  1.56292390e-03
 -1.85993530e-01  9.44136811e-01  8.09053575e-01  9.90063148e-01
  2.12783269e-01  9.62591043e-01  6.87848024e-01 -5.42587199e-01
  3.51249176e-02  1.66249326e+00  3.38226053e-01  9.80291816e-01
  7.25244070e-01  1.00798268e+00  1.04892222e+00  9.71723783e-01
 -3.27795874e-01  1.02466434e+00  9.63924556e-01  9.83578963e-01
  9.96007595e-01  9.95103689e-01  9.82697569e-01  8.90411772e-01
  9.16236920e-01  9.56902417e-01  7.88980035e-01  9.75020171e-01
  8.03468514e-01  9.75522681e-01  9.50023661e-01 -9.11728917e-01
 -4.55448380e-01  9.85986336e-01  8.90944498e-01  1.31584012e+00
  9.24723639e-01  4.31221994e+00 -2.91328099e-01  9.95894824e-01
  8.74941939e-01  4.74803029e-01  1.06687964e+00 -5.44231800e+00
  8.01031034e-01  1.86355786e-01  9.63200933e-01 -7.53930695e-01
  7.34644757e-01  5.34436118e-01  7.72024583e-01  5.05707995e-02
 -7.45194694e-02 -3.95384430e+00  8.59348157e-01  8.35536494e-01
  1.00026927e+00  9.41802026e-01  9.79933933e-01  8.93468928e-01
  1.69427290e+00  9.88870219e-01  2.69598531e+00  5.69043320e-01
 -2.76513542e-01  1.15511814e+00  6.49541849e-01  9.85071215e-01
 -1.53772102e+00  8.57516506e-01  1.39106024e+00  1.00755700e+00
  2.92409360e-01  5.91198219e-01  2.25088144e-02  2.69529673e+00
 -6.93959293e-01  3.19948823e-01  9.27608335e-01  5.11939410e-01
  6.92385452e-01 -5.46746343e+00  1.27526492e-01  6.77526395e-01
 -8.88461223e-01  9.62104191e-01  5.19715929e-01  9.86272325e-01
  9.10644926e-01  9.28293402e-01  5.57273360e-01  9.91902599e-01
 -2.80114893e+00  1.01132788e+00  3.60789547e-02  5.75746647e-01
  5.53365454e-01  8.63954994e-01  3.83661961e-01  5.22808063e-01
 -1.89273802e+00  8.47221286e-01  3.05750031e-01  1.23631364e+00
  9.03158944e-01  6.97674675e-01 -3.44392615e-01  9.05616112e-01
  1.09102849e+00 -7.21273635e-01 -3.78031578e-01  1.16557715e+00
  1.01125666e+00 -3.75809968e-02  2.13133389e-01  9.97414650e-01
  9.97552595e-01  6.46147367e-01  7.42766360e-01  9.39023926e-01
  4.19989780e-01  9.10257708e-01  5.71613375e-01  6.54418720e-01
 -1.99716098e-01 -3.17741762e-01  8.64287863e-01  1.06232470e+00
  1.93176524e+00  9.71209790e-01  1.05105648e+00  1.01697632e-01
 -5.15304219e-01  8.70634515e-01 -1.14506973e-01  9.64131298e-01
  9.97180942e-01  9.98653746e-01  9.43082988e-01  7.80703829e-01
  9.91062504e-01  9.13595215e-01  6.52303645e-01  2.26309244e-01
  1.01042679e+00 -7.58542641e+00  5.16222079e+00  9.36105197e-01
  1.01212569e+00  8.54203068e-01  1.00155538e+00 -2.17413020e+01
  1.00050500e+00  8.94848450e-01  9.83145802e-01  1.01951828e+00
  9.83456997e-01  1.94296973e-01  6.41311824e-01  9.49654392e-01
  6.42199696e-02  7.95273297e-01  9.37834009e-01 -2.47060435e+00
  2.66861155e-01 -9.65273875e-01 -1.37793917e-01  1.00042135e+00
  9.27603966e-01  1.39977481e+00  1.13948112e-01  9.92705529e-01
  2.53674443e-02  9.17152489e-01  2.11244730e-01  8.93796574e-01
 -6.84297817e-01  8.15144143e-01  1.06612791e+00  9.18732625e-01
  9.61287149e-01  8.50558224e-01  8.96875602e-01  9.82078453e-01
  9.49995765e-01  1.01608908e+00  9.62206772e-01  4.26276153e-01
  4.85031724e+00  7.39832950e-01  9.93432066e-01  4.65499017e-01
  9.42389076e-01  6.56275481e-01  4.31804060e-01  1.00380100e+00
 -2.72383925e+00  3.58587093e-01 -3.48778017e-01  1.19510856e+00
  8.32957913e-01  9.88595968e-01  9.87718619e-01 -6.29365355e-01
  1.90497554e+00  8.42949635e-01 -5.04208813e-02  7.08745095e-01
  5.77392713e-01  9.91149243e-01  9.89144356e-01  1.39989845e-02
  1.06613893e+00  8.55855589e-01 -1.09949720e-01  6.33125061e-01
  9.90372880e-01  6.00236392e-01  9.41746962e-01  7.86534219e-01
 -1.00972614e+00  9.04515518e-01  1.02277288e+00  8.88560443e-01
  9.30711885e-01  3.86942223e-01 -1.86203397e+00  1.00665995e+00
 -1.51054940e+00  8.30743863e-01  1.09063249e+00  3.78292666e-01
  2.64588945e-02  1.03835568e+00 -7.78211892e+00 -4.12541263e-01
  9.93433348e-01  9.02605130e-01 -1.69997999e+00  1.06354640e+00
 -5.34089226e-01  1.05759899e+00  7.96360261e-01  5.66811681e-01
 -2.88511847e-01 -2.58032013e-01  3.30062256e-01 -2.91989156e+00
 -1.23811344e-01  3.28133010e-01  9.12286247e-01  1.22937418e+00
  1.08103333e+00  9.87383907e-01 -2.51967245e+00  9.79473097e-01
  9.03727926e-01  3.53979847e-01  8.71102430e-01  3.25684078e-01
  5.19339644e-01  1.32128732e+00  6.65366917e-01  9.46916846e-01
  8.52904196e-01 -1.27632239e+00  8.75348398e-01  1.02349271e+00
  7.01248764e-01  1.24339124e+00  9.61499850e-01 -3.52653227e-03
  1.52192799e+00  2.02915230e+00  1.00025871e+00  9.51182641e-01
  6.78481377e-01  9.06372568e-01  5.76725013e-01  8.20218040e-01
  4.57537501e-01  4.51190060e-01 -2.20264619e+00 -2.39710840e-01
  9.25438367e-01  6.76066898e-01  5.67927576e-01 -2.29268525e-01
  6.72966497e-01  9.89582201e-01  9.55224620e-01  6.78835696e-02
  3.91044325e-01  7.39261625e-01  9.98213886e-01  7.64652532e-01
  8.15095441e-01  7.05677236e-01  9.39834090e-01  7.09916235e-01
  7.82027882e-01  9.99466272e-01 -6.41487983e-01  2.49362604e-01
 -2.51658390e+00 -3.93941853e+00  9.92162836e-01  2.72033295e-01
  9.99449627e-01  7.93714585e-01  9.47858812e-01  1.04310294e+00
  7.82411048e-01 -8.56924869e-02  7.34255141e-01  7.68376104e-01
  8.60131848e-01  9.22320011e-01  9.66431012e-01  9.95909597e-01
  9.98861566e-01  1.04315578e+00  6.88631724e-01  5.48557226e-01
  3.65196337e-02  6.53434910e-01  7.86417813e-01  6.98860857e-01
  1.46167509e+00 -9.95486710e-01  7.41302175e-01  8.92617874e-01
  5.32925300e-01  7.30055303e-01  9.88449616e-01  8.66891735e-01
  8.66556326e-01  5.41168229e-01 -4.31017327e-02  6.01744134e-01
  6.31944181e-01  8.38224246e-01  1.28489856e+00  9.89474966e-01
  3.00056226e+00  6.42847245e-01  6.20625630e-01  7.07644212e-01
  1.15494203e+00 -7.86625862e-01 -5.24201980e-01  9.30760720e-01
 -3.95775655e+00  8.67862856e-01  1.33897431e-01  9.59048595e-01
  9.97263120e-01  1.71260016e+00  9.95997654e-01  8.11060015e-01
  9.63627687e-01  5.40401802e-01  4.95046103e-01  1.02316292e+00
  4.67728066e-02  8.02657786e-02  9.18032032e-01  1.27302974e-01
 -2.37523721e+00  2.66799850e+00  8.94552613e-01  9.05910858e-01
  6.92359114e-01  9.56005000e-01  9.08062218e-01  9.19408081e-01
  8.67308952e-01 -3.17499049e+00  7.35632167e-01 -2.87239968e+00
  1.60978812e+00  1.00579086e+00  6.21675895e-01  9.82464376e-01
  3.98185463e-01  9.45106663e-01  9.88804293e-01 -1.01528248e+01
  8.19998301e-01  9.86361036e-01  9.05398119e-01  9.82490170e-01
  5.67181648e-01  1.18926208e+00  9.97682691e-01  4.89690422e-02
 -5.42054691e-01  9.46856839e-01  6.65808112e-01  1.37463952e+00
 -2.12613250e+00  6.40650888e-01  5.65275422e-01  9.70050417e-01
 -4.92067103e-01  9.15703344e-01  9.75236412e-01  7.06946884e-01
  1.63906946e-01  1.00028762e+00  1.30179195e+00 -9.67269251e-01
  5.74006556e-01 -2.83146159e+00  9.50766954e-01 -3.07055656e+00
  4.71582526e-01  5.97004902e-01  8.81764626e-01  1.66135549e+00
  5.31054621e-01  9.01942090e-01  9.78074263e-01  9.75991680e-01
  8.26664257e-01 -2.97106623e+00  3.53623442e+00  7.64272572e-01
  2.79356934e-01  1.01168180e+00  1.13607248e-01  2.26941440e+00
  9.91025194e-01  9.71983411e-01  8.14767285e-02  1.00280025e+00
  7.96282199e-01  8.36297689e-01  1.03821630e-01  6.25996253e-01
  7.85097649e-01  6.30302301e-01  9.96573356e-01  1.05757434e+00
 -5.45649576e-01  9.83852470e-01 -1.73426221e+00  9.90569853e-01
  1.86907238e+00  3.36736734e-01 -3.33576411e-01 -5.25574883e-01
  8.09779123e-01  9.30462328e-01 -2.53749195e-01 -1.19901797e+01
  6.93084008e-01  1.00838959e+00 -5.69912731e-02  9.88076824e-01
 -2.90227560e-01  9.34633193e-01  9.34197101e-01 -5.70693142e+00
 -7.06418899e-01 -8.64200717e-02  9.37577654e-01  5.61063598e-01
  8.68712416e-01  7.70551655e-01  8.86083779e-01  2.86364188e-01
  8.63266358e-01  9.70346439e-01  9.65860554e-01  9.21313741e-01
  6.73359210e-01  7.14473718e-01  8.42882780e-01  9.56722015e-01
  1.14042571e+00  6.09260999e-01  9.90123808e-01 -8.22761810e+00
  1.22511334e+00  8.29174717e-01  9.95923619e-01 -2.13361303e-01
  8.50322016e-01  4.00140371e-01  9.96960725e-01  9.59333879e-01
 -1.30598844e+00 -7.81318305e-02  9.62188253e-01  4.84493472e-01
  2.25871851e+00  6.75757748e-01 -2.61991840e+00  9.97933772e-01
  9.97746777e-01  1.92418510e-01  8.93681103e-01  9.74268198e-01
  8.99410053e-01  1.00679901e+00  9.80106951e-01  7.87609959e-01
  9.62933129e-01 -2.52047305e+00  1.08317071e+00  9.49990481e-01
  9.40491511e-01  9.32539651e-01  5.63946244e-01  7.63747380e-01
  9.40274826e-01  9.94306605e-01  9.66819137e-01  9.98847198e-01
  9.95471798e-01  8.19064589e-01 -3.28070565e+00  7.88157154e-01
  9.95454947e-01  9.89275020e-01  8.75457797e-01  9.27078356e-01
  9.77749947e-01  9.94211649e-01  2.90585325e-01  9.93607618e-01
  2.93105089e-01  6.20072218e-01  1.11497779e+00  1.08112493e+00
 -1.58335043e+00  9.35483148e-01  1.42151472e+00  9.94517385e-01
  2.00723703e-01  4.16802201e-01 -3.17655120e+00  9.91196642e-01
  2.31835645e-01  1.32730032e+00 -7.85274913e-01 -1.92200259e+00
 -1.97781521e-01  7.65465430e-01  2.33520136e+00  1.38931270e+00
  9.98041161e-01  6.66916598e-01  9.88606611e-01  5.61372398e-01
  6.23820144e-01  5.35548471e-01 -4.37798263e-02  9.06120583e-01
 -7.70430832e-02  4.02509896e-02 -1.93520728e-01 -5.04950037e+00
  9.12066851e-01  4.86060471e-01  1.06238341e+00  8.56851349e-01
  9.94444724e-01  1.93463678e+00  9.96686131e-01  2.25948045e+00
  1.09231439e+00  7.75094002e-01  9.88944629e-01  2.87145320e-01
  8.36641606e-01  9.47041396e-01  9.95526380e-01  9.97993450e-01
 -1.32960190e+00  2.92129102e-01  9.61927748e-01 -3.66031891e-01
  1.34199587e+00  7.89743327e-01  9.80140168e-01  7.99182505e-01
  8.32804525e-01  7.68971507e-01  8.76980831e-01  1.87925111e-01
  4.79190508e-01  9.96266707e-01 -4.41395004e-01  8.43277830e-01
  8.42625936e-01 -3.37624158e-01  9.94433937e-01 -8.06475286e-01
  8.30704471e-01  9.58804410e-01  1.02229343e+00  9.80653606e-01
  9.66741047e-01  9.12519522e-01  9.44066437e-01  1.21356401e+00
 -2.25958192e-01  3.91351337e-01 -2.29204680e-01  2.22188465e-01
  9.91857263e-01  9.93525819e-01  4.56374632e-01  9.21462611e-01
  8.14946421e-02  9.91449158e-01  5.18692142e-01  8.91770961e-01
  9.44427081e-01  9.83955882e-01  2.67705461e+00  2.83508531e-01
  6.63664958e-01 -1.03608232e+00  1.47566824e-01  9.50889559e-01
  6.60687071e-01  8.25353978e-02  7.77999554e-01 -3.78322625e-01
  9.81576202e-01  9.80439502e-01  1.19200574e+00  7.69863052e-01
  1.87599204e-01  1.88640135e+00 -5.10455741e-02  8.66266900e-01
 -1.63952355e+00  1.35909593e+00  1.01492774e+00  1.01754533e+00
  9.41146120e-01  8.42301698e-01  1.26614432e-01  9.10615688e-01
  8.22372115e-01  9.00172196e-01  9.37995806e-01  5.73347063e-01
  7.78639070e-01  9.99571410e-01  9.71660630e-01  9.23347517e-01
  5.54101565e-02  9.94321256e-01  9.63808818e-01  9.96464776e-01
  7.97390671e-01 -4.99158663e-02  9.77142327e-01 -8.78393574e-01
  2.94993679e-01 -5.76262296e-02  9.58665959e-01  9.04642332e-01
  1.01180727e+00  3.94291045e-01  8.18380896e-01  1.24981876e-01
  9.09195984e-01  7.49819545e-01  3.32547371e-01  9.54819040e-01
  2.09293227e-01  9.94038891e-01  8.47605157e-01  4.24303437e-01
  7.39455631e-01  9.67647244e-01 -4.79755920e+00  1.85215867e+00
 -2.37250778e+00  9.95855204e-01  1.02820187e+00  1.00485081e+00
  7.79861223e-01 -5.91197860e-01  9.56333365e-01  7.80331854e-01
  2.72636552e-01  6.17756060e-01  1.70531410e+00 -9.87570950e-01
 -1.05299764e+00  9.53201370e-01  7.06080439e-01 -8.02395273e-01
 -2.62609236e-01  5.59771199e-01  1.07030017e+00 -2.39846061e+01
  8.93797354e-01  9.56624592e-01 -1.25547075e+00  9.92142231e-01
  7.84439868e-01  8.17169869e-01 -1.18797995e-01  9.76820476e-01
  2.19464203e-01  5.21419387e-01  2.82069115e-01  1.00229461e+00
  1.01595939e+00  9.73661854e-01  9.21445538e-01  9.91499354e-01
  9.58332885e-01  6.35677327e-02  8.67836446e-01  7.31844866e-01
  9.82769767e-01  1.00200605e+00  1.00032536e+00 -2.29505171e-01
  1.28356765e-01 -8.67570795e-02  9.81488966e-01 -3.79226476e-01
  9.94989709e-01  1.11227792e+00  9.07489712e-01  6.20504731e-01
  9.83520372e-01  1.08034685e+00  9.80331212e-01  1.03136221e+00
  9.76939695e-01  9.94751847e-01  7.24097232e-02  5.72469529e-01
  9.16474531e-01  9.34307728e-01  1.59522574e-01  9.66274367e-01
  1.15502180e+00  8.89125409e-01  5.02434479e-01 -8.47276192e+00
  7.81687705e-01  9.68469896e-01  9.70071667e-01  9.77716458e-01
  9.70801818e-01  8.13838432e-01  9.24294717e-01  4.96971647e-01
  9.95129066e-01  6.71833419e-01  1.08141217e+00  9.88428523e-01
 -2.73249259e+00  5.27691922e-01  8.73344465e-01  7.28900818e-01
  1.43134625e+00  9.14138327e-01 -9.45180038e-02 -2.75193077e+00
 -2.16219429e+00  7.58108040e-01  3.47909219e-01 -3.96918794e-01
  9.99530644e-01 -8.03290740e-01  8.17715888e-01  3.26236246e-01
  5.07088673e-01  6.64219152e-01  9.79962196e-01  9.90530297e-01
  1.10703786e+00  9.15613615e-01  9.49652553e-01  7.53920199e-01
  3.33775746e-01 -2.54894535e+00  5.99978741e-01  9.41641276e-01
  9.13399892e-01  3.77338516e-01  7.16382662e-01  9.21016967e-01
  8.30211781e-01  9.17309710e-01  9.94740222e-01  7.48475284e-01
  1.01556728e+00 -2.94273668e+00  9.64502852e-01  1.02587024e+00
  4.10120281e-01  8.61867340e-01  9.98173640e-01 -8.57461225e-02
  7.40417211e-01  7.67563215e-01  5.01804804e-02  8.83030794e-01
  2.75040180e-01  1.00191727e+00  4.20940887e+00  8.22112928e-01
  1.65790574e+01  9.22676671e-01  7.31115183e-01  4.35338717e-01
  9.97738063e-01  8.26955522e-01 -3.87488849e-02  9.09898063e-01
 -2.87751361e+00  2.51893788e+00  3.36043700e-01 -3.27166671e+00
  9.85357537e-01 -3.70081287e+00  9.18130846e-01 -5.22763633e-01
  8.02306177e-01  1.02605028e+00  9.37580681e-01  9.60140171e-01
  7.90237647e-01 -8.64295797e-01  1.04286728e+00  1.20197338e+00
  8.92019996e-01  1.67110632e+00  5.34183174e-01  5.35565765e-01
  3.74147352e-01  9.11987816e-01  6.05204204e-01  9.69878399e-01
  8.32430520e-01 -5.27501636e-01 -6.36798930e-01  1.03871814e+00
  8.01514225e-01  9.11233674e-01 -1.04513388e-01  1.27857713e+00
  8.34267182e-01  5.54226811e-01 -5.95902668e-01  7.06946577e-01
  2.46996416e+00  1.06809914e+00  8.14277494e-01  4.73815796e-01
  9.96023635e-01  6.65739213e-01  7.76301925e-01  9.84684175e-01
  7.24193927e-01  4.52491052e-01  8.74657870e-01  9.03750594e-01
  6.35462154e-01 -1.29024663e-02  9.09656022e-01  5.28794334e-01
  7.82141424e-01 -2.58104037e-01  9.36443573e-01  6.18517477e-01
  5.29135899e-01 -7.03008348e-01  8.07291008e-01  3.28039949e-01
  6.94502429e-01  9.88641383e-01  1.45772951e+00 -7.35471877e-01
 -3.61231184e+00  1.16567498e+00  7.66830255e-01  7.50488912e-01
  9.65520340e-01  8.46850869e-01  9.98902276e-01  9.40998056e-01
  5.49819543e-01  4.97264812e-01  1.06611217e+00  7.10697055e-01
  6.97230799e-01  3.37961021e+00  9.70574261e-01  6.21313139e-02
  1.54661064e+00  4.09255978e-01  8.59938202e-01  8.97141883e-01
  9.73168232e-01  8.70391383e-03  1.00168957e+00  9.99609965e-01
  9.95256556e-01  9.11966872e-01  8.66672529e-01  9.66336125e-01
  5.23693283e-02  6.03369276e+00  8.56461038e-01 -6.35353524e+00
 -1.25790236e-01  8.35290521e-01  9.47054908e-01  6.47117558e-01
  4.68938923e+00 -2.37456093e-02  7.74230258e-01 -3.05276651e-01
  1.10108893e+00 -7.47945608e-01  5.25952264e-01  9.95264012e-01
  4.96690077e-01  9.69978243e-01  9.64045879e-01  9.54500240e-01
  4.89872269e+00 -7.32705634e-01  6.32792177e-01  9.82321011e-01
  9.53320921e-01  9.60275671e-01  1.03479381e+00 -1.45490050e-01
  8.06440303e-01  9.84214646e-01  2.72520128e+00  9.47723627e-01
  9.99561589e-01  1.03240991e+00  9.97771457e-01  8.35295942e-01
  4.11110958e-01  4.95593532e-01  1.10942570e+00  1.00288588e+00
  8.89199323e-01 -1.21245490e+00  9.45121263e-01 -2.94862334e-01
  5.67757142e-01  5.64093752e-01  9.28172436e-01  1.03545047e+00
  5.74473838e-01  7.19362171e-01  8.84368414e-01  1.18860072e+00
  5.87383193e-01  9.78953956e-01  1.68776553e+00  1.33184616e+00
  3.09772797e-01  9.17198304e-01  8.20340699e-01  6.27016415e-01
  7.70846708e-01 -3.79438166e-01  1.21065089e+00  9.97547307e-01
  1.00944852e+00  9.20810230e-01  9.57040190e-01  1.13694755e+00
  9.85014370e-01  4.20810011e-02 -9.78533309e+00  2.88891655e-01
  9.25604803e-01  9.66713520e-01 -6.80106128e+00  1.62373960e-01
  1.77461940e+00 -5.76048610e+00  1.29680202e+00  3.52826103e-01
  9.95615020e-01  9.97852313e-01  8.95362080e-01  8.92034615e-01
  1.00727923e+00  9.94276069e-01  7.23255650e-01  8.89668015e-01
  8.66591410e-01  9.80233238e-01  9.01844465e-01  2.56544331e-01
  9.65497525e-01 -2.45634714e+00  8.89622722e-01  6.17419901e-01
  2.33381564e+00  6.47757863e-01  5.64632474e-01  9.81314962e-01
 -1.80102397e+00 -1.90319454e+00  4.40426907e-01  9.03699900e-01
 -3.07065121e-02  9.92248665e-01  9.96898954e-01  3.51053297e+00
  9.80362733e-01  9.17873206e-01  1.03464204e+00  3.90385752e-01
  1.00053680e+00  1.03374012e+00  9.96934275e-01 -2.06452646e+00
  9.34334689e-01  1.00587154e+00  2.27958272e-01  8.49757725e-01
 -1.09209363e-01 -2.27961547e+00 -5.96450881e+00  8.50499403e-01
  9.50291329e-01 -5.99488248e+00  1.69925729e-01  7.11072616e-01
  9.95150401e-01  9.13497881e-01  9.43422329e-01  6.52205645e-01
  9.62354683e-01  9.69477861e-01 -5.69201023e-01  1.47224540e+00
  9.35655173e-01 -9.58180109e-01  6.87887591e-01  8.56957039e-01
  9.96529514e-01  9.29732741e-01  9.28651981e-01  1.29322953e+00
  1.27213583e-01 -1.38999551e-02  9.95164639e-01  9.20170368e-01
  3.91546932e-01  7.75096902e-01  5.42113857e-01  9.58816089e-01
  9.32864582e-01  9.00921088e-01  9.91802875e-01  6.34969885e-01
 -5.19359805e-01 -1.14665289e-01  1.35217815e-01  8.66759712e-01
  1.03037929e+00 -2.41094770e-01 -9.15992554e-01 -7.33870806e-01
  2.78521770e-01  3.91508591e-01 -8.21969383e-01  2.07395177e-01
  9.17326213e-01  9.47320764e-01  7.86872488e-01  3.20924592e-01
  6.25324589e-01  6.26196252e-01  7.61647778e-01  1.26145082e-01
 -1.49109787e+00  1.00439936e+00 -7.83364499e-01  8.83152102e-01
  9.78901031e-01  9.74164337e-01 -2.33097460e+00  7.48711031e-01
  6.44373447e-01  4.84537692e-01  7.46746519e-01  7.56131373e-01
  9.18571776e-01  2.14370215e-01 -3.52094382e+00  8.01716373e-01
  1.00305329e+00 -4.96009100e-01  9.09397502e-01  7.87050862e-01
  7.99704302e-01 -5.00086171e+00  1.33367549e+00  9.98221589e-01
  4.01717059e-01 -5.54751900e-01  8.20100516e-01  9.79680509e-01
  6.34723475e-01  3.73363857e+00  9.80321960e-01  9.90956252e-01
  2.57488731e-01  1.65661376e+00  1.08536412e+00  8.11048842e-01
 -6.63181844e-01 -1.23297961e-01  2.23461147e+00 -2.77765113e+00
  1.00062942e+00  7.34526693e-01 -3.66193563e+00 -8.92746215e-02
  7.24864803e-01  8.14403181e-01 -2.97144957e+00 -2.74376770e+00
  9.14873316e-01  9.96803223e-01  6.48800825e-01  8.54619291e-01
  6.33463573e-01 -3.75645956e+00  9.51375386e-01  8.40759231e-01
  8.93666428e-01 -1.65405002e+00  6.43735582e-01  7.35045127e-01
  7.60542786e-01  8.07820989e-01  9.80610360e-01  7.67362781e-01
 -2.33522845e+00  3.64638942e-01  8.72357902e-01 -3.76323351e+00
  9.87867774e-01 -1.46604792e+00  8.27724903e-01  4.37522560e-01
  9.36491048e-01 -2.44024376e+00  6.70170970e-01  3.07544425e-01
 -4.72131908e-03  5.90173218e-01 -9.30615719e-01  2.33716540e+00
  8.11626918e-01  6.58442699e-01  8.95163771e-01 -1.01068682e+00
  8.15317452e-01  9.63395859e-01  9.31456866e-01  9.44497929e-01
  1.08025844e+00 -1.87553182e-01  8.65119101e-01  9.58065248e-01
  6.44512292e-01  4.03092121e-01  7.83355981e-01  4.72613187e-01
  9.68499801e-01  7.06563890e-01  5.92553459e-01  6.99611285e-01
  9.44644389e-01  9.55653328e-01  6.41060620e-01  1.69486463e+00
  9.29661824e-01  1.56529632e+00 -1.44865567e+00  1.00159531e+00
  2.96095115e-01  8.64816373e-01 -3.21955268e-01  9.84114063e-01
 -1.96908428e-01  9.87982184e-01  1.08244377e+00  8.33793111e-01
  9.95265082e-01  4.79886559e-02  9.23372377e-01  9.50260638e-01
  1.25919546e+00  7.74025137e-01  5.65269702e-01 -9.29877729e-01
  9.31646633e-01  9.80209671e-01  8.61864441e-01  9.20197409e-01
  3.70119287e+00 -1.05002577e+00 -5.72248973e-01  5.45909615e+00
  9.98108057e-01  1.00041926e+00  8.78227507e-01  8.92734571e-01
  5.80289208e-01  6.89560812e-01  8.46507710e-01  6.37212507e-01
  9.65900521e-01  9.79610937e-01  9.68611228e-01  9.15666627e-01
  9.88349642e-01  6.45087737e-01  2.55755415e+00  2.69368728e-01
  9.69324411e-01  9.96319178e-01  1.00290619e+00 -3.13918195e+00
  9.02677529e-01 -8.61300516e-02  1.16576160e+00  5.78828629e-01
  7.76835418e-01  7.10786581e-01  5.24754390e-01  8.97746023e-01
  6.85334742e+00  9.85707046e-01  9.01459558e-01  8.21677895e-01
  9.09959063e-01  1.05742622e+00  9.68672335e-01  9.73736968e-01
 -2.66778907e+00  3.31525635e+00  9.07580256e-01  1.00002888e+00
  9.97898980e-01  7.54366759e-01  7.09021671e-01  9.98615019e-01
  6.37032544e-01  1.07840599e+00 -4.27854065e-01  4.47124324e-01
  6.03591206e-01  1.27813865e+00  5.45379761e-01  9.83743586e-01
  5.55663709e-01  1.01496451e+00 -3.79089137e+00  7.30232368e-01
  9.95738518e-01  9.97045951e-01 -7.33460738e+00  1.02964249e+00
  6.06805754e-01  9.85704745e-01  3.06009211e-01 -5.05883623e+00
  4.23024518e-01  9.97521404e-01  9.92620918e-01 -7.69272024e-01
  1.02390586e+00  7.79226887e-01  9.60955517e-01  9.74630069e-01
  3.64735646e-01  7.24846831e-01  9.97057245e-01  3.13740555e-01
  9.94134070e-01 -6.70972009e-01  6.96902323e-01  2.17372685e+00
  1.14396517e+00 -9.26795065e+00  6.58762110e-01  9.97248522e-01
  8.38580677e-01  9.83708742e-01 -1.74563374e-01  3.74701641e-01
  7.00226181e-01  1.00010482e+00  8.66401479e-01  1.02127332e+00
  1.56770800e+00  1.18312639e+00  9.91941269e-01  6.51063791e-01
 -1.53078331e-01  8.86046909e-01  1.67547802e+00  1.02019203e+00
  1.00073152e+00  6.55550396e-01  9.21311300e-01  9.98878883e-01
  1.00014873e+00  1.38495248e+00  2.99417106e-01  9.86185374e-01
 -1.69413066e-02  6.33834712e-01  8.44864645e-01  9.07592863e-01
  1.04316470e+00  1.01128567e+00 -1.26241784e+00  9.52060845e-01
  3.99310761e-01  9.71346622e-01  6.40410834e-01  9.90218138e-01
  1.27210902e+00  7.06555799e-01  3.78663456e-01  1.09414098e+00
  9.18262644e-01  8.79178463e-01  8.85807138e-01 -8.32313767e-02
  3.66433613e+00  1.73007589e+00 -6.85319451e-01  9.63887193e-01
  8.26220343e-02  9.96260476e-01  1.16458643e+00  9.80055227e-01
  5.52365690e-01 -1.96387354e+00  9.76424665e-01  9.18901155e-01
 -1.61704604e-02  2.32051028e-01  9.64003895e-01  8.89598865e-01
 -6.91281378e-02 -6.19297850e-01  1.02725014e+00  4.92089560e-01
 -4.43933473e+00 -1.55621229e-01 -1.44113657e-01  9.60376414e-01
  9.80576744e-01  9.19441412e-01  8.73079209e-01  8.86598820e-01
  9.85888375e-01  7.40899574e-01  9.21026018e-01  6.73278315e-01
 -1.84010182e+00  5.42963938e-01  9.66404311e-01  9.33363862e-01
  9.49028760e-01  1.02650593e+00  9.99435060e-01  7.54917849e-01
 -1.69138059e-01  8.79002814e-01  9.30725263e-01  4.91614839e-01
 -1.19122680e+00  2.23587271e+00  3.30863931e+00 -2.20388148e+00
  9.94096492e-01  1.60519732e+00  9.95306138e-01  9.86047477e-01
 -2.57034463e+00  9.49064215e-01  9.99459488e-01  9.92026903e-01
  9.13814560e-01  2.48532035e+00  9.93858829e-01  5.58264631e-01
  1.28514632e+01 -1.66443730e+00 -3.10698534e-01  1.00069415e+00
  9.99865907e-01  7.15747241e-01  9.83628810e-01  2.30847483e-01
  9.14766191e-01  1.26776382e+00 -4.26237145e-03  8.13516059e-01
  9.29595137e-01 -2.86684909e+00  1.00475157e+00  9.35317109e-01
 -1.32853827e+00  5.19721820e-01  6.08122088e-01 -9.31932262e+00
  9.93929428e-01  6.53943869e-01  8.43460187e-01  2.70981613e-01
  8.81516435e-01  8.39304444e-01  9.98993246e-01  8.10488170e-01
  8.06188497e-01  2.07765364e-01  9.65640650e-01  9.26361154e-01
 -4.49490973e+00  9.87896230e-01 -1.41622930e+00  1.00051807e+00
  9.29539347e-01  3.66084541e-01  8.62649240e-01  9.66074711e-01
  9.59657101e-01  9.70051090e-01  1.34535347e+00  9.63487212e-01
 -9.63972358e-01  1.13292990e+00  1.45990947e+00  2.14692087e-01
 -6.02007650e+00  1.08137462e+00  3.27015854e-01  9.92498887e-01
  9.96768599e-01  3.80999030e-01 -2.12778986e+00  2.19565815e-01
  9.45657669e-01  9.68019349e-01  8.47583052e-01  7.25192700e-01
  1.05702228e+00  7.84611403e-01  9.95575170e-01  8.52434020e-01
 -2.85333122e-01 -1.09501953e+00  8.72098403e-01 -5.50693576e-01
  6.67616881e-01  9.64629395e-01  6.46223042e-02  1.01951861e+00
 -1.70578661e+00  1.00337354e+00  7.61194214e-01  1.00955497e+00
  1.02920816e+00  9.94745554e-01  1.54537454e+00 -3.09111515e+00
  4.70769242e-01  6.90823482e-01  1.43467620e+00  9.12959922e-01
  9.62964664e-01  5.45052224e-01  8.64907110e-01  9.72803336e-01
 -1.27042943e+00  9.05690067e-01 -1.46866083e-01 -1.04597786e-01
 -1.76069569e+00  9.45593698e-01  7.52489307e-01 -1.49165099e+00
 -1.05169728e+00  7.07787508e-01  5.78993712e-01  8.50188610e-01
  8.78606404e-01  1.01895799e+00  9.80588238e-01  8.30041973e-01
  9.91069096e-01  1.27918788e+00  9.08516168e-01  1.26044981e-01
 -1.21801407e+00  7.63864676e-01  7.44460919e-01  8.44005735e-01
  7.15016583e-01  8.02924848e-01  1.15514003e+00 -2.68391373e+00
  8.57712818e-01 -9.56886679e-01  7.67188112e-01  9.93038153e-01
  7.89843415e-01  1.84267007e+00  2.26365725e-01 -1.15428841e-01
  7.25835226e-01  1.00207958e+00  9.34474269e-01  9.13788925e-01
  9.73442075e-01  7.64231608e-01  8.46111883e-01  3.18238652e-01
  3.58954531e-01  4.38275028e-01  2.29606562e-01 -2.19956513e+00
  9.89016170e-01  2.99287674e-01 -1.12000331e+01  7.60939108e-01
  3.93207679e-01  9.52899203e-01  9.98861257e-01  9.98462166e-01
  5.37971730e-01  8.25502173e-01 -4.32645066e-02 -4.35955060e+00
  7.04019706e-01  2.28313231e-01  9.93330500e-01  1.15282385e+00
  9.09563440e-01  8.08132523e-01  7.84494419e-01 -1.34388765e+00
 -6.15373520e-01  4.33627672e-01  2.92130336e-01 -2.66755829e-02
 -1.13785544e+00 -1.74454925e+00  9.77044156e-01  8.53195872e-01
  9.65154052e-01  1.05585694e+00  5.94571218e-01  9.47496886e-01
  5.89003498e-01  8.94932251e-01  9.87922360e-01  9.03034557e-01
  1.14443327e+00  8.55520049e-01  3.64464458e-02  4.73106090e-01
  8.91501728e-01  9.01683194e-01  6.47419467e-01  1.00262266e+00
  4.37946489e-01 -2.87558677e+00  8.11181257e-01  9.37129018e-01
  6.07263458e-01  9.98591736e-01 -2.39705637e+00  6.37863635e-01
 -6.29605818e-01  8.36312339e-01 -9.12190358e-01  4.33126489e-01
  2.90475042e+00  9.37815336e-01  7.34223822e-01  1.10460259e+00
  1.12837174e+00 -6.70174209e-01  4.29072953e-01  9.89372202e-01
  5.48566781e-01  2.10038463e-01  2.19504664e-01  3.90187878e-03
  6.83175879e-01  3.94652219e-01  8.57593860e-01  1.84071248e+00
  8.00943289e-01  9.98445934e-01 -3.92137183e-01  8.70836961e-01
  1.12790771e+00  8.01510597e-01  6.52228032e-01 -1.77042090e+00
  9.95691911e-01 -8.45286069e-01  1.05287953e+00  8.95822067e-01
  6.07519333e-01  9.55826837e-01 -1.28653920e+00 -5.79127421e-01
  9.47170645e-01  6.09718974e-01  9.50678340e-01  8.47543317e-01
  7.89874681e-01  9.39303296e-01  7.07071084e-01 -3.42144977e+00
  7.56672627e-01 -2.72868476e+00  7.44755721e-01  8.83624083e-01
  4.59818470e-01  1.01150368e+00  9.94796270e-01  9.40232978e-01
 -5.84001441e-01  1.18925355e+00 -2.02802565e+00 -4.67924350e-01
  9.96241610e-01  9.39871955e-01  7.18203427e-01  8.25339863e-01
 -3.03988256e+00  8.39107109e-01  9.88742172e-01 -1.02454583e-01
  7.97483608e-01  6.57277819e-01 -8.30248448e-01  9.51066108e-01
 -2.08621742e+00  9.99496573e-01  9.56497670e-01  1.07045130e-01
  6.63848936e-01  1.49917446e+00  5.68430760e-01 -1.20532088e+00
 -7.26933367e-01  9.94813590e-01  2.42201488e-01  9.56758258e-01
  8.60348809e-01  9.48603233e-01 -6.53151264e-01  1.04072038e+00
  8.54993565e-01  5.55621104e-01 -1.49633151e+00  9.86413244e-01
  9.48351620e-01  9.99803314e-01  9.95646216e-01  9.51781366e-01
 -7.80843024e-01  6.57130700e-01  4.99728133e-01  2.60991046e+00
 -2.32332298e-03  7.98933939e-01  8.05533718e-01  9.36076439e-01
  7.19979496e-01  1.50611601e+00  5.85602937e-01  8.96035744e-01
  7.81951434e-01  5.79638520e-01  7.72668583e-01  8.68559722e-01
 -2.58225590e+00  1.99941605e+00  2.25083449e+00  8.55834937e-01
  6.68797658e-01  1.23710623e+00  9.76730434e-01 -4.70245695e+00
  5.70969101e-01  4.75900525e-01  2.11997539e+00  5.27052962e-01
  5.16998931e-01  9.69006645e-01 -3.64454425e-02  1.39057682e-01
  9.86872703e-01 -4.12878645e+00  5.82357665e-01  9.96038202e-01
  8.56136904e-01  6.21538117e-01  9.64384265e-01  6.78941509e-01
  8.64555146e-01  9.41017749e-01  1.13590789e+00  9.75179643e-01
  9.99860868e-01  1.80861737e+00  8.22618726e-01  9.45817079e-01
  4.86106142e-01  1.91305029e-01  8.29547275e-01 -5.17654498e+00
  8.30587628e-01  8.21482319e-01 -1.90859668e-02  8.95933334e-01
  9.30880139e-01  1.94765713e+00  1.02607018e+00  8.00378852e-01
  9.19214986e-01  8.64425550e-01 -2.85463750e+00  7.74613290e-01
  1.67236846e+00  9.55140379e-01  9.83017288e-01  1.05054604e+00
  8.96478971e-01  5.58371709e-01  3.70395923e-01  9.34181235e-01
  8.45225470e-01  8.29074630e-01  1.14628518e+00  9.14755585e-01
 -1.26583142e+00  1.54335627e+00  8.92521623e-01  9.68906946e-01
  6.69029808e-01  2.24242912e-01  1.26365102e+00  3.57199101e-01
 -3.61193346e-01  8.27115510e-01 -9.58170896e-01  1.73754750e+00
  4.85004779e-01  9.49470633e-01  9.11037637e-01 -6.50764741e-01
  7.51861108e-01 -2.40253038e+00  1.03234604e+00 -7.74216537e+00
 -1.19683064e-01  1.28139282e+00  7.78048134e-01  4.20390265e-01
  8.85052127e-01  3.73829707e-01  1.02231516e+00  4.23657520e-01
  9.30397883e-01 -9.85896811e-01  7.55778029e-01  9.75546694e-01
  8.73407342e-01  9.49081702e-01 -2.36366482e+00  1.00578028e+00
 -3.91635163e-01  8.44327960e-01  1.17453577e+00  8.75748450e-01
  1.85440676e+00  1.08888065e+00  9.98851011e-01  8.17243110e-01
  9.53403512e-01  8.80887982e-01  9.29092461e-01 -2.51919768e-01
  8.70210329e-01  3.74605311e-01  3.14408689e-01  1.00748799e+00
 -8.51110295e-01  8.73354268e-01  4.49259369e-01  1.51705366e+00
  7.83404262e-01  3.82156275e-01  9.58441739e-01  9.76841291e-01
  5.29105864e-01 -4.97454771e+00  7.72590987e-01  9.55392945e-01
 -5.22817842e-01 -6.12399389e-01 -7.17796858e-01  1.03574952e+00
  9.99656948e-01  6.15029847e-02  1.29784568e+00 -8.03514289e-01
 -5.24395708e-01  9.90641653e-01 -1.30526844e+00  1.41613082e-01
  8.01368929e-01 -1.38055914e+00  5.85410052e-01  9.79685065e-01
  1.00693468e+00  9.73819014e-01  8.99232259e-01  1.00052308e+00
  9.23819359e-01  5.63189896e-01  2.26405032e-01  8.65955564e-01
  9.33261510e-01  6.32909436e-01  9.49796824e-01 -3.07834624e+00
  9.74139728e-01  9.77199043e-01  3.75704110e+00 -1.15604999e+01
  9.95691962e-01  8.67136847e-01  7.99784331e-01  7.83890578e-01
  9.80239014e-01  8.90307757e-01  8.57170109e-01 -4.54863783e+00
  5.79556927e-01  8.03224298e-01  9.37564450e-01  5.51959885e-01]