[0.         0.00105708 0.00105708 0.00211416 0.00211416 0.00317125
 0.00317125 0.00422833 0.00422833 0.00634249 0.00634249 0.00739958
 0.00739958 0.00845666 0.00845666 0.01268499 0.01268499 0.01479915
 0.01479915 0.01585624 0.01585624 0.01902748 0.01902748 0.02008457
 0.02008457 0.02114165 0.02114165 0.02219873 0.02219873 0.02325581
 0.02325581 0.0243129  0.0243129  0.02536998 0.02536998 0.02642706
 0.02642706 0.02854123 0.02854123 0.03065539 0.03065539 0.03171247
 0.03171247 0.03699789 0.03699789 0.03911205 0.03911205 0.04016913
 0.04016913 0.04122622 0.04122622 0.0422833  0.0422833  0.04545455
 0.04545455 0.04651163 0.04651163 0.04862579 0.04862579 0.04968288
 0.04968288 0.05285412 0.05285412 0.05391121 0.05391121 0.05708245
 0.05708245 0.05813953 0.05813953 0.05919662 0.05919662 0.0602537
 0.0602537  0.06131078 0.06131078 0.06342495 0.06342495 0.06448203
 0.06448203 0.06553911 0.06553911 0.06659619 0.06659619 0.06765328
 0.06765328 0.06871036 0.06871036 0.06976744 0.06976744 0.07082452
 0.07082452 0.07188161 0.07188161 0.07293869 0.07293869 0.07505285
 0.07505285 0.07610994 0.07610994 0.07716702 0.07716702 0.0782241
 0.0782241  0.07928118 0.07928118 0.08033827 0.08033827 0.08245243
 0.08245243 0.0845666  0.0845666  0.08562368 0.08562368 0.08668076
 0.08668076 0.08773784 0.08773784 0.09090909 0.09090909 0.09196617
 0.09196617 0.09408034 0.09408034 0.0961945  0.0961945  0.09725159
 0.09725159 0.09936575 0.09936575 0.10147992 0.10147992 0.10359408
 0.10359408 0.10465116 0.10465116 0.10782241 0.10782241 0.10887949
 0.10887949 0.10993658 0.10993658 0.11099366 0.11099366 0.11310782
 0.11310782 0.11522199 0.11522199 0.11733615 0.11733615 0.11945032
 0.11945032 0.1205074  0.1205074  0.12262156 0.12262156 0.12367865
 0.12367865 0.12473573 0.12473573 0.12790698 0.12790698 0.12896406
 0.12896406 0.13213531 0.13213531 0.13424947 0.13424947 0.13530655
 0.13530655 0.13636364 0.13636364 0.13742072 0.13742072 0.13953488
 0.13953488 0.14059197 0.14059197 0.14376321 0.14376321 0.1448203
 0.1448203  0.14693446 0.14693446 0.14904863 0.14904863 0.15010571
 0.15010571 0.15116279 0.15116279 0.15327696 0.15327696 0.15539112
 0.15539112 0.1564482  0.1564482  0.15750529 0.15750529 0.15961945
 0.15961945 0.16067653 0.16067653 0.16173362 0.16173362 0.16807611
 0.16807611 0.17019027 0.17019027 0.17124736 0.17124736 0.17230444
 0.17230444 0.1744186  0.1744186  0.17758985 0.17758985 0.17970402
 0.17970402 0.18181818 0.18181818 0.18604651 0.18604651 0.18816068
 0.18816068 0.18921776 0.18921776 0.19027484 0.19027484 0.19133192
 0.19133192 0.19238901 0.19238901 0.19556025 0.19556025 0.19767442
 0.19767442 0.1987315  0.1987315  0.19978858 0.19978858 0.20084567
 0.20084567 0.20190275 0.20190275 0.20718816 0.20718816 0.20824524
 0.20824524 0.20930233 0.20930233 0.21353066 0.21353066 0.2167019
 0.2167019  0.21881607 0.21881607 0.21987315 0.21987315 0.2230444
 0.2230444  0.22621564 0.22621564 0.22727273 0.22727273 0.22832981
 0.22832981 0.23255814 0.23255814 0.23361522 0.23361522 0.23572939
 0.23572939 0.23678647 0.23678647 0.23784355 0.23784355 0.23995772
 0.23995772 0.2410148  0.2410148  0.24207188 0.24207188 0.24312896
 0.24312896 0.24418605 0.24418605 0.24735729 0.24735729 0.24947146
 0.24947146 0.25369979 0.25369979 0.25581395 0.25581395 0.2589852
 0.2589852  0.26004228 0.26004228 0.26109937 0.26109937 0.26321353
 0.26321353 0.26427061 0.26427061 0.2653277  0.2653277  0.26744186
 0.26744186 0.27061311 0.27061311 0.27272727 0.27272727 0.27378436
 0.27378436 0.2769556  0.2769556  0.27906977 0.27906977 0.28012685
 0.28012685 0.28118393 0.28118393 0.28541226 0.28541226 0.28646934
 0.28646934 0.28752643 0.28752643 0.28858351 0.28858351 0.28964059
 0.28964059 0.29281184 0.29281184 0.29386892 0.29386892 0.294926
 0.294926   0.29598309 0.29598309 0.29704017 0.29704017 0.29809725
 0.29809725 0.29915433 0.29915433 0.30021142 0.30021142 0.30232558
 0.30232558 0.30338266 0.30338266 0.30443975 0.30443975 0.30655391
 0.30655391 0.30761099 0.30761099 0.30866808 0.30866808 0.31078224
 0.31078224 0.31289641 0.31289641 0.31395349 0.31395349 0.31712474
 0.31712474 0.31818182 0.31818182 0.3192389  0.3192389  0.32663848
 0.32663848 0.32980973 0.32980973 0.33086681 0.33086681 0.33192389
 0.33192389 0.33403805 0.33403805 0.33615222 0.33615222 0.33826638
 0.33826638 0.33932347 0.33932347 0.34038055 0.34038055 0.34143763
 0.34143763 0.3435518  0.3435518  0.34566596 0.34566596 0.34672304
 0.34672304 0.35095137 0.35095137 0.35200846 0.35200846 0.35412262
 0.35412262 0.3551797  0.3551797  0.35623679 0.35623679 0.35729387
 0.35729387 0.3615222  0.3615222  0.36257928 0.36257928 0.36363636
 0.36363636 0.36469345 0.36469345 0.36575053 0.36575053 0.36892178
 0.36892178 0.36997886 0.36997886 0.37420719 0.37420719 0.37632135
 0.37632135 0.37737844 0.37737844 0.38054968 0.38054968 0.38266385
 0.38266385 0.38372093 0.38372093 0.39006342 0.39006342 0.39112051
 0.39112051 0.39217759 0.39217759 0.39323467 0.39323467 0.39534884
 0.39534884 0.397463   0.397463   0.39852008 0.39852008 0.40169133
 0.40169133 0.40486258 0.40486258 0.40697674 0.40697674 0.40803383
 0.40803383 0.41014799 0.41014799 0.41226216 0.41226216 0.41331924
 0.41331924 0.4154334  0.4154334  0.41754757 0.41754757 0.41860465
 0.41860465 0.42071882 0.42071882 0.4217759  0.4217759  0.42600423
 0.42600423 0.43128964 0.43128964 0.43234672 0.43234672 0.43340381
 0.43340381 0.43868922 0.43868922 0.4397463  0.4397463  0.44080338
 0.44080338 0.44397463 0.44397463 0.44608879 0.44608879 0.44820296
 0.44820296 0.44926004 0.44926004 0.45031712 0.45031712 0.45348837
 0.45348837 0.45454545 0.45454545 0.45665962 0.45665962 0.45983087
 0.45983087 0.46194503 0.46194503 0.4640592  0.4640592  0.46617336
 0.46617336 0.46723044 0.46723044 0.46934461 0.46934461 0.47040169
 0.47040169 0.47463002 0.47463002 0.47674419 0.47674419 0.47780127
 0.47780127 0.47991543 0.47991543 0.48097252 0.48097252 0.4820296
 0.4820296  0.48308668 0.48308668 0.48414376 0.48414376 0.48625793
 0.48625793 0.48837209 0.48837209 0.49048626 0.49048626 0.49154334
 0.49154334 0.49365751 0.49365751 0.49471459 0.49471459 0.49682875
 0.49682875 0.5        0.5        0.50105708 0.50105708 0.50951374
 0.50951374 0.51162791 0.51162791 0.51374207 0.51374207 0.51479915
 0.51479915 0.51585624 0.51585624 0.51691332 0.51691332 0.5179704
 0.5179704  0.51902748 0.51902748 0.52008457 0.52008457 0.52114165
 0.52114165 0.5243129  0.5243129  0.52642706 0.52642706 0.52748414
 0.52748414 0.52854123 0.52854123 0.52959831 0.52959831 0.53065539
 0.53065539 0.53171247 0.53171247 0.53276956 0.53276956 0.53382664
 0.53382664 0.53699789 0.53699789 0.53805497 0.53805497 0.53911205
 0.53911205 0.54334038 0.54334038 0.54439746 0.54439746 0.54862579
 0.54862579 0.55391121 0.55391121 0.55813953 0.55813953 0.55919662
 0.55919662 0.56131078 0.56131078 0.56236786 0.56236786 0.56342495
 0.56342495 0.56448203 0.56448203 0.56659619 0.56659619 0.56765328
 0.56765328 0.56976744 0.56976744 0.57188161 0.57188161 0.57505285
 0.57505285 0.57928118 0.57928118 0.58139535 0.58139535 0.58245243
 0.58245243 0.58562368 0.58562368 0.58668076 0.58668076 0.58773784
 0.58773784 0.59196617 0.59196617 0.59302326 0.59302326 0.5961945
 0.5961945  0.59725159 0.59725159 0.60147992 0.60147992 0.602537
 0.602537   0.60465116 0.60465116 0.60782241 0.60782241 0.60887949
 0.60887949 0.61205074 0.61205074 0.6141649  0.6141649  0.61522199
 0.61522199 0.61733615 0.61733615 0.61839323 0.61839323 0.62156448
 0.62156448 0.62367865 0.62367865 0.62473573 0.62473573 0.62579281
 0.62579281 0.62896406 0.62896406 0.63002114 0.63002114 0.63107822
 0.63107822 0.63213531 0.63213531 0.63319239 0.63319239 0.63530655
 0.63530655 0.63636364 0.63636364 0.63742072 0.63742072 0.6384778
 0.6384778  0.64059197 0.64059197 0.64164905 0.64164905 0.6448203
 0.6448203  0.64904863 0.64904863 0.65116279 0.65116279 0.65221987
 0.65221987 0.65539112 0.65539112 0.6564482  0.6564482  0.65750529
 0.65750529 0.65961945 0.65961945 0.66067653 0.66067653 0.66173362
 0.66173362 0.66490486 0.66490486 0.66596195 0.66596195 0.66913319
 0.66913319 0.67124736 0.67124736 0.67230444 0.67230444 0.6744186
 0.6744186  0.67864693 0.67864693 0.6807611  0.6807611  0.68181818
 0.68181818 0.68287526 0.68287526 0.68498943 0.68498943 0.68710359
 0.68710359 0.68816068 0.68816068 0.68921776 0.68921776 0.69027484
 0.69027484 0.69133192 0.69133192 0.69344609 0.69344609 0.69450317
 0.69450317 0.69661734 0.69661734 0.70295983 0.70295983 0.70718816
 0.70718816 0.70930233 0.70930233 0.71141649 0.71141649 0.71247357
 0.71247357 0.71458774 0.71458774 0.7167019  0.7167019  0.71881607
 0.71881607 0.71987315 0.71987315 0.72410148 0.72410148 0.72832981
 0.72832981 0.73150106 0.73150106 0.7346723  0.7346723  0.73572939
 0.73572939 0.73678647 0.73678647 0.73890063 0.73890063 0.7410148
 0.7410148  0.74207188 0.74207188 0.74418605 0.74418605 0.74524313
 0.74524313 0.74630021 0.74630021 0.74841438 0.74841438 0.74947146
 0.74947146 0.75052854 0.75052854 0.75264271 0.75264271 0.75369979
 0.75369979 0.75475687 0.75475687 0.75687104 0.75687104 0.75792812
 0.75792812 0.7589852  0.7589852  0.76004228 0.76004228 0.76744186
 0.76744186 0.76849894 0.76849894 0.76955603 0.76955603 0.77167019
 0.77167019 0.77378436 0.77378436 0.78012685 0.78012685 0.78118393
 0.78118393 0.78858351 0.78858351 0.79069767 0.79069767 0.794926
 0.794926   0.79598309 0.79598309 0.79704017 0.79704017 0.79809725
 0.79809725 0.8012685  0.8012685  0.80338266 0.80338266 0.80443975
 0.80443975 0.80549683 0.80549683 0.80655391 0.80655391 0.81183932
 0.81183932 0.81289641 0.81289641 0.81501057 0.81501057 0.8192389
 0.8192389  0.82029598 0.82029598 0.82135307 0.82135307 0.82452431
 0.82452431 0.82875264 0.82875264 0.82980973 0.82980973 0.83298097
 0.83298097 0.83615222 0.83615222 0.8372093  0.8372093  0.83826638
 0.83826638 0.83932347 0.83932347 0.84038055 0.84038055 0.84249471
 0.84249471 0.84566596 0.84566596 0.84672304 0.84672304 0.85412262
 0.85412262 0.85623679 0.85623679 0.86046512 0.86046512 0.86363636
 0.86363636 0.86575053 0.86575053 0.86680761 0.86680761 0.86997886
 0.86997886 0.87103594 0.87103594 0.87209302 0.87209302 0.87843552
 0.87843552 0.88266385 0.88266385 0.8858351  0.8858351  0.88689218
 0.88689218 0.88794926 0.88794926 0.88900634 0.88900634 0.89217759
 0.89217759 0.89323467 0.89323467 0.89534884 0.89534884 0.897463
 0.897463   0.89957717 0.89957717 0.90063425 0.90063425 0.90274841
 0.90274841 0.9038055  0.9038055  0.90697674 0.90697674 0.91120507
 0.91120507 0.91226216 0.91226216 0.91331924 0.91331924 0.91437632
 0.91437632 0.92071882 0.92071882 0.92389006 0.92389006 0.92600423
 0.92600423 0.92811839 0.92811839 0.93128964 0.93128964 0.93551797
 0.93551797 0.94080338 0.94080338 0.94186047 0.94186047 0.94291755
 0.94291755 0.94503171 0.94503171 0.94608879 0.94608879 0.95560254
 0.95560254 0.96300211 0.96300211 0.9640592  0.9640592  0.96511628
 0.96511628 0.96617336 0.96617336 0.97463002 0.97463002 0.97780127
 0.97780127 0.97885835 0.97885835 0.98520085 0.98520085 0.99154334
 0.99154334 0.99260042 0.99260042 1.        ]