[0.         0.         0.         0.00652174 0.00652174 0.00869565
 0.00869565 0.01521739 0.01521739 0.0173913  0.0173913  0.01956522
 0.01956522 0.02173913 0.02173913 0.02391304 0.02391304 0.02608696
 0.02608696 0.03043478 0.03043478 0.03478261 0.03478261 0.04347826
 0.04347826 0.04782609 0.04782609 0.05       0.05       0.05217391
 0.05217391 0.06304348 0.06304348 0.06521739 0.06521739 0.0673913
 0.0673913  0.06956522 0.06956522 0.07173913 0.07173913 0.07608696
 0.07608696 0.08043478 0.08043478 0.0826087  0.0826087  0.08478261
 0.08478261 0.08695652 0.08695652 0.09347826 0.09347826 0.09565217
 0.09565217 0.1        0.1        0.10217391 0.10217391 0.10434783
 0.10434783 0.10869565 0.10869565 0.11086957 0.11086957 0.11304348
 0.11304348 0.11521739 0.11521739 0.1173913  0.1173913  0.11956522
 0.11956522 0.12173913 0.12173913 0.12608696 0.12608696 0.12826087
 0.12826087 0.13043478 0.13043478 0.13478261 0.13478261 0.14347826
 0.14347826 0.14565217 0.14565217 0.14782609 0.14782609 0.15
 0.15       0.15217391 0.15217391 0.15652174 0.15652174 0.15869565
 0.15869565 0.16956522 0.16956522 0.17173913 0.17173913 0.17391304
 0.17391304 0.1826087  0.1826087  0.18478261 0.18478261 0.18695652
 0.18695652 0.19782609 0.19782609 0.2        0.2        0.20434783
 0.20434783 0.20652174 0.20652174 0.20869565 0.20869565 0.21304348
 0.21304348 0.21521739 0.21521739 0.2173913  0.2173913  0.21956522
 0.21956522 0.22173913 0.22173913 0.22608696 0.22608696 0.22826087
 0.22826087 0.2326087  0.2326087  0.24130435 0.24130435 0.24347826
 0.24347826 0.24782609 0.24782609 0.25434783 0.25434783 0.25652174
 0.25652174 0.25869565 0.25869565 0.26086957 0.26086957 0.26304348
 0.26304348 0.26521739 0.26521739 0.2673913  0.2673913  0.26956522
 0.26956522 0.27173913 0.27173913 0.27391304 0.27391304 0.27608696
 0.27608696 0.27826087 0.27826087 0.28043478 0.28043478 0.2826087
 0.2826087  0.28695652 0.28695652 0.29130435 0.29130435 0.29782609
 0.29782609 0.30217391 0.30217391 0.31086957 0.31086957 0.31521739
 0.31521739 0.31956522 0.31956522 0.32391304 0.32391304 0.32608696
 0.32608696 0.32826087 0.32826087 0.33043478 0.33043478 0.3326087
 0.3326087  0.33478261 0.33478261 0.34130435 0.34130435 0.35217391
 0.35217391 0.36086957 0.36086957 0.3673913  0.3673913  0.36956522
 0.36956522 0.37173913 0.37173913 0.37391304 0.37391304 0.37608696
 0.37608696 0.37826087 0.37826087 0.3826087  0.3826087  0.38478261
 0.38478261 0.38695652 0.38695652 0.39347826 0.39347826 0.39565217
 0.39565217 0.39782609 0.39782609 0.4        0.4        0.40217391
 0.40217391 0.41086957 0.41086957 0.41304348 0.41304348 0.41521739
 0.41521739 0.4173913  0.4173913  0.42173913 0.42173913 0.42391304
 0.42391304 0.42608696 0.42608696 0.42826087 0.42826087 0.4326087
 0.4326087  0.43695652 0.43695652 0.44347826 0.44347826 0.44565217
 0.44565217 0.44782609 0.44782609 0.45       0.45       0.46521739
 0.46521739 0.4673913  0.4673913  0.46956522 0.46956522 0.47173913
 0.47173913 0.47608696 0.47608696 0.47826087 0.47826087 0.4826087
 0.4826087  0.48913043 0.48913043 0.49347826 0.49347826 0.49782609
 0.49782609 0.5        0.5        0.50869565 0.50869565 0.51086957
 0.51086957 0.51304348 0.51304348 0.51521739 0.51521739 0.51956522
 0.51956522 0.52173913 0.52173913 0.52608696 0.52608696 0.52826087
 0.52826087 0.53478261 0.53478261 0.53695652 0.53695652 0.53913043
 0.53913043 0.54565217 0.54565217 0.55       0.55       0.55217391
 0.55217391 0.55434783 0.55434783 0.56304348 0.56304348 0.56521739
 0.56521739 0.56956522 0.56956522 0.57826087 0.57826087 0.58043478
 0.58043478 0.59782609 0.59782609 0.61086957 0.61086957 0.61521739
 0.61521739 0.6173913  0.6173913  0.61956522 0.61956522 0.63478261
 0.63478261 0.63695652 0.63695652 0.64565217 0.64565217 0.64782609
 0.64782609 0.65217391 0.65217391 0.65652174 0.65652174 0.66086957
 0.66086957 0.66304348 0.66304348 0.66521739 0.66521739 0.6673913
 0.6673913  0.67391304 0.67391304 0.67608696 0.67608696 0.68043478
 0.68043478 0.68695652 0.68695652 0.69347826 0.69347826 0.69565217
 0.69565217 0.70217391 0.70217391 0.71086957 0.71086957 0.7173913
 0.7173913  0.71956522 0.71956522 0.72173913 0.72173913 0.72608696
 0.72608696 0.72826087 0.72826087 0.74347826 0.74347826 0.74565217
 0.74565217 0.74782609 0.74782609 0.75       0.75       0.75434783
 0.75434783 0.76086957 0.76086957 0.76304348 0.76304348 0.76521739
 0.76521739 0.7673913  0.7673913  0.76956522 0.76956522 0.77391304
 0.77391304 0.77608696 0.77608696 0.7826087  0.7826087  0.78478261
 0.78478261 0.78695652 0.78695652 0.79130435 0.79130435 0.79565217
 0.79565217 0.79782609 0.79782609 0.8        0.8        0.80217391
 0.80217391 0.81304348 0.81304348 0.8173913  0.8173913  0.82608696
 0.82608696 0.83043478 0.83043478 0.8326087  0.8326087  0.83913043
 0.83913043 0.84130435 0.84130435 0.84565217 0.84565217 0.84782609
 0.84782609 0.85       0.85       0.85217391 0.85217391 0.85434783
 0.85434783 0.86304348 0.86304348 0.86521739 0.86521739 0.86956522
 0.86956522 0.87391304 0.87391304 0.88043478 0.88043478 0.88913043
 0.88913043 0.89130435 0.89130435 0.89347826 0.89347826 0.89782609
 0.89782609 0.91956522 0.91956522 0.92173913 0.92173913 0.92391304
 0.92391304 0.92826087 0.92826087 0.93043478 0.93043478 0.93478261
 0.93478261 0.93695652 0.93695652 0.94782609 0.94782609 0.95434783
 0.95434783 0.95869565 0.95869565 0.96521739 0.96521739 0.96956522
 0.96956522 0.97608696 0.97608696 0.98695652 0.98695652 0.99130435
 0.99130435 0.99347826 0.99347826 0.99565217 0.99565217 1.
 1.        ]