[ 2.63186453e+00  1.63186453e+00  1.55702132e+00  1.54439612e+00
  1.51505093e+00  1.49339613e+00  1.48049860e+00  1.45344436e+00
  1.44568909e+00  1.43591674e+00  1.41792774e+00  1.41639351e+00
  1.39495693e+00  1.38904091e+00  1.33034664e+00  1.30486345e+00
  1.29960965e+00  1.25433089e+00  1.24218099e+00  1.23985620e+00
  1.23480258e+00  1.22956574e+00  1.22312450e+00  1.22205675e+00
  1.22067912e+00  1.21770250e+00  1.21275405e+00  1.19813862e+00
  1.19178534e+00  1.17620990e+00  1.17576202e+00  1.17108261e+00
  1.16509277e+00  1.14662312e+00  1.14522640e+00  1.13310579e+00
  1.12802431e+00  1.11312998e+00  1.10782741e+00  1.09843587e+00
  1.09792507e+00  1.09013424e+00  1.08671579e+00  1.07495377e+00
  1.06966295e+00  1.06327359e+00  1.06301870e+00  1.06056979e+00
  1.05071229e+00  1.04863456e+00  1.04770564e+00  1.04625965e+00
  1.04517449e+00  1.02800496e+00  1.02435214e+00  1.02044506e+00
  1.02016459e+00  1.01890510e+00  1.01293997e+00  1.00893732e+00
  1.00836727e+00  1.00797902e+00  1.00601791e+00  1.00330226e+00
  1.00321852e+00  1.00274314e+00  9.81621109e-01  9.79205802e-01
  9.74270538e-01  9.72327423e-01  9.68984765e-01  9.68749025e-01
  9.63801385e-01  9.55542276e-01  9.52067086e-01  9.36632265e-01
  9.35057198e-01  9.30273899e-01  9.20901147e-01  9.09029031e-01
  9.06493373e-01  8.99023474e-01  8.88250218e-01  8.87225166e-01
  8.84748715e-01  8.82614448e-01  8.81668882e-01  8.76004767e-01
  8.74933135e-01  8.71335552e-01  8.70358829e-01  8.66312584e-01
  8.60672226e-01  8.56886319e-01  8.56082072e-01  8.52772057e-01
  8.50605503e-01  8.48785642e-01  8.45964910e-01  8.43540844e-01
  8.41326793e-01  8.40725594e-01  8.38262356e-01  8.33327534e-01
  8.30401025e-01  8.28746100e-01  8.27008805e-01  8.11717192e-01
  8.01150434e-01  7.98747306e-01  7.93247602e-01  7.87572039e-01
  7.83736305e-01  7.76584146e-01  7.76325550e-01  7.71504966e-01
  7.59607755e-01  7.56800039e-01  7.52174700e-01  7.50308062e-01
  7.50296360e-01  7.45917808e-01  7.43304285e-01  7.39038720e-01
  7.34244705e-01  7.33420707e-01  7.32212227e-01  7.31722185e-01
  7.31144412e-01  7.30992384e-01  7.27568714e-01  7.26058935e-01
  7.24372386e-01  7.21587973e-01  7.18969702e-01  7.11019891e-01
  7.07485622e-01  7.04052481e-01  6.97457238e-01  6.95943666e-01
  6.93149892e-01  6.88073572e-01  6.86814393e-01  6.85623559e-01
  6.84081934e-01  6.81800419e-01  6.80912563e-01  6.80770054e-01
  6.77729398e-01  6.73493189e-01  6.73320044e-01  6.71857520e-01
  6.71831071e-01  6.71442350e-01  6.63380838e-01  6.62788917e-01
  6.62033546e-01  6.61794077e-01  6.60525332e-01  6.54567923e-01
  6.52589739e-01  6.50797811e-01  6.44492627e-01  6.42777454e-01
  6.40757453e-01  6.38004583e-01  6.37704237e-01  6.36998487e-01
  6.35506493e-01  6.33469736e-01  6.30810841e-01  6.26854334e-01
  6.25636069e-01  6.24584298e-01  6.22991326e-01  6.17497780e-01
  6.16112621e-01  5.97397624e-01  5.95976172e-01  5.86665965e-01
  5.84660395e-01  5.79219504e-01  5.68832058e-01  5.64736038e-01
  5.63764421e-01  5.61884107e-01  5.53833340e-01  5.53256471e-01
  5.52046426e-01  5.46341505e-01  5.45429006e-01  5.43816219e-01
  5.42926825e-01  5.41660115e-01  5.31228716e-01  5.27645748e-01
  5.26612130e-01  5.25712280e-01  5.25540803e-01  5.22481099e-01
  5.22083870e-01  5.21269335e-01  5.10359789e-01  5.09456089e-01
  5.07780575e-01  5.04883534e-01  5.04788441e-01  5.02123720e-01
  4.95440147e-01  4.89495912e-01  4.88631697e-01  4.87097945e-01
  4.85266694e-01  4.77760864e-01  4.75791510e-01  4.75131513e-01
  4.72398608e-01  4.70157251e-01  4.67687079e-01  4.64947651e-01
  4.63290196e-01  4.63013497e-01  4.61495335e-01  4.58340174e-01
  4.53814638e-01  4.53765575e-01  4.51552932e-01  4.50874232e-01
  4.48635882e-01  4.47057100e-01  4.45805292e-01  4.44758969e-01
  4.44010262e-01  4.41930736e-01  4.41469186e-01  4.39720661e-01
  4.38944029e-01  4.38586649e-01  4.32895129e-01  4.30112251e-01
  4.25313314e-01  4.24401726e-01  4.24039062e-01  4.21441325e-01
  4.19815103e-01  4.15279783e-01  4.13939766e-01  4.12907240e-01
  4.12596769e-01  4.09639435e-01  4.09123132e-01  4.06195275e-01
  4.04665837e-01  4.02615421e-01  4.01989487e-01  4.01451343e-01
  3.98795435e-01  3.98576678e-01  3.96025139e-01  3.92508885e-01
  3.91512491e-01  3.90536432e-01  3.90217375e-01  3.89392901e-01
  3.87231874e-01  3.85857987e-01  3.84552950e-01  3.81910272e-01
  3.79147977e-01  3.78082176e-01  3.77340002e-01  3.75970271e-01
  3.74895452e-01  3.73163618e-01  3.72613536e-01  3.71144447e-01
  3.64386550e-01  3.64111918e-01  3.62714945e-01  3.51182840e-01
  3.50214182e-01  3.43041768e-01  3.41123456e-01  3.39091381e-01
  3.37882408e-01  3.32951618e-01  3.29674028e-01  3.28164218e-01
  3.25443279e-01  3.24960299e-01  3.24372311e-01  3.22271626e-01
  3.19100999e-01  3.17947343e-01  3.17779791e-01  3.13903349e-01
  3.05419505e-01  3.03574436e-01  2.98940944e-01  2.98883358e-01
  2.97911218e-01  2.95070667e-01  2.94142342e-01  2.76503924e-01
  2.76368993e-01  2.76114487e-01  2.75109893e-01  2.73600289e-01
  2.73199656e-01  2.68240160e-01  2.68184621e-01  2.65172875e-01
  2.63003225e-01  2.60807071e-01  2.58886686e-01  2.46862328e-01
  2.46436840e-01  2.38246756e-01  2.29841279e-01  2.29654376e-01
  2.27223703e-01  2.24891245e-01  2.21615285e-01  2.20441584e-01
  2.18780905e-01  2.15613354e-01  2.13864953e-01  2.10829794e-01
  2.04995566e-01  2.04742559e-01  1.95981872e-01  1.93779408e-01
  1.91258591e-01  1.91170930e-01  1.90652569e-01  1.86045502e-01
  1.84328692e-01  1.80085161e-01  1.77353303e-01  1.73026792e-01
  1.71916911e-01  1.60892940e-01  1.56277431e-01  1.53649289e-01
  1.41713627e-01  1.41590816e-01  1.39998082e-01  1.35302262e-01
  1.31778594e-01  1.31676546e-01  1.31145939e-01  1.30520111e-01
  1.29911304e-01  1.29830045e-01  1.19046631e-01  1.14426937e-01
  1.12803215e-01  1.02758935e-01  9.42284793e-02  9.00734682e-02
  8.93709820e-02  8.64521459e-02  8.49258748e-02  8.41784802e-02
  8.30148679e-02  7.67120321e-02  7.57177735e-02  7.15514145e-02
  6.82029885e-02  6.79368599e-02  6.45087912e-02  6.24037517e-02
  6.14288917e-02  6.08069221e-02  4.45789320e-02  3.96128869e-02
  2.83015517e-02  2.75062713e-02  2.18762588e-02  1.64638615e-02
  1.57372327e-02  1.56861640e-02  1.37008179e-02  1.27345631e-02
  4.61325868e-03  4.25443956e-03  1.96975385e-03  1.48866839e-03
 -1.60553655e-02 -1.88143236e-02 -2.44561819e-02 -2.70126977e-02
 -3.59890709e-02 -3.81339931e-02 -4.04608678e-02 -5.06421253e-02
 -5.06983475e-02 -5.12888974e-02 -5.28361694e-02 -5.59946397e-02
 -5.71971107e-02 -5.94912622e-02 -6.41235375e-02 -6.86134377e-02
 -7.34172742e-02 -8.00625011e-02 -8.10151567e-02 -8.44727695e-02
 -8.88017411e-02 -9.54020163e-02 -1.03756542e-01 -1.15688613e-01
 -1.19184761e-01 -1.22921353e-01 -1.24353135e-01 -1.26295994e-01
 -1.27320823e-01 -1.32619401e-01 -1.35177705e-01 -1.36125731e-01
 -1.55507720e-01 -1.62520955e-01 -1.62927190e-01 -1.63066285e-01
 -1.66532253e-01 -1.76435868e-01 -1.82326693e-01 -1.88620456e-01
 -1.91521674e-01 -1.93291210e-01 -1.95882536e-01 -1.95981197e-01
 -2.03584765e-01 -2.04371932e-01 -2.05893016e-01 -2.09002913e-01
 -2.12943544e-01 -2.14117063e-01 -2.27044710e-01 -2.31960670e-01
 -2.32988953e-01 -2.33607335e-01 -2.33823114e-01 -2.34896108e-01
 -2.35028009e-01 -2.36022015e-01 -2.36593865e-01 -2.38699791e-01
 -2.60074705e-01 -2.64113897e-01 -2.66565573e-01 -2.69502734e-01
 -2.76533878e-01 -2.77048680e-01 -2.84474625e-01 -2.85448048e-01
 -2.90758153e-01 -2.92442380e-01 -3.01058357e-01 -3.01588804e-01
 -3.07935020e-01 -3.09957310e-01 -3.18764296e-01 -3.21036125e-01
 -3.23418992e-01 -3.32141784e-01 -3.38126649e-01 -3.38660498e-01
 -3.51673007e-01 -3.55092999e-01 -3.57603827e-01 -3.63603181e-01
 -3.69410071e-01 -3.70890883e-01 -3.83774772e-01 -3.93019304e-01
 -3.93475798e-01 -3.94682105e-01 -3.96993823e-01 -3.99824276e-01
 -4.03233833e-01 -4.08964351e-01 -4.15902144e-01 -4.26396436e-01
 -4.31902517e-01 -4.36075641e-01 -4.55589600e-01 -4.61146423e-01
 -4.67583506e-01 -4.79138999e-01 -4.82894318e-01 -4.88528564e-01
 -4.88890188e-01 -4.89336486e-01 -5.04118944e-01 -5.08630867e-01
 -5.10945450e-01 -5.14931781e-01 -5.34106101e-01 -5.34590127e-01
 -5.40543225e-01 -5.40784948e-01 -5.50248197e-01 -5.51477290e-01
 -5.62889376e-01 -5.65092474e-01 -5.72325687e-01 -5.72964931e-01
 -5.73229153e-01 -5.74764840e-01 -5.80371390e-01 -5.95215616e-01
 -6.01124786e-01 -6.09839868e-01 -6.14156528e-01 -6.22020912e-01
 -6.40643250e-01 -6.47385850e-01 -6.51387864e-01 -6.68863695e-01
 -6.69114107e-01 -6.94419659e-01 -7.05910113e-01 -7.06523345e-01
 -7.09122558e-01 -7.16474862e-01 -7.90874262e-01 -8.22187246e-01
 -8.31263741e-01 -8.33878697e-01 -8.45497492e-01 -8.83804427e-01
 -9.29260768e-01 -9.61759093e-01 -1.13078789e+00 -1.13460890e+00
 -1.36815094e+00 -1.41555888e+00 -1.50726828e+00 -1.57176222e+00]