[ 3.35720095e+00  1.84772122e+00  9.10263256e-01 -9.95292676e-01
  5.03495019e-01 -2.92632788e-02 -1.11787541e-01 -1.17269749e+00
 -1.64036053e+00  1.04931416e+00  7.03830287e-01  7.74253426e-02
 -5.24239217e+00  5.96141037e-01 -3.26413863e+00  4.43285282e-01
  6.14459071e+00  3.42503848e-01  5.64096366e-01 -3.96249884e-02
  3.27527170e-01  2.89396344e-01  8.24672401e-01  1.05900794e+00
  7.96112593e-01  2.48816344e+00  4.24168978e+00  1.91752733e+00
 -5.74034748e-01  5.20869881e-01  1.00515393e+00 -1.19025400e+00
 -5.25563886e+00  7.98487712e-01  4.83667210e+00 -1.67033097e-01
 -2.01136610e+00  3.51575765e-01 -3.23750886e+00  9.76840578e-01
 -2.09822387e-01  5.41205873e-01  3.06877102e-01 -4.21290547e-01
  7.06601274e-01  1.57659428e+00  9.39062801e-01  1.04268310e+00
 -3.29067916e-02 -9.44253561e-02 -3.81633064e-01  1.49129059e+00
 -1.13135503e-01  3.81545497e-01  1.64083326e+00  1.42240165e+00
  4.98133837e-01 -2.50010211e+00 -7.15672953e-01  6.68142166e-01
  1.20061497e+00 -1.05173128e-01  1.70992339e-02 -1.18871051e+00
 -6.78908542e-01 -2.39814443e-02  1.33711148e+00 -1.51633017e+00
  8.52511646e-01  1.08707341e+00  6.77206701e-01  1.16443995e+00
 -4.19176635e-01 -2.06506351e+00  8.28024626e-01  2.02924186e-01
  2.06812873e+00  5.14951367e-01  9.06254454e-01 -2.54574638e-01
  3.84687666e+00  9.81644961e-01  4.06122977e-01 -1.04121128e+00
  1.80751361e-01  5.78425443e-01  7.68498417e-01 -3.12090980e-02
  9.89721820e-01 -6.53440013e+00  8.20263358e-01 -1.47735791e-01
  4.81282917e-01  1.05517814e+00  2.13812075e+00 -2.71474502e+00
 -3.12121009e-01  1.17094057e+00  3.56648237e-01  9.16626898e-01
 -3.85160140e+00 -1.44803006e-01  2.72311621e-01  6.55305806e-01
 -6.05234294e-01 -1.79863303e-01  1.19901836e+00  7.61075641e-01
  5.36974290e-01  1.23961681e+00  7.80503033e-02  8.22932332e-02
 -1.90139019e+00  4.67261071e-01 -6.01092378e-01 -8.50887533e-01
  5.48498885e-01 -6.99929495e-01 -9.79403346e-01  7.59038368e-01
  6.99556021e-01  1.96858054e+00 -8.56287419e-02  4.32556575e-01
 -2.65789983e+00  1.12375709e+01 -9.61486384e-01  1.16117740e+00
 -1.73595221e+00  1.63128100e+00 -3.29123594e+00  6.08854972e-01
  2.05769517e-01  9.26652137e-01  1.57202129e-01  9.19827682e-01
 -2.90014884e+00  4.30475075e-01  9.34328393e+00  2.46757506e-01
 -4.50900657e+00 -5.29392958e-01  1.38495748e+00  8.56617075e-01
  7.93331460e-01  3.31017767e+00  1.23950038e+00  1.53233609e-01
  2.49291286e-01  1.31549142e+00 -1.14778657e+01  8.74735032e-01
 -1.69053130e+00  2.14727133e-01  7.81294597e-01 -4.25936867e+00
  4.93757170e-01  1.42668754e+00  4.31224426e-01  6.95135323e-01
 -8.86091080e-01  6.80928895e-01  6.34004188e+00  6.33367843e-02
  5.56784519e-01  3.13809654e-01  4.09434149e+00 -4.71662580e+00
 -1.18628158e-01 -4.09278379e+00  1.05672742e+00 -1.35554107e-01
  3.64539871e-01 -6.06315107e-01  8.85818771e-01  4.58161315e-01
  8.72271833e-01 -1.26521412e+00  1.80120289e+00  1.49259938e-01
  8.79489259e-01  2.76507444e+00  9.14244881e-01 -1.23323008e+00
  2.54746857e-01  1.01082873e+00 -5.89092644e-02  6.62402137e-01
  8.74096544e-01  2.31482491e+00 -1.03146426e+00  1.38657630e+00
  4.58755179e-01  6.64510239e+00  4.89270131e-02  4.68942381e-01
  3.31449530e-01 -1.51132630e-01  7.47554127e-01  5.40543434e-01
  1.41405976e+00 -1.24428892e-01  8.41899780e-01  1.39278380e+00
  3.08148356e-01 -2.00293758e+00 -1.19516045e+00  1.35434546e+00
  5.99122797e-01  1.95084117e+00 -8.30789146e-01  9.40870408e-01
  1.06359295e+00  1.53784755e+00  3.54192072e-01  1.06940402e+00
  1.86668167e-01  5.32444721e-01  4.90076991e-01  9.55404632e-01
  2.80067517e-02  1.06718869e+00 -3.47882584e+00 -8.03239151e-01
  2.28942806e-01  9.18812432e-01  1.02033002e+00 -2.55163252e+00
 -7.82493477e-03  2.40366947e+00 -6.72912041e-01  9.02012504e-01
  9.30864008e-01  9.35882728e-01 -1.05329582e+00  2.73914628e+00
  1.25199311e-01 -1.79920208e-01  4.19784033e-01 -2.47682758e+00
 -3.45125152e-01 -5.34083467e+00 -4.98737144e-01  5.48911050e-01
  1.06605085e+00  6.96802123e-01 -2.30344150e+00 -1.79622524e+00
 -2.55984280e+00 -1.85788552e+00  8.35101848e-01 -2.16692541e+00
 -1.90862474e-01  7.57420046e+00  1.36893276e-01  8.78497547e-01
  4.33036681e-01  9.40109759e-01 -8.93606305e-01  8.79612702e-01
  1.15663245e+00 -4.88107413e-01  7.05322112e-01 -5.92954286e+00
 -2.68621245e+00 -1.18920014e+00  7.03224669e-01  1.27785475e+00
  7.92517293e-01  4.67872542e-01  6.04262414e-01 -3.76236406e-01
 -2.39620801e+00  5.05689356e-01 -1.34395091e+00 -2.16876675e-01
  5.07664208e-01 -1.14048211e+00 -5.55937242e-01  5.70433543e+00
 -5.68191906e-02  4.06947079e-01  8.45193412e-01  1.21381340e+00
 -1.03422671e+00 -2.67894654e-01  8.58719819e-01  5.97162548e-01
  1.53485503e+00 -9.86465826e-02 -8.89549848e-01  3.88448261e-01
 -2.71934696e+00 -8.58083403e-02  2.84742169e-01 -2.00344811e-02
  9.49720232e-01 -3.06668357e+00  6.84182751e-01  7.89774611e-01
 -8.82324088e-01  1.37254508e+00 -7.73547200e-02 -1.19607183e+00
  7.38127582e-01 -4.89603000e-01 -7.68042858e+00  1.89774466e-01
  9.80607161e-01  1.00477473e+00  9.17966401e-01  9.34956548e-01
 -5.37284778e+00  1.65236263e+00 -4.20273307e-01  1.65307368e+00
  1.10745575e+00  2.31497846e+00  5.57858356e-01 -1.98059945e+00
  5.54725786e-01  8.53222003e-01  6.94044224e-01  4.60765927e-01
  2.93513795e+00  1.63134028e+00  8.96089052e-01  5.31550480e+00
  2.05209226e+00 -4.00983961e-01  5.81919308e-01  3.06471190e+00
 -1.31208679e+00  7.83996040e-02  7.88144108e-01 -1.33303353e+00
 -2.49417426e+00 -3.26306306e-01 -2.43027915e-01 -2.02956305e-01
 -4.73112184e-01  6.03987257e-01  3.17774325e-02  3.58707755e+00
 -4.78093956e-01  1.05807099e-01  3.28707983e+00  2.35998550e-01
  1.88884981e-01 -5.64509402e-01  7.93547890e-01  9.41414866e-01
  2.69342582e+00  7.32185626e-01  6.56846013e-01 -2.23712624e-01
  8.24566565e-01  3.32802334e-02 -3.18861906e+00 -1.86487025e-01
 -1.63120933e+00  9.46767114e-01  1.78483931e+00  3.02061023e-01
  3.16590052e+00 -1.95526491e-01  7.37801250e+00 -6.30029132e-01
 -4.28277004e-01  6.99150314e-01 -4.59973983e-02  3.45557406e-01
  1.28511348e+00  4.49908381e-01 -9.69345139e+00  9.13644450e-01
  7.82945321e-01  5.26810243e-01 -1.74132357e+00 -1.67881445e+00
  6.18477291e-01  1.42132375e+00 -1.10613691e+00  4.74057081e-01
  2.26155416e+00 -3.42405399e+00  7.84853779e-01  1.43227144e-02
  1.51242289e-01  1.32574512e+00  4.24908823e-01  3.91724577e-03
  2.93732126e+01  4.77443138e+00 -4.42980237e-01  8.72917781e-01
  9.07354170e-01  9.90848322e-01  4.17523282e-01 -1.06090113e+00
 -1.89696434e+00  7.55968996e-01 -5.99651718e-01 -1.78325727e+00
  8.62271903e-01 -3.57395441e+00  1.47453502e+00 -2.33247945e+00
  1.25438221e+00 -1.15836287e+00 -1.12624382e+00  2.35121326e+00
  6.90908867e-01 -1.67273271e-01  3.48247950e-01  1.72444487e-01
  3.57983934e-01  9.78998235e-01 -5.97846192e-01 -1.61066889e-01
 -4.28751922e-01 -4.13908606e+00 -7.55426143e+00 -8.42210863e-01
  6.91218392e-01 -1.70905040e+00  1.41341075e+00  4.78336908e+00
  1.23584565e+00  2.32091214e-01 -8.45583222e-01  1.27731945e+00
  3.89968778e+00  1.18373823e+00  9.36082220e-01  2.37113173e-02
  1.47101942e+00 -8.48523836e-01  9.10476138e-01  1.07734280e+00
  5.56967531e-01 -9.25620976e-01  9.29079141e-01  2.62855364e-01
 -2.79544213e+00  9.86862993e-01  8.41761910e-02 -1.93125289e+00
  1.09481398e+00 -2.09180370e-01 -5.75423276e-01  1.44522801e+00
 -4.60939603e+00  6.35959686e-01 -8.71679417e+00  5.17192196e-01
  8.08272064e-01  9.53568279e-01 -3.83478919e-01  9.89177667e-01
  2.80230685e+00 -3.25901273e-02  1.38838748e+00  8.82895804e-01
  3.13492129e-01  1.05227367e+00 -4.32269744e+00  2.31837128e+00
 -2.29825366e+00  7.30190316e-01 -5.45607248e-01 -9.94234607e-01
  5.08485262e-02  6.26826920e-01 -2.72117875e+00  2.68728030e+00
  2.94000491e-01  9.03038779e-01  9.88942963e-01  2.19199675e+00
 -4.09102589e-02  2.73186341e+00 -6.56369986e-03  5.14099058e+00
 -3.70832442e+00  9.53960535e-01  7.96909920e-01 -4.93604857e-01
  1.53033975e+00  1.32202282e+00  2.13134864e-01  8.94448670e-01
 -8.94672810e-03  1.07044144e+00  1.25663236e+01  3.35410501e-01
 -2.48818610e+00  1.87077580e+00  5.38878771e-01  2.37488509e+00
 -3.32564898e-01  5.67887818e-01  4.10205322e+00 -1.79916876e-01
  6.37497904e-01  1.27746141e+00  3.52715088e+00  3.54853137e+00
  8.72784469e-01 -3.67538855e+00  7.88243833e-01 -1.49216877e+00
 -1.78739048e+00 -4.08287781e-01  1.10869458e+00  6.44857956e-01
 -2.90254616e-01 -6.87058859e+00  1.22905212e+00 -6.91249401e-01
  1.16841239e+00 -1.56995636e+00  6.92825047e-01  5.58990067e-02
  6.73152112e-02  1.76346438e+00  6.67119994e+00  4.53689781e-01
 -7.95243300e-01  9.33114034e-01  6.94791614e-01  8.82182529e-02
  6.34193591e-01  4.28152220e-01  2.23102510e-01 -2.12594704e+00
  5.85747826e+00  1.18850387e+00  9.50003279e-01  1.32325388e-02
 -6.31581373e-01  4.52601763e+00 -2.01448154e+00  8.99295132e-01
 -5.63212703e-01  9.33116979e-01  9.99313211e-01  7.79538054e-01
  7.63831532e-01 -9.16624653e+00  2.63540945e-01 -7.33288298e-01
 -3.51335588e+00 -7.28974206e-01  7.73082002e-01  3.46072518e-01
 -2.56833035e+00  3.93046255e-01  1.17328435e+00 -2.20009374e-01
  9.58446740e-01  3.04282059e+00 -3.51432195e+00  2.63193047e+00
  7.25575928e-01 -5.25441673e-01 -1.10570028e+00 -5.14009371e+00
 -1.84865712e+00  7.68703966e-01  4.87094858e-01 -1.35190263e-01
  6.73834381e-01  5.72173847e-01 -2.67127155e+00  1.02917726e+00
  8.13067123e-01 -4.34265047e-01  1.18498486e+00  1.49859618e+00
  1.03702543e-01 -8.93744036e-02 -4.86648345e-01 -2.98403453e+00
 -1.64642695e+00  1.25412616e+00 -2.68873952e+00  3.53993135e-01
  6.03001613e-01  1.04370131e+00 -5.66151160e-01 -5.02360308e-01
  9.13407598e-01  2.51769986e+00  5.71825666e-02  6.88174517e-01
  3.48676280e-01  1.11420534e+00 -1.21904276e+00  8.72939384e-01
  7.18109414e-01  2.53189799e-01  1.38113382e+00  3.04438721e-01
 -3.05589189e-02  5.79468937e-01  2.94562576e+00  2.20106914e+00
 -2.59347938e+00  9.62930702e-01 -4.10864660e-01  9.99325606e-01
 -5.38327567e-01  9.10916406e-01 -7.24178248e+00  7.48612238e-01
 -2.16499161e+00  5.01094386e-01  6.72326499e-01  8.57777163e-01
 -1.56949155e+00  1.25101397e+00  8.96607303e-01  5.92637750e+00
  7.31863098e-01 -3.59737360e-01  3.35913331e+00  2.88595998e+00
  4.29782338e+00 -3.29793684e-01  3.41091724e-01 -5.52230517e-01
  1.95707871e+00  6.33902552e-01  7.20302339e-01  9.67313528e-01
 -4.00068186e-01  5.69474836e-01 -2.66763531e+00  6.31161549e+00
 -2.41445622e+00 -1.18254281e+00 -1.58210463e+00  8.56826781e-01
 -3.56859164e+00 -2.10092675e+00 -5.30896831e-01  6.58578305e-01
 -4.08348117e-01  6.02186880e-01  8.40676282e-01  2.63888323e+00
  9.56533674e-03  7.48390624e-01  4.44146619e-01 -4.73823756e+00
 -3.18704000e+00 -8.67770307e-01 -2.35087850e-01  3.68765066e-01
  3.73756320e-01 -3.48274945e-01  8.48580758e-01 -8.98053222e-01
  1.03206429e+00 -9.88086812e-01 -3.19005490e+00 -1.59236875e+00
  1.68201401e+00 -8.10968879e-01  1.06072592e+00  8.68937593e-01
  1.50095050e-01 -3.28645574e+00  5.44915264e-01  5.96983758e-01
  1.00215099e+00  1.02725118e+00 -2.10259436e-01  8.17149821e-01
  3.34139429e-02  2.94601628e-01  4.63853600e-01  9.30368342e-01
 -9.31876330e-01  8.29464106e-01 -1.01586484e+00 -1.54348625e-01
 -2.73522077e-01  1.58139425e-02 -1.80768258e+00  1.05995098e+00
 -4.63137800e+00 -1.34036489e+00  1.13464198e+00  6.46154622e-01
  4.87595223e-01 -2.13759777e+00  2.07262915e-01 -1.25225385e+00
  3.87994620e+00  2.75351045e-01  1.07390098e+00  3.41465657e-01
  1.04182738e+00  2.77400940e-01 -3.65684211e+00  2.73303643e-01
  4.91778346e-01  1.06217893e+00  7.81566924e-01  7.63572675e-01
  2.16591601e+00  1.75184130e-01  1.68910984e+00  1.14573887e-01
  3.68500547e+00  1.06583127e+00  4.04514945e+00  5.69437543e-01
  6.60146115e-01  2.90079989e-01 -1.31444386e+00 -3.59229335e-02
  8.30390010e+00 -2.67848878e+00  5.64330118e-01  2.46055088e+00
  1.81398080e+00  1.22481156e+00 -1.60318760e+00 -9.42845568e-01
  2.74085031e+00  7.75021406e-01  2.81020632e+00  3.45137964e-01
  2.40727296e+01 -6.32743151e-01 -6.74407591e-01  8.34201965e-02
 -5.18728253e+00  2.78648144e-01  2.59633312e+00  4.17299910e-01
  6.78955183e-01  1.10903756e+00  7.51801611e-01  1.07469517e+00
  7.19444831e-01 -3.37764223e-01  1.62894592e+00  7.88597563e-01
 -1.49464884e-01  7.10477348e-01  7.92251219e-01 -7.46148938e-01
  1.03515040e+00  1.41641342e+00 -1.93425852e+00  7.43107036e-01
  5.19258946e-01  5.52717049e-01  1.40163836e+00  1.68603404e-01
 -1.46430564e+00  1.50915703e+00  3.57984246e-01 -9.82800837e-01
  4.49993920e-01  3.55033989e-01 -7.71429899e-01  1.18669896e+00
  3.67286105e-01  1.99250556e+00  9.82385819e-01  1.26998528e+00
 -2.93199346e-01  2.88579380e+01  3.16776994e-01  2.04366273e-01
  3.14662290e-01  8.86290042e-01  3.99110167e-01  2.89000681e-01
  3.62351670e-01 -6.74972429e-01  7.70170365e-01  3.44119984e-01
  2.11924584e+00  1.44078278e+00 -5.67318844e+00  1.11694507e+00
 -3.44264719e-01  2.14268178e+00  7.99064704e-01  8.39423138e-01
  5.51029720e+00  5.61855996e-01  3.92392319e-01  2.30682748e-01
  8.29570724e-01 -6.88519585e-01  2.25570872e-01  6.62081145e-01
  3.73781057e-01 -3.17202593e+00  1.02202162e+00  8.97219760e-01
  9.49328372e-01  3.37025006e-01  2.17194274e+00  7.05178318e-01
  5.25511121e-01  1.01319471e+00  2.08287237e+00  1.78567843e-01
 -1.82522440e+00 -3.43591919e+00  1.07896498e+00  4.66857480e-01
  3.84328767e-01  1.02454114e+00  1.14823283e-02 -3.59859681e-01
  9.71247286e-01  7.58119705e-01 -1.86897672e+00 -1.08155995e-01
  4.33146734e-01  2.01672801e-03  1.52065070e-01  5.92395171e-01
 -1.43109385e+00 -1.17373869e+00  2.29893641e-01  4.02431420e-01
  6.67015401e+00 -1.33843300e-01 -1.86474403e+00 -1.64304059e+00
  5.45645999e-01  8.40115474e-01  8.18698403e-01  8.76867609e-01
  8.98114968e-01  6.50465716e-01  5.05730864e-01  5.92122378e+00
 -2.88724130e+00  7.90671989e-01 -6.87648910e-01  1.05602356e+00
  6.46807460e+00  9.02468030e-01  1.04095295e+00  6.94889674e-01
  9.16653701e-02  1.25897837e-01 -2.29805593e-02  5.61022906e-01
  4.88094524e-01 -5.87095877e+00 -2.97455795e+00  1.42716232e-01
  8.42099654e+00  2.53917826e+00 -4.83142374e-01 -4.89767163e-01
  1.12669297e+00  3.11573015e+00  1.09626524e+01 -3.52813882e-01
 -2.24871434e+00 -6.61868911e-01 -1.42614485e+00 -1.42454516e-01
 -1.47969849e+00 -9.26278372e+00 -6.93112747e+00 -2.64777350e-01
  2.62782537e+00  1.21806132e+00  1.47627318e-01  1.00392140e+00
  6.04255140e-01 -9.31253242e-01 -3.39603411e+00  1.37808380e+00
 -1.94142243e-01 -1.58849269e-01 -3.04408730e+00  8.93339719e-01
  1.49437140e-01  6.09973455e+00  3.69905759e-01  1.44332768e+00
 -5.73149532e-01  5.71448043e-01  1.66043338e+00  1.04297404e-01
  1.78687019e+00  9.10913120e-01  6.55370507e-01 -1.03733113e-01
  9.30472444e-01  5.43064387e-01 -2.17560575e+00  4.81221210e-01
  1.49619787e+00  8.22927205e-01 -5.34551613e+00 -1.36286845e-01
  6.59742858e-01  4.05506216e-01  1.08104656e+00  6.41059603e-01
  6.36915674e-01  9.24818466e-01 -1.70368637e+00 -5.53092729e+00
 -3.06148860e+00  1.20711940e+00 -2.66902778e-02 -6.36131232e-01
  5.93409648e-01  2.84451175e+00 -5.32526436e-01  1.93451499e+00
 -6.00694527e-01  6.56506912e-01 -1.70805271e+00  9.30850082e-02
 -3.86314733e-01  2.45778059e+00  5.48206832e-01  7.47453420e-01
  4.11403769e-01  8.33103776e-01  9.22456277e-01 -4.35216639e-01
  5.63087701e-01  1.19574460e-01 -1.74076810e+00  7.60111311e-01
  4.43265378e-01 -4.13714289e-01  3.15629078e-01  3.73905150e-01
  5.32144832e-01  8.75136553e-01  3.66161627e-01  1.33380035e+01
 -1.66197959e+00  1.11930446e-01  8.44581700e-01  1.30623258e+00
  1.41134291e+00  2.57674562e-02 -4.57809317e-01  8.50621558e-01
  9.81999906e-01 -2.37096335e-01  6.86384983e-01  2.57930412e-01
  6.39927952e-01  5.29397130e-01 -1.84475281e+00  7.90370648e-01
  1.69878804e+00  9.86136267e-01  6.10817301e-01 -1.55243047e+00
  9.41701802e-02 -1.21359042e+00 -4.34997803e-01 -1.98621194e+00
 -3.46457714e-01  6.04002645e-01  6.40134598e-01  2.29824615e-01
 -3.42549988e+00  2.15741602e+00  9.42069907e-01  1.09891959e-01
  4.51027863e+00  6.87376074e-01  9.06130012e-02  1.54113452e+00
  1.89383852e+00 -2.24825851e+00  3.35039375e-01  4.20182514e+00
  7.20591046e-01 -4.13943169e-01 -2.80455721e-01  3.85816394e+00
  9.87796377e-01  4.70920967e-01  1.19506467e+00  3.57391749e-01]