[-2.04371932e-01  1.05071229e+00  9.55542276e-01  5.52046426e-01
  5.22083870e-01  2.94142342e-01  1.50909924e-01  4.32895129e-01
  1.86045502e-01  5.22481099e-01  9.59024834e-01  1.35022397e-01
 -4.43849872e-01  9.78804986e-01 -1.19881931e-01  8.59681665e-01
  2.91298098e-01  4.24039062e-01  1.95981872e-01  2.29841279e-01
  3.24960299e-01  2.30581551e-01  1.60908067e+00  7.96894126e-01
  1.39495693e+00  1.03202154e+00  4.34340908e-01  4.54126692e-02
  6.50797811e-01  2.18762588e-02  7.30992384e-01 -1.57176222e+00
  1.12803215e-01  8.38262356e-01  8.41784802e-02 -6.01124786e-01
  6.82029885e-02 -3.51937999e-02 -6.44558394e-02  5.84660395e-01
  2.46436840e-01  3.25443279e-01  4.40899590e-01  1.81708778e-01
  1.55704789e-01  9.58505501e-01  4.88631697e-01  8.02676783e-01
  6.84081934e-01 -2.35028009e-01 -1.48895324e-01  6.86814393e-01
  1.53649289e-01  2.98940944e-01 -2.92442380e-01  1.18397339e-02
  1.00330226e+00 -3.18764296e-01  3.19100999e-01  3.91512491e-01
 -3.51261823e-02  9.49547306e-01  3.97150169e-01 -1.76435868e-01
  3.77340002e-01 -4.82894318e-01  5.09456089e-01  3.84552950e-01
  3.98576678e-01  1.25138552e+00  8.15382491e-01  2.57301980e-01
  5.43816219e-01 -5.95215616e-01  6.71442350e-01  3.99941775e-01
 -1.79427916e-01  8.40725594e-01  1.06083993e+00  6.30372937e-01
 -1.47321413e-01  9.10854047e-01  5.25540803e-01 -1.08266477e-01
 -5.14931781e-01  8.56886319e-01  1.23368388e+00  1.39998082e-01
  1.08339467e+00  1.48866839e-03  6.04904305e-01  5.36934532e-01
 -2.28404502e-01  1.23480258e+00  8.26481524e-01  1.29911304e-01
 -5.08630867e-01  9.61440222e-01  5.50548497e-01  1.26253479e+00
 -5.51097934e-01  3.72036997e-01 -2.89368587e-01  4.87097945e-01
  4.61325868e-03  1.00274314e+00 -4.08964351e-01  4.53765575e-01
  9.18735131e-01  2.58886686e-01 -5.11714006e-02  5.53256471e-01
 -2.36844227e-02  4.44572004e-01 -3.38126649e-01  7.74621862e-01
  1.14969828e+00 -7.47427848e-01  1.31145939e-01  3.05419505e-01
  8.30401025e-01  7.33420707e-01  7.15970124e-01  4.73477588e-01
 -6.18922079e-01 -1.14285230e+00  3.96025139e-01  8.88250218e-01
  2.01787199e-01  1.14662312e+00 -8.31263741e-01  7.98747306e-01
 -3.57551940e-01  1.13932408e+00 -5.10945450e-01  8.45964910e-01
 -1.40595832e+00 -2.09002913e-01 -2.78353214e-01  8.64487262e-01
 -1.42011461e-02 -5.06421253e-02  7.47880918e-01  4.02615421e-01
  1.06056979e+00  7.76325550e-01  1.63186453e+00  1.31610952e-01
  2.98883358e-01  1.24218099e+00 -5.73229153e-01  1.21867920e+00
 -3.61785764e-01  1.23985620e+00  7.00302231e-01 -3.93475798e-01
  7.82343718e-01  2.93395917e-02  6.73493189e-01  3.79147977e-01
 -4.88528564e-01  5.91494965e-02 -9.22117176e-02  1.96975385e-03
 -3.07288430e-01  7.27568714e-01 -4.03233833e-01 -5.22679532e-01
  5.42479017e-01  2.76368993e-01  1.71916911e-01  4.87702643e-01
  2.46862328e-01  7.62316754e-01  8.43540844e-01  1.11363149e+00
  8.87225166e-01 -1.32619401e-01  1.41048860e+00  1.31676546e-01
  1.27283062e+00 -3.49837845e-01  7.14823248e-01  5.26429202e-02
  2.19901456e-01  1.02241102e+00  1.17576202e+00  2.92373401e-01
  1.13032076e+00  1.10224140e+00  2.04995566e-01  4.12596769e-01
  6.54540442e-01  6.25636069e-01  6.25331931e-01  1.54439612e+00
  6.77729398e-01  2.68240160e-01  7.26058935e-01  5.31228716e-01
  4.44010262e-01  8.13872813e-01  3.43537541e-01  4.44414311e-01
  1.51505093e+00 -5.71749814e-01 -3.07935020e-01  8.11717192e-01
  7.18969702e-01  2.13864953e-01 -1.82326693e-01  4.47057100e-01
  1.18856293e+00  9.20901147e-01 -2.85448048e-01 -7.16474862e-01
 -2.15634333e-01  1.13310579e+00  4.09639435e-01  6.74352188e-01
 -7.09122558e-01  6.80770054e-01 -2.52157132e-01 -9.75130051e-02
  1.89780738e-01  5.87252470e-01  5.74033069e-01 -3.25901848e-01
  8.93709820e-02 -5.65340907e-02 -9.69471893e-01  1.48049860e+00
  4.70157251e-01  8.00079904e-01 -4.41838173e-01 -6.48285082e-02
 -3.87336212e-01  8.01150434e-01  1.06327359e+00 -9.61759093e-01
  4.06777621e-01 -1.11253195e+00 -1.11211751e+00  8.16789878e-01
 -6.40643250e-01  1.25433089e+00 -6.51387864e-01 -1.03756542e-01
 -2.79407196e-01 -1.25812466e+00  7.43304285e-01  4.09123132e-01
  1.40218784e+00 -3.38660498e-01  5.04883534e-01  4.75791510e-01
  8.84748715e-01  8.48785642e-01  9.87117003e-01  1.08189313e+00
  1.04863456e+00 -3.09957310e-01  8.52772057e-01  3.98253551e-01
  6.79368599e-02 -2.32537108e-01  8.57574671e-01  6.37704237e-01
  8.82614448e-01 -2.12943544e-01  5.03169460e-01 -3.08876013e-01
  3.00323650e-01  1.18306230e+00 -1.11534916e+00  4.33290562e-02
  3.74895452e-01 -3.55092999e-01  4.51552932e-01  8.33327534e-01
 -5.40784948e-01  9.00734682e-02  1.15287062e+00  1.09013424e+00
 -2.84474625e-01 -8.10151567e-02  1.16509277e+00  6.27840177e-01
  8.30148679e-02  1.46172010e-03 -1.49160618e-01  4.46197658e-01
 -8.79135811e-03  7.71504966e-01  6.34471179e-01  5.45429006e-01
  1.41590816e-01 -2.81754976e-01  1.10160234e+00  7.32212227e-01
 -7.25578006e-01  1.00797902e+00 -3.70890883e-01 -3.94682105e-01
  1.00836727e+00 -2.36022015e-01 -4.89336486e-01  4.41469186e-01
  8.64654871e-01 -5.08467319e-02  1.06966295e+00 -1.15688613e-01
 -6.92592657e-01  9.14953425e-01 -3.01588804e-01  1.00893732e+00
  8.50605503e-01 -1.35177705e-01  6.06665830e-01 -4.31902517e-01
  4.06195275e-01  5.52308487e-01 -4.55589600e-01  8.53920073e-01
  2.33870150e-01  1.49339613e+00  1.25808430e+00 -6.22456629e-02
  8.30346782e-01  7.31722185e-01  8.12541964e-01  1.30486345e+00
 -2.61476434e-01  2.27223703e-01  2.63003225e-01  2.60069792e-01
 -1.09044040e+00  4.93317793e-01  1.45167274e-01 -3.23418992e-01
 -3.33262779e-01  1.28233876e+00  8.16372211e-01  1.21692161e+00
  3.51182840e-01  6.62033546e-01  1.80085161e-01  5.04788441e-01
  6.42777454e-01  8.95665363e-02  7.11019891e-01  8.74933135e-01
 -2.70126977e-02  4.54367229e-01  3.90536432e-01  2.72629408e-01
  1.01890510e+00 -6.09839868e-01 -1.95981197e-01  1.17108261e+00
 -8.88017411e-02  1.42649062e+00 -5.78177013e-02  6.97457238e-01
  7.52174700e-01 -5.58846186e-01  3.17947343e-01 -5.62889376e-01
 -9.07098623e-02  1.49394604e-01  8.76004767e-01  5.09446993e-01
  9.35057198e-01  8.73213070e-01 -1.49188316e+00  1.11025697e-01
  1.57372327e-02  1.30520111e-01  1.79135093e-01 -3.51673007e-01
  6.94555369e-01 -1.91521674e-01 -6.47385850e-01  4.95440147e-01
  5.86665965e-01  8.56414816e-02  6.30810841e-01  9.45274589e-01
  3.45340819e-01  1.02800496e+00 -4.67583506e-01 -5.94912622e-02
  1.84328692e-01  2.87502623e-01 -1.63066285e-01  6.82868386e-01
  3.01066736e-01  3.40409559e-01  1.73026792e-01 -4.33225039e-01
  1.91258591e-01  3.11887623e-02  7.74482073e-01 -6.41235375e-02
  1.18295706e+00 -1.50710741e-01  6.71857520e-01 -1.13460890e+00
 -6.40977484e-02  4.31279130e-01  1.18166160e-01  6.76431345e-01
  8.60672226e-01 -5.34590127e-01 -7.06523345e-01  2.19306156e-01
  4.31283302e-01  1.29960965e+00 -8.44727695e-02  1.21770250e+00
  5.88322034e-01 -4.36075641e-01 -1.41555888e+00  3.17779791e-01
  1.36846042e+00 -9.15456335e-01  8.41326793e-01 -5.80371390e-01
  1.55702132e+00  4.59175607e-01  1.56861640e-02  1.93779408e-01
 -6.73802192e-02  5.26612130e-01  7.11340956e-02  4.31487920e-01
 -1.65209085e-01 -3.04379339e-01  9.06493373e-01  1.06301870e+00
 -1.43190791e-01  4.50874232e-01  7.97959486e-01  3.89392901e-01
 -6.94419659e-01  1.41792774e+00 -7.38005905e-01 -2.46875680e-01
 -6.68863695e-01  3.04777174e-01  2.76503924e-01  1.03439920e+00
 -6.69114107e-01  5.78558468e-01 -8.83804427e-01  4.16752761e-01
  4.45789320e-02  1.43591674e+00  1.80137708e-01 -3.16074191e-01
  1.17620990e+00  9.68749025e-01 -2.69502734e-01  5.69908374e-01
  8.35298078e-01  6.69005606e-01 -6.22020912e-01  4.63290196e-01
 -5.59946397e-02  9.63801385e-01  1.19046631e-01  5.02123720e-01
  6.73320044e-01  9.70683334e-01 -9.53342420e-01  4.52342815e-01
  1.22312450e+00  4.01989487e-01  4.47976314e-01  1.01293997e+00
  8.25173855e-01  6.56334553e-01  5.10359789e-01  4.90670574e-02
 -8.84037253e-01  1.00321852e+00  4.64947651e-01 -6.14156528e-01
 -3.81339931e-02 -2.05893016e-01  6.88073572e-01  7.24036622e-01
  4.04304087e-01  4.12907240e-01  2.75062713e-02 -4.90499234e-01
  1.03924017e+00  8.95995570e-03  1.44228026e-01  6.17497780e-01
  3.85857987e-01  4.95544595e-01  6.26854334e-01 -1.97801838e-01
  1.71790248e-01 -7.05910113e-01  1.14522640e+00  4.15279783e-01
  1.09356669e+00 -1.17459666e-02  9.79205802e-01 -4.44300574e-01
  6.45087912e-02 -5.50248197e-01  2.29378263e-01  1.00601791e+00
  1.03501626e-01 -9.51599171e-01  6.09169700e-01  5.27645748e-01
  9.30273899e-01 -3.63603181e-01  1.29104114e+00  1.35302262e-01
  7.97529681e-01  5.46341505e-01  2.20441584e-01  8.81668882e-01
 -3.96993823e-01  1.18627775e+00  2.11778906e-01  2.15613354e-01
  4.40198613e-01  4.09891384e-01 -1.18526372e-01 -2.03584765e-01
  6.62788917e-01  1.23056130e+00  1.35059464e+00  3.88312570e-01
 -5.35381847e-01 -8.30954942e-01 -5.74764840e-01  7.35975237e-01
  1.77353303e-01  8.28746100e-01  1.32366772e+00  5.66424180e-01
  5.76998581e-02 -8.45497492e-01  9.43853457e-01 -3.14408639e-01
 -3.93019304e-01 -4.15902144e-01  6.37397771e-01 -8.33631196e-03
 -5.66733031e-01  5.42926825e-01  2.41087437e-01  6.38004583e-01
 -5.32536824e-01  8.57418079e-02 -5.04118944e-01  4.13939766e-01
  1.29830045e-01 -7.39974929e-01  3.29674028e-01 -1.50726828e+00
  1.27345631e-02  4.24401726e-01  2.70340603e-01  2.10829794e-01
 -1.22921353e-01  7.34244705e-01  1.64638615e-02  6.95943666e-01
  1.22067912e+00  4.38944029e-01  1.12487895e+00  1.38904091e+00
  6.35506493e-01  4.30112251e-01  6.61794077e-01 -8.22187246e-01
 -2.77048680e-01  7.93247602e-01 -7.16021760e-01  9.09029031e-01
  3.43041768e-01  9.73977730e-01  4.52634225e-01 -2.60074705e-01
  1.18956614e+00 -3.59890709e-02  8.54368489e-02  3.72613536e-01
  4.72398608e-01  9.04452876e-01  1.91170930e-01  7.71686639e-01
  1.25939464e+00  5.12220372e-01  7.79307761e-01  2.07781169e-01
 -6.86134377e-02  7.41957637e-01 -4.39707259e-01  9.36632265e-01
  2.75109893e-01  6.81440976e-01  9.42284793e-02  8.24327586e-01
  7.45917808e-01  6.14288917e-02 -4.90854967e-01  4.11502526e-01
  3.73163618e-01  3.50723861e-01  1.26968695e+00  1.11312998e+00
 -2.38699791e-01  7.77137703e-01  2.11550038e-03  2.24891245e-01
  3.16740886e-01  2.60807071e-01  1.10782741e+00 -4.79138999e-01
 -4.50684318e-01  8.66312584e-01  1.13738908e+00 -1.15438301e-02
 -7.90874262e-01  3.92508885e-01  1.60892940e-01 -1.36125731e-01
 -4.88890188e-01  1.07271533e+00 -1.45792072e-01  2.29654376e-01
  5.65055504e-02 -1.60553655e-02 -1.62520955e-01  4.41534429e-01
 -1.58286783e-01 -2.14117063e-01  4.21441325e-01  3.71144447e-01
 -2.34896108e-01 -8.36259021e-02  7.39038720e-01  6.24037517e-02
  5.77453039e-01  6.36250346e-01  3.76968490e-01 -1.49539442e+00
 -1.60918336e-01  4.82747359e-01 -5.51477290e-01  1.18167136e+00
  8.64521459e-02  2.67161247e-01  1.40742880e+00 -5.72964931e-01
  7.59607755e-01  7.31144412e-01  1.37008179e-02 -2.66565573e-01
  6.63380838e-01  1.29070626e-01  7.21587973e-01  4.72105068e-01
 -3.83774772e-01  3.14474600e-02  1.12802431e+00  1.23642798e-02
  1.00444092e+00  7.56800039e-01  3.78082176e-01  5.68832058e-01
  4.77760864e-01  6.15236626e-02 -2.31960670e-01  1.04770564e+00
 -4.22051101e-01  1.22205675e+00  1.40152099e+00 -3.99824276e-01
 -1.88620456e-01 -1.90526338e-01  1.42221808e-01  5.95976172e-01
  2.68184621e-01  1.56277431e-01  1.08131763e+00  5.87007404e-01
  2.11214736e-01  3.41123456e-01  7.07485622e-01 -7.46612318e-03
  6.85623559e-01  4.41930736e-01  1.38984964e+00  5.63764421e-01
  7.87572039e-01  2.21615285e-01 -7.77519954e-01 -2.27044710e-01
  4.63013497e-01  7.63961772e-01  6.24584298e-01  1.03074008e+00
  5.21269335e-01  2.76114487e-01  1.21275405e+00  4.48635882e-01
  2.73600289e-01  7.68208502e-01  1.22956574e+00  9.14893669e-01
  6.08069221e-02  4.61495335e-01 -3.95110041e-01 -1.21295728e-01
 -2.24484388e-01 -9.29260768e-01 -5.65092474e-01  1.57092372e-01
 -2.33607335e-01  1.90652569e-01  4.87258851e-01  3.75970271e-01
  1.12605154e+00 -3.86487832e-01  5.95059365e-01 -5.71971107e-02
  9.74270538e-01 -3.57603827e-01 -5.40543225e-01  4.04665837e-01
 -1.04454729e+00  9.95290625e-01  1.07495377e+00  5.79219504e-01
  2.73199656e-01  1.52662989e+00 -2.36593865e-01  7.67120321e-02
  6.40757453e-01  2.83015517e-02  6.54567923e-01  3.98795435e-01
  1.41713627e-01  8.22298722e-01  6.71831071e-01  3.65000784e-01
  1.43529916e+00  7.90021114e-01 -2.41060180e-01  3.15219969e-01
 -3.21036125e-01  1.02044506e+00  8.56082072e-01  8.80107343e-01
 -4.04608678e-02  3.13903349e-01 -1.24609325e+00 -8.00621846e-02
 -1.08001118e-02  1.33034664e+00 -5.34106101e-01  1.19178534e+00
  3.90217375e-01  6.47266652e-01  3.14741413e-02  1.30959026e+00
 -4.70143305e-01  1.00417207e+00  5.97397624e-01  8.02555703e-01
  3.45371217e-01 -1.35762860e-01  3.32951618e-01  2.43027025e-01
  9.58770795e-01  3.44129738e-01  9.13698891e-01 -5.42334013e-01
  4.85266694e-01  8.76434417e-01  5.05347959e-02  1.46038507e+00
  1.02435214e+00  1.19813862e+00  1.26483587e+00  4.01451343e-01
  9.84052142e-01  7.24372386e-01 -2.33823114e-01 -2.90758153e-01
  1.27392793e+00 -1.58332719e-01  1.31778594e-01  2.25838583e-01
  6.33469736e-01  2.95070667e-01  1.09843587e+00  6.75088443e-01
  3.16867336e-01  8.49258748e-02  4.38586649e-01  3.62714945e-01
  3.37882408e-01  4.45805292e-01  3.28164218e-01  4.89495912e-01
 -1.55507720e-01 -1.36815094e+00  8.70358829e-01  8.73325627e-01
  1.01175633e+00  5.59859374e-01  4.62076623e-01 -7.24087020e-01
  1.18394050e+00  1.00599878e+00 -3.81331735e-01  2.65172875e-01
  7.04052481e-01  1.44212240e+00  6.02178423e-02  7.50308062e-01
  4.25313314e-01  3.50214182e-01  9.46872153e-01  3.24372311e-01
  1.94453172e-01  9.52067086e-01  1.55676461e-01  6.88031026e-02
  5.07661781e-01  4.67687079e-01  6.62539468e-01  3.28067577e-01
  2.97911218e-01  9.81621109e-01 -1.12898875e-01  7.57177735e-02
  1.07764861e+00  5.90409810e-01 -5.06983475e-02  1.32130005e+00
  5.80307935e-01  1.19905488e+00  9.72327423e-01  6.81800419e-01
  7.44784714e-01  9.78474571e-01  6.47840554e-01  3.62374039e-01
  5.52590371e-01 -9.31879555e-01 -1.27320823e-01 -9.54020163e-02
 -2.93131640e-03 -2.32988953e-01  5.10777312e-01 -5.35290982e-03
  9.34743627e-01  4.53566713e-01  6.22991326e-01  3.78159579e-01
  1.13203274e-01 -5.72705909e-01 -4.61146423e-01  8.88347578e-01
  3.70779093e-02 -3.01058357e-01 -1.13078789e+00  1.14426937e-01
  1.08671579e+00  7.15514145e-02  1.04517449e+00  3.03574436e-01
  7.76584146e-01 -7.34172742e-02  3.96128869e-02 -8.00625011e-02
 -1.88143236e-02  2.04742559e-01 -1.26295994e-01  1.09792507e+00
 -5.72325687e-01 -8.33878697e-01  6.44492627e-01  1.25903649e+00
  2.09180493e-01  3.95642888e-01 -1.41168687e-01  5.93753767e-01
  4.79373816e-01  1.02016459e+00  6.62684415e-01 -8.40854177e-01
  6.93149892e-01  1.04625965e+00  2.18780905e-01 -2.64113897e-01
  1.01596534e+00  3.39091381e-01 -5.44228327e-01  4.28382547e-01
  5.41660115e-01  4.75131513e-01  1.41639351e+00  1.14676097e+00
  1.12465239e-01  6.60525332e-01  2.27815516e-01 -2.73123170e-01
 -1.62927190e-01  6.15260104e-01  1.08890484e+00 -1.66532253e-01
  4.92772805e-01  4.39720661e-01 -4.02053603e-01 -3.50019902e-01
  6.36998487e-01  4.44758969e-01 -5.12888974e-02  4.16399168e-01
  2.38246756e-01  1.08009508e+00  5.25712280e-01  6.52589739e-01
  6.16112621e-01  2.31708291e-01  1.21838818e+00  1.02758935e-01
  7.83736305e-01 -2.76533878e-01 -5.28361694e-02  1.28427288e+00
 -5.20395371e-01 -3.69410071e-01  5.61884107e-01  3.00363878e-01
  4.73501686e-01  1.17516165e+00  3.64111918e-01  3.81910272e-01
  1.65928094e-01 -1.19184761e-01  3.87231874e-01  5.50843640e-01
  6.84322651e-02 -1.24353135e-01  4.19815103e-01  6.01654770e-02
  1.45344436e+00  5.07780575e-01  4.58340174e-01  6.71524621e-01
  1.92818178e-01  3.22271626e-01 -1.95882536e-01  8.23290062e-01
 -3.32141784e-01 -4.01257417e-01  3.64386550e-01 -7.77615348e-02
  5.64736038e-01 -4.18647886e-01  4.53814638e-01 -6.34922830e-01
  7.50296360e-01  8.27008805e-01  8.71335552e-01  3.28579756e-01
 -7.98082763e-01  5.22840564e-01  9.68984765e-01  1.17392058e-01
  6.75991605e-01  6.80912563e-01 -2.44561819e-02  6.82224327e-01
 -1.93291210e-01 -4.26396436e-01 -2.58416270e-01  1.24167247e+00
  5.53833340e-01  4.25443956e-03  8.99023474e-01  3.26895784e-04
  7.31382444e-01 -2.59947021e-01  1.44568909e+00  6.86521264e-01]