[0.         0.0019685  0.0019685  0.00393701 0.00393701 0.00590551
 0.00590551 0.00984252 0.00984252 0.01377953 0.01377953 0.01574803
 0.01574803 0.01968504 0.01968504 0.02755906 0.02755906 0.0511811
 0.0511811  0.05511811 0.05511811 0.06102362 0.06102362 0.06299213
 0.06299213 0.06889764 0.06889764 0.07283465 0.07283465 0.08858268
 0.08858268 0.09251969 0.09251969 0.1003937  0.1003937  0.10629921
 0.10629921 0.11417323 0.11417323 0.12007874 0.12007874 0.12401575
 0.12401575 0.13582677 0.13582677 0.13779528 0.13779528 0.14173228
 0.14173228 0.14370079 0.14370079 0.14566929 0.14566929 0.15551181
 0.15551181 0.15944882 0.15944882 0.16141732 0.16141732 0.16535433
 0.16535433 0.16732283 0.16732283 0.17519685 0.17519685 0.17716535
 0.17716535 0.17913386 0.17913386 0.18307087 0.18307087 0.18503937
 0.18503937 0.19488189 0.19488189 0.20472441 0.20472441 0.20866142
 0.20866142 0.22047244 0.22047244 0.22440945 0.22440945 0.22637795
 0.22637795 0.22834646 0.22834646 0.23425197 0.23425197 0.24015748
 0.24015748 0.24212598 0.24212598 0.2480315  0.2480315  0.2519685
 0.2519685  0.25393701 0.25393701 0.25590551 0.25590551 0.25787402
 0.25787402 0.26181102 0.26181102 0.26574803 0.26574803 0.28740157
 0.28740157 0.29133858 0.29133858 0.29527559 0.29527559 0.30314961
 0.30314961 0.31102362 0.31102362 0.31299213 0.31299213 0.31496063
 0.31496063 0.31889764 0.31889764 0.32283465 0.32283465 0.32480315
 0.32480315 0.32677165 0.32677165 0.32874016 0.32874016 0.33070866
 0.33070866 0.33464567 0.33464567 0.34055118 0.34055118 0.34251969
 0.34251969 0.34448819 0.34448819 0.34645669 0.34645669 0.3503937
 0.3503937  0.35629921 0.35629921 0.35826772 0.35826772 0.36811024
 0.36811024 0.37007874 0.37007874 0.37401575 0.37401575 0.37598425
 0.37598425 0.37795276 0.37795276 0.38188976 0.38188976 0.38385827
 0.38385827 0.38582677 0.38582677 0.38779528 0.38779528 0.39173228
 0.39173228 0.39566929 0.39566929 0.4015748  0.4015748  0.40551181
 0.40551181 0.40748031 0.40748031 0.41732283 0.41732283 0.43110236
 0.43110236 0.43503937 0.43503937 0.43897638 0.43897638 0.44094488
 0.44094488 0.44291339 0.44291339 0.4488189  0.4488189  0.4507874
 0.4507874  0.45472441 0.45472441 0.45669291 0.45669291 0.45866142
 0.45866142 0.46259843 0.46259843 0.46456693 0.46456693 0.46653543
 0.46653543 0.47047244 0.47047244 0.47440945 0.47440945 0.48031496
 0.48031496 0.48622047 0.48622047 0.49212598 0.49212598 0.49409449
 0.49409449 0.4980315  0.4980315  0.5        0.5        0.5019685
 0.5019685  0.50590551 0.50590551 0.50787402 0.50787402 0.50984252
 0.50984252 0.51377953 0.51377953 0.51574803 0.51574803 0.51771654
 0.51771654 0.52362205 0.52362205 0.52559055 0.52559055 0.53346457
 0.53346457 0.53543307 0.53543307 0.53740157 0.53740157 0.54330709
 0.54330709 0.54527559 0.54527559 0.5511811  0.5511811  0.55511811
 0.55511811 0.55905512 0.55905512 0.56102362 0.56102362 0.56299213
 0.56299213 0.56692913 0.56692913 0.56889764 0.56889764 0.57086614
 0.57086614 0.57283465 0.57283465 0.57480315 0.57480315 0.57874016
 0.57874016 0.58267717 0.58267717 0.58464567 0.58464567 0.58858268
 0.58858268 0.59055118 0.59055118 0.59448819 0.59448819 0.60433071
 0.60433071 0.60826772 0.60826772 0.61023622 0.61023622 0.61417323
 0.61417323 0.61614173 0.61614173 0.61811024 0.61811024 0.62007874
 0.62007874 0.62795276 0.62795276 0.63188976 0.63188976 0.63385827
 0.63385827 0.63582677 0.63582677 0.64370079 0.64370079 0.64566929
 0.64566929 0.6476378  0.6476378  0.65354331 0.65354331 0.65748031
 0.65748031 0.65944882 0.65944882 0.66338583 0.66338583 0.66929134
 0.66929134 0.67125984 0.67125984 0.67519685 0.67519685 0.67716535
 0.67716535 0.67913386 0.67913386 0.68503937 0.68503937 0.68700787
 0.68700787 0.69094488 0.69094488 0.69291339 0.69291339 0.69685039
 0.69685039 0.70275591 0.70275591 0.70472441 0.70472441 0.71062992
 0.71062992 0.71653543 0.71653543 0.71850394 0.71850394 0.72047244
 0.72047244 0.72244094 0.72244094 0.72440945 0.72440945 0.72637795
 0.72637795 0.73228346 0.73228346 0.74015748 0.74015748 0.74212598
 0.74212598 0.74409449 0.74409449 0.74606299 0.74606299 0.7480315
 0.7480315  0.75       0.75       0.7519685  0.7519685  0.75393701
 0.75393701 0.75590551 0.75590551 0.75984252 0.75984252 0.76181102
 0.76181102 0.76377953 0.76377953 0.76574803 0.76574803 0.76771654
 0.76771654 0.76968504 0.76968504 0.77165354 0.77165354 0.77362205
 0.77362205 0.77559055 0.77559055 0.77755906 0.77755906 0.77952756
 0.77952756 0.78543307 0.78543307 0.78740157 0.78740157 0.79133858
 0.79133858 0.7992126  0.7992126  0.80511811 0.80511811 0.80905512
 0.80905512 0.81496063 0.81496063 0.82086614 0.82086614 0.82677165
 0.82677165 0.82874016 0.82874016 0.83070866 0.83070866 0.83464567
 0.83464567 0.84251969 0.84251969 0.84448819 0.84448819 0.84645669
 0.84645669 0.8484252  0.8484252  0.8503937  0.8503937  0.8523622
 0.8523622  0.85433071 0.85433071 0.85629921 0.85629921 0.85826772
 0.85826772 0.86220472 0.86220472 0.86417323 0.86417323 0.86614173
 0.86614173 0.86811024 0.86811024 0.87007874 0.87007874 0.87401575
 0.87401575 0.87598425 0.87598425 0.87795276 0.87795276 0.87992126
 0.87992126 0.88188976 0.88188976 0.88385827 0.88385827 0.88779528
 0.88779528 0.88976378 0.88976378 0.89370079 0.89370079 0.89566929
 0.89566929 0.8976378  0.8976378  0.9015748  0.9015748  0.90354331
 0.90354331 0.90944882 0.90944882 0.91141732 0.91141732 0.91338583
 0.91338583 0.91535433 0.91535433 0.92125984 0.92125984 0.92519685
 0.92519685 0.92716535 0.92716535 0.93110236 0.93110236 0.93307087
 0.93307087 0.93503937 0.93503937 0.93700787 0.93700787 0.93897638
 0.93897638 0.94094488 0.94094488 0.94291339 0.94291339 0.94685039
 0.94685039 0.9488189  0.9488189  0.95275591 0.95275591 0.95472441
 0.95472441 0.95669291 0.95669291 0.95866142 0.95866142 0.96259843
 0.96259843 0.96456693 0.96456693 0.96653543 0.96653543 0.97047244
 0.97047244 0.97244094 0.97244094 0.97637795 0.97637795 0.98031496
 0.98031496 0.98228346 0.98228346 0.98425197 0.98425197 0.99212598
 0.99212598 0.99409449 0.99409449 0.9980315  0.9980315  1.        ]