[0.         0.         0.0019685  0.0019685  0.00590551 0.00590551
 0.01377953 0.01377953 0.02559055 0.02559055 0.02952756 0.02952756
 0.03149606 0.03149606 0.03346457 0.03346457 0.03543307 0.03543307
 0.03937008 0.03937008 0.04527559 0.04527559 0.04724409 0.04724409
 0.0492126  0.0492126  0.0511811  0.0511811  0.05314961 0.05314961
 0.05511811 0.05511811 0.06299213 0.06299213 0.07086614 0.07086614
 0.07283465 0.07283465 0.07480315 0.07480315 0.07677165 0.07677165
 0.07874016 0.07874016 0.08267717 0.08267717 0.08858268 0.08858268
 0.0984252  0.0984252  0.1003937  0.1003937  0.1023622  0.1023622
 0.10433071 0.10433071 0.10629921 0.10629921 0.10826772 0.10826772
 0.11614173 0.11614173 0.13188976 0.13188976 0.13779528 0.13779528
 0.13976378 0.13976378 0.14566929 0.14566929 0.1476378  0.1476378
 0.1496063  0.1496063  0.16338583 0.16338583 0.16535433 0.16535433
 0.16929134 0.16929134 0.17125984 0.17125984 0.17322835 0.17322835
 0.17519685 0.17519685 0.18110236 0.18110236 0.18307087 0.18307087
 0.18503937 0.18503937 0.18700787 0.18700787 0.19488189 0.19488189
 0.20472441 0.20472441 0.20669291 0.20669291 0.20866142 0.20866142
 0.21850394 0.21850394 0.22047244 0.22047244 0.22244094 0.22244094
 0.22440945 0.22440945 0.22834646 0.22834646 0.23228346 0.23228346
 0.23622047 0.23622047 0.23818898 0.23818898 0.25590551 0.25590551
 0.25787402 0.25787402 0.26181102 0.26181102 0.26574803 0.26574803
 0.26771654 0.26771654 0.26968504 0.26968504 0.27362205 0.27362205
 0.27755906 0.27755906 0.28740157 0.28740157 0.28937008 0.28937008
 0.29133858 0.29133858 0.29330709 0.29330709 0.3011811  0.3011811
 0.30314961 0.30314961 0.30511811 0.30511811 0.30708661 0.30708661
 0.30905512 0.30905512 0.31299213 0.31299213 0.31692913 0.31692913
 0.32086614 0.32086614 0.32480315 0.32480315 0.33661417 0.33661417
 0.33858268 0.33858268 0.34055118 0.34055118 0.34251969 0.34251969
 0.34448819 0.34448819 0.3484252  0.3484252  0.3503937  0.3503937
 0.35629921 0.35629921 0.36220472 0.36220472 0.36417323 0.36417323
 0.36614173 0.36614173 0.37204724 0.37204724 0.37598425 0.37598425
 0.37795276 0.37795276 0.37992126 0.37992126 0.39173228 0.39173228
 0.3976378  0.3976378  0.3996063  0.3996063  0.4015748  0.4015748
 0.40354331 0.40354331 0.40551181 0.40551181 0.40748031 0.40748031
 0.40944882 0.40944882 0.41141732 0.41141732 0.41929134 0.41929134
 0.42322835 0.42322835 0.42519685 0.42519685 0.42913386 0.42913386
 0.43110236 0.43110236 0.43503937 0.43503937 0.44094488 0.44094488
 0.45472441 0.45472441 0.45669291 0.45669291 0.45866142 0.45866142
 0.46259843 0.46259843 0.46653543 0.46653543 0.47047244 0.47047244
 0.47637795 0.47637795 0.48228346 0.48228346 0.48425197 0.48425197
 0.49409449 0.49409449 0.49606299 0.49606299 0.4980315  0.4980315
 0.5        0.5        0.50393701 0.50393701 0.51574803 0.51574803
 0.51771654 0.51771654 0.52165354 0.52165354 0.52559055 0.52559055
 0.53149606 0.53149606 0.53543307 0.53543307 0.54330709 0.54330709
 0.5511811  0.5511811  0.55314961 0.55314961 0.55905512 0.55905512
 0.56102362 0.56102362 0.56692913 0.56692913 0.56889764 0.56889764
 0.57480315 0.57480315 0.58070866 0.58070866 0.58267717 0.58267717
 0.58464567 0.58464567 0.58661417 0.58661417 0.58858268 0.58858268
 0.59251969 0.59251969 0.59448819 0.59448819 0.6003937  0.6003937
 0.60629921 0.60629921 0.61023622 0.61023622 0.61220472 0.61220472
 0.61417323 0.61417323 0.62204724 0.62204724 0.62401575 0.62401575
 0.62598425 0.62598425 0.62992126 0.62992126 0.63188976 0.63188976
 0.63779528 0.63779528 0.63976378 0.63976378 0.64173228 0.64173228
 0.6476378  0.6476378  0.6515748  0.6515748  0.65354331 0.65354331
 0.65944882 0.65944882 0.66141732 0.66141732 0.66338583 0.66338583
 0.66535433 0.66535433 0.66929134 0.66929134 0.67125984 0.67125984
 0.67322835 0.67322835 0.67519685 0.67519685 0.67913386 0.67913386
 0.68110236 0.68110236 0.68307087 0.68307087 0.68503937 0.68503937
 0.68700787 0.68700787 0.69488189 0.69488189 0.69685039 0.69685039
 0.6988189  0.6988189  0.70275591 0.70275591 0.70472441 0.70472441
 0.70669291 0.70669291 0.70866142 0.70866142 0.71062992 0.71062992
 0.71653543 0.71653543 0.72440945 0.72440945 0.72834646 0.72834646
 0.73425197 0.73425197 0.73818898 0.73818898 0.74015748 0.74015748
 0.7480315  0.7480315  0.7519685  0.7519685  0.75393701 0.75393701
 0.75590551 0.75590551 0.75787402 0.75787402 0.76771654 0.76771654
 0.77165354 0.77165354 0.78740157 0.78740157 0.78937008 0.78937008
 0.79527559 0.79527559 0.79724409 0.79724409 0.8011811  0.8011811
 0.80314961 0.80314961 0.80511811 0.80511811 0.81692913 0.81692913
 0.82086614 0.82086614 0.82283465 0.82283465 0.82874016 0.82874016
 0.83267717 0.83267717 0.83464567 0.83464567 0.84448819 0.84448819
 0.84645669 0.84645669 0.8484252  0.8484252  0.8523622  0.8523622
 0.85433071 0.85433071 0.85826772 0.85826772 0.86023622 0.86023622
 0.86417323 0.86417323 0.86811024 0.86811024 0.87007874 0.87007874
 0.87204724 0.87204724 0.87401575 0.87401575 0.87598425 0.87598425
 0.88385827 0.88385827 0.88582677 0.88582677 0.88779528 0.88779528
 0.89370079 0.89370079 0.8976378  0.8976378  0.8996063  0.8996063
 0.90748031 0.90748031 0.90944882 0.90944882 0.91141732 0.91141732
 0.91535433 0.91535433 0.91732283 0.91732283 0.91929134 0.91929134
 0.92125984 0.92125984 0.92322835 0.92322835 0.92913386 0.92913386
 0.93110236 0.93110236 0.93307087 0.93307087 0.93503937 0.93503937
 0.93700787 0.93700787 0.94094488 0.94094488 0.94291339 0.94291339
 0.94488189 0.94488189 0.94685039 0.94685039 0.9507874  0.9507874
 0.95866142 0.95866142 0.96259843 0.96259843 0.96850394 0.96850394
 0.97244094 0.97244094 0.97440945 0.97440945 0.97637795 0.97637795
 0.97834646 0.97834646 0.98031496 0.98031496 0.98228346 0.98228346
 0.98425197 0.98425197 0.98622047 0.98622047 0.98818898 0.98818898
 0.99015748 0.99015748 0.99409449 0.99409449 1.         1.        ]