[0.         0.00203252 0.00203252 0.00406504 0.00406504 0.01422764
 0.01422764 0.01626016 0.01626016 0.01829268 0.01829268 0.02439024
 0.02439024 0.02642276 0.02642276 0.02845528 0.02845528 0.03252033
 0.03252033 0.03455285 0.03455285 0.03861789 0.03861789 0.04065041
 0.04065041 0.04471545 0.04471545 0.04674797 0.04674797 0.05081301
 0.05081301 0.05691057 0.05691057 0.05894309 0.05894309 0.06097561
 0.06097561 0.06504065 0.06504065 0.06910569 0.06910569 0.07113821
 0.07113821 0.07317073 0.07317073 0.07723577 0.07723577 0.07926829
 0.07926829 0.08130081 0.08130081 0.08333333 0.08333333 0.08536585
 0.08536585 0.09349593 0.09349593 0.09756098 0.09756098 0.0995935
 0.0995935  0.10569106 0.10569106 0.1097561  0.1097561  0.11382114
 0.11382114 0.11585366 0.11585366 0.12195122 0.12195122 0.13211382
 0.13211382 0.13414634 0.13414634 0.13821138 0.13821138 0.14430894
 0.14430894 0.14837398 0.14837398 0.1504065  0.1504065  0.15243902
 0.15243902 0.15447154 0.15447154 0.15650407 0.15650407 0.15853659
 0.15853659 0.16056911 0.16056911 0.16260163 0.16260163 0.16463415
 0.16463415 0.17073171 0.17073171 0.17276423 0.17276423 0.17682927
 0.17682927 0.18089431 0.18089431 0.18292683 0.18292683 0.18902439
 0.18902439 0.19308943 0.19308943 0.19512195 0.19512195 0.19918699
 0.19918699 0.20121951 0.20121951 0.20528455 0.20528455 0.20731707
 0.20731707 0.21544715 0.21544715 0.22154472 0.22154472 0.22560976
 0.22560976 0.22764228 0.22764228 0.2296748  0.2296748  0.23577236
 0.23577236 0.2398374  0.2398374  0.24593496 0.24593496 0.24796748
 0.24796748 0.25       0.25       0.25203252 0.25203252 0.25813008
 0.25813008 0.2601626  0.2601626  0.26219512 0.26219512 0.26829268
 0.26829268 0.2703252  0.2703252  0.27235772 0.27235772 0.27439024
 0.27439024 0.27845528 0.27845528 0.2804878  0.2804878  0.28252033
 0.28252033 0.28455285 0.28455285 0.28658537 0.28658537 0.29065041
 0.29065041 0.29268293 0.29268293 0.29471545 0.29471545 0.29878049
 0.29878049 0.30081301 0.30081301 0.30894309 0.30894309 0.31097561
 0.31097561 0.31300813 0.31300813 0.31504065 0.31504065 0.31910569
 0.31910569 0.32520325 0.32520325 0.32723577 0.32723577 0.32926829
 0.32926829 0.33130081 0.33130081 0.33536585 0.33536585 0.33739837
 0.33739837 0.33943089 0.33943089 0.34349593 0.34349593 0.34552846
 0.34552846 0.34756098 0.34756098 0.3495935  0.3495935  0.35162602
 0.35162602 0.35569106 0.35569106 0.35772358 0.35772358 0.3597561
 0.3597561  0.36788618 0.36788618 0.37195122 0.37195122 0.37398374
 0.37398374 0.37601626 0.37601626 0.37804878 0.37804878 0.3800813
 0.3800813  0.38211382 0.38211382 0.38414634 0.38414634 0.3902439
 0.3902439  0.39227642 0.39227642 0.39430894 0.39430894 0.39837398
 0.39837398 0.4004065  0.4004065  0.40243902 0.40243902 0.40447154
 0.40447154 0.41056911 0.41056911 0.41463415 0.41463415 0.41666667
 0.41666667 0.42276423 0.42276423 0.42479675 0.42479675 0.42886179
 0.42886179 0.43089431 0.43089431 0.43495935 0.43495935 0.43699187
 0.43699187 0.44105691 0.44105691 0.44512195 0.44512195 0.44715447
 0.44715447 0.45121951 0.45121951 0.45325203 0.45325203 0.45731707
 0.45731707 0.45934959 0.45934959 0.46138211 0.46138211 0.46341463
 0.46341463 0.46544715 0.46544715 0.47154472 0.47154472 0.47560976
 0.47560976 0.47764228 0.47764228 0.4796748  0.4796748  0.48170732
 0.48170732 0.48373984 0.48373984 0.48780488 0.48780488 0.5
 0.5        0.50813008 0.50813008 0.5101626  0.5101626  0.51219512
 0.51219512 0.52439024 0.52439024 0.52845528 0.52845528 0.53252033
 0.53252033 0.53658537 0.53658537 0.54065041 0.54065041 0.54268293
 0.54268293 0.54674797 0.54674797 0.55691057 0.55691057 0.55894309
 0.55894309 0.56097561 0.56097561 0.56707317 0.56707317 0.57113821
 0.57113821 0.57317073 0.57317073 0.57520325 0.57520325 0.58130081
 0.58130081 0.58333333 0.58333333 0.58536585 0.58536585 0.58943089
 0.58943089 0.59349593 0.59349593 0.59552846 0.59552846 0.60365854
 0.60365854 0.60569106 0.60569106 0.6097561  0.6097561  0.61382114
 0.61382114 0.6199187  0.6199187  0.62398374 0.62398374 0.63414634
 0.63414634 0.63617886 0.63617886 0.63821138 0.63821138 0.6402439
 0.6402439  0.64227642 0.64227642 0.64837398 0.64837398 0.6504065
 0.6504065  0.65243902 0.65243902 0.65650407 0.65650407 0.66056911
 0.66056911 0.66260163 0.66260163 0.66666667 0.66666667 0.66869919
 0.66869919 0.67276423 0.67276423 0.67479675 0.67479675 0.67886179
 0.67886179 0.68089431 0.68089431 0.68495935 0.68495935 0.68699187
 0.68699187 0.68902439 0.68902439 0.69105691 0.69105691 0.69308943
 0.69308943 0.69512195 0.69512195 0.69918699 0.69918699 0.70325203
 0.70325203 0.70731707 0.70731707 0.70934959 0.70934959 0.7195122
 0.7195122  0.72154472 0.72154472 0.73577236 0.73577236 0.75
 0.75       0.75406504 0.75406504 0.75813008 0.75813008 0.7804878
 0.7804878  0.78252033 0.78252033 0.78455285 0.78455285 0.78861789
 0.78861789 0.79065041 0.79065041 0.79471545 0.79471545 0.79674797
 0.79674797 0.80487805 0.80487805 0.80691057 0.80691057 0.80894309
 0.80894309 0.81504065 0.81504065 0.81707317 0.81707317 0.81910569
 0.81910569 0.82317073 0.82317073 0.83130081 0.83130081 0.84146341
 0.84146341 0.84349593 0.84349593 0.84552846 0.84552846 0.84756098
 0.84756098 0.8495935  0.8495935  0.85162602 0.85162602 0.87195122
 0.87195122 0.87398374 0.87398374 0.89227642 0.89227642 0.89634146
 0.89634146 0.9004065  0.9004065  0.90243902 0.90243902 0.90447154
 0.90447154 0.90853659 0.90853659 0.91260163 0.91260163 0.91869919
 0.91869919 0.92073171 0.92073171 0.92276423 0.92276423 0.92682927
 0.92682927 0.92886179 0.92886179 0.93292683 0.93292683 0.93495935
 0.93495935 0.93902439 0.93902439 0.94105691 0.94105691 0.94512195
 0.94512195 0.94715447 0.94715447 0.95528455 0.95528455 0.95731707
 0.95731707 0.95934959 0.95934959 0.98170732 0.98170732 0.98577236
 0.98577236 0.98780488 0.98780488 0.99186992 0.99186992 1.        ]