[0.         0.         0.00406504 0.00406504 0.00813008 0.00813008
 0.0101626  0.0101626  0.01219512 0.01219512 0.01829268 0.01829268
 0.02845528 0.02845528 0.03455285 0.03455285 0.03658537 0.03658537
 0.04065041 0.04065041 0.04268293 0.04268293 0.04471545 0.04471545
 0.04674797 0.04674797 0.05081301 0.05081301 0.05284553 0.05284553
 0.05487805 0.05487805 0.05691057 0.05691057 0.05894309 0.05894309
 0.06300813 0.06300813 0.06504065 0.06504065 0.06707317 0.06707317
 0.07113821 0.07113821 0.07520325 0.07520325 0.07723577 0.07723577
 0.07926829 0.07926829 0.08130081 0.08130081 0.08333333 0.08333333
 0.08536585 0.08536585 0.08739837 0.08739837 0.09146341 0.09146341
 0.09349593 0.09349593 0.09552846 0.09552846 0.09756098 0.09756098
 0.10569106 0.10569106 0.11178862 0.11178862 0.11585366 0.11585366
 0.11788618 0.11788618 0.1199187  0.1199187  0.12195122 0.12195122
 0.12398374 0.12398374 0.12601626 0.12601626 0.1300813  0.1300813
 0.13211382 0.13211382 0.13414634 0.13414634 0.13617886 0.13617886
 0.13821138 0.13821138 0.14430894 0.14430894 0.14634146 0.14634146
 0.14837398 0.14837398 0.1504065  0.1504065  0.15243902 0.15243902
 0.15447154 0.15447154 0.15650407 0.15650407 0.15853659 0.15853659
 0.16463415 0.16463415 0.17276423 0.17276423 0.17479675 0.17479675
 0.17682927 0.17682927 0.18495935 0.18495935 0.18699187 0.18699187
 0.18902439 0.18902439 0.19308943 0.19308943 0.19715447 0.19715447
 0.19918699 0.19918699 0.20325203 0.20325203 0.20528455 0.20528455
 0.20731707 0.20731707 0.20934959 0.20934959 0.21138211 0.21138211
 0.21544715 0.21544715 0.2195122  0.2195122  0.22154472 0.22154472
 0.22357724 0.22357724 0.22764228 0.22764228 0.2296748  0.2296748
 0.23170732 0.23170732 0.23373984 0.23373984 0.23780488 0.23780488
 0.24390244 0.24390244 0.24593496 0.24593496 0.25       0.25
 0.25609756 0.25609756 0.25813008 0.25813008 0.2601626  0.2601626
 0.26422764 0.26422764 0.26626016 0.26626016 0.26829268 0.26829268
 0.2703252  0.2703252  0.27235772 0.27235772 0.27439024 0.27439024
 0.27642276 0.27642276 0.28658537 0.28658537 0.28861789 0.28861789
 0.29268293 0.29268293 0.29878049 0.29878049 0.30081301 0.30081301
 0.30284553 0.30284553 0.30691057 0.30691057 0.30894309 0.30894309
 0.31097561 0.31097561 0.31300813 0.31300813 0.31910569 0.31910569
 0.32317073 0.32317073 0.32520325 0.32520325 0.32926829 0.32926829
 0.33130081 0.33130081 0.33333333 0.33333333 0.33536585 0.33536585
 0.34146341 0.34146341 0.34349593 0.34349593 0.34552846 0.34552846
 0.3495935  0.3495935  0.35365854 0.35365854 0.36178862 0.36178862
 0.36382114 0.36382114 0.36788618 0.36788618 0.37398374 0.37398374
 0.37804878 0.37804878 0.3800813  0.3800813  0.38414634 0.38414634
 0.38821138 0.38821138 0.3902439  0.3902439  0.39227642 0.39227642
 0.39430894 0.39430894 0.39634146 0.39634146 0.39837398 0.39837398
 0.4004065  0.4004065  0.40243902 0.40243902 0.40650407 0.40650407
 0.41260163 0.41260163 0.41463415 0.41463415 0.41666667 0.41666667
 0.42073171 0.42073171 0.42276423 0.42276423 0.42479675 0.42479675
 0.42682927 0.42682927 0.42886179 0.42886179 0.43089431 0.43089431
 0.43495935 0.43495935 0.43699187 0.43699187 0.44105691 0.44105691
 0.44308943 0.44308943 0.44512195 0.44512195 0.44715447 0.44715447
 0.45121951 0.45121951 0.45325203 0.45325203 0.45528455 0.45528455
 0.45731707 0.45731707 0.45934959 0.45934959 0.46747967 0.46747967
 0.4695122  0.4695122  0.47154472 0.47154472 0.47357724 0.47357724
 0.47560976 0.47560976 0.47764228 0.47764228 0.4796748  0.4796748
 0.48170732 0.48170732 0.48577236 0.48577236 0.48780488 0.48780488
 0.49593496 0.49593496 0.50203252 0.50203252 0.50406504 0.50406504
 0.5101626  0.5101626  0.51219512 0.51219512 0.51829268 0.51829268
 0.52235772 0.52235772 0.52642276 0.52642276 0.52845528 0.52845528
 0.5304878  0.5304878  0.53455285 0.53455285 0.53658537 0.53658537
 0.54065041 0.54065041 0.55284553 0.55284553 0.55487805 0.55487805
 0.55894309 0.55894309 0.56300813 0.56300813 0.56504065 0.56504065
 0.56910569 0.56910569 0.57317073 0.57317073 0.57520325 0.57520325
 0.57926829 0.57926829 0.58739837 0.58739837 0.58943089 0.58943089
 0.59146341 0.59146341 0.5995935  0.5995935  0.60162602 0.60162602
 0.60569106 0.60569106 0.62601626 0.62601626 0.63821138 0.63821138
 0.6402439  0.6402439  0.64227642 0.64227642 0.64430894 0.64430894
 0.65243902 0.65243902 0.65650407 0.65650407 0.68089431 0.68089431
 0.68495935 0.68495935 0.69105691 0.69105691 0.69308943 0.69308943
 0.69512195 0.69512195 0.69715447 0.69715447 0.70121951 0.70121951
 0.70731707 0.70731707 0.70934959 0.70934959 0.71138211 0.71138211
 0.71341463 0.71341463 0.71747967 0.71747967 0.72154472 0.72154472
 0.72357724 0.72357724 0.72560976 0.72560976 0.72764228 0.72764228
 0.74390244 0.74390244 0.74593496 0.74593496 0.75       0.75
 0.75406504 0.75406504 0.75813008 0.75813008 0.7601626  0.7601626
 0.76422764 0.76422764 0.76626016 0.76626016 0.76829268 0.76829268
 0.77439024 0.77439024 0.77845528 0.77845528 0.7804878  0.7804878
 0.78252033 0.78252033 0.78455285 0.78455285 0.79674797 0.79674797
 0.79878049 0.79878049 0.80284553 0.80284553 0.81097561 0.81097561
 0.81504065 0.81504065 0.81707317 0.81707317 0.82317073 0.82317073
 0.82926829 0.82926829 0.83130081 0.83130081 0.83536585 0.83536585
 0.84146341 0.84146341 0.84552846 0.84552846 0.84756098 0.84756098
 0.85162602 0.85162602 0.85365854 0.85365854 0.85772358 0.85772358
 0.86382114 0.86382114 0.86585366 0.86585366 0.86788618 0.86788618
 0.8800813  0.8800813  0.88211382 0.88211382 0.88414634 0.88414634
 0.88617886 0.88617886 0.89227642 0.89227642 0.89430894 0.89430894
 0.90243902 0.90243902 0.90650407 0.90650407 0.91260163 0.91260163
 0.91666667 0.91666667 0.92276423 0.92276423 0.92479675 0.92479675
 0.92682927 0.92682927 0.92886179 0.92886179 0.93089431 0.93089431
 0.93495935 0.93495935 0.93699187 0.93699187 0.93902439 0.93902439
 0.94105691 0.94105691 0.94308943 0.94308943 0.95731707 0.95731707
 0.96138211 0.96138211 0.96544715 0.96544715 0.97154472 0.97154472
 0.98577236 0.98577236 0.99390244 0.99390244 1.         1.        ]