[ 3.03732126e+01  2.93732126e+01  2.88579380e+01  2.40727296e+01
  1.25663236e+01  8.30390010e+00  6.67015401e+00  6.64510239e+00
  5.92637750e+00  5.92122378e+00  5.70433543e+00  5.14099058e+00
  4.83667210e+00  4.78336908e+00  4.77443138e+00  4.52601763e+00
  4.51027863e+00  4.24168978e+00  4.10205322e+00  4.09434149e+00
  3.87994620e+00  3.84687666e+00  3.68500547e+00  3.58707755e+00
  3.54853137e+00  3.35913331e+00  3.35720095e+00  3.31017767e+00
  3.28707983e+00  3.11573015e+00  3.06471190e+00  2.93513795e+00
  2.80230685e+00  2.76507444e+00  2.69342582e+00  2.68728030e+00
  2.63888323e+00  2.62782537e+00  2.59633312e+00  2.51769986e+00
  2.48816344e+00  2.46055088e+00  2.45778059e+00  2.40366947e+00
  2.35121326e+00  2.31497846e+00  2.20106914e+00  2.19199675e+00
  2.13812075e+00  2.11924584e+00  2.08287237e+00  2.06812873e+00
  2.05209226e+00  1.99250556e+00  1.96858054e+00  1.91752733e+00
  1.89383852e+00  1.84772122e+00  1.81398080e+00  1.80120289e+00
  1.69878804e+00  1.66043338e+00  1.54113452e+00  1.53485503e+00
  1.49859618e+00  1.49129059e+00  1.47453502e+00  1.47101942e+00
  1.44078278e+00  1.42132375e+00  1.41641342e+00  1.39278380e+00
  1.38838748e+00  1.38657630e+00  1.32574512e+00  1.31549142e+00
  1.30623258e+00  1.27746141e+00  1.26998528e+00  1.25412616e+00
  1.25101397e+00  1.23961681e+00  1.23950038e+00  1.23584565e+00
  1.22905212e+00  1.22481156e+00  1.20711940e+00  1.20061497e+00
  1.19901836e+00  1.19506467e+00  1.18850387e+00  1.18669896e+00
  1.18498486e+00  1.18373823e+00  1.16443995e+00  1.16117740e+00
  1.11420534e+00  1.10745575e+00  1.09481398e+00  1.08707341e+00
  1.08104656e+00  1.07734280e+00  1.06718869e+00  1.06583127e+00
  1.06359295e+00  1.06217893e+00  1.06072592e+00  1.05672742e+00
  1.05602356e+00  1.05227367e+00  1.04370131e+00  1.04268310e+00
  1.04095295e+00  1.03206429e+00  1.02725118e+00  1.02454114e+00
  1.02202162e+00  1.01319471e+00  9.89721820e-01  9.89177667e-01
  9.88942963e-01  9.82385819e-01  9.81644961e-01  9.76840578e-01
  9.67313528e-01  9.58446740e-01  9.55404632e-01  9.53960535e-01
  9.53568279e-01  9.50003279e-01  9.49328372e-01  9.41414866e-01
  9.40109759e-01  9.36082220e-01  9.30864008e-01  9.29079141e-01
  9.26652137e-01  9.24818466e-01  9.22456277e-01  9.19827682e-01
  9.18812432e-01  9.17966401e-01  9.13407598e-01  9.10476138e-01
  9.10263256e-01  9.07354170e-01  9.06254454e-01  9.03038779e-01
  9.02468030e-01  8.98114968e-01  8.97219760e-01  8.96607303e-01
  8.94448670e-01  8.93339719e-01  8.85818771e-01  8.82895804e-01
  8.79489259e-01  8.76867609e-01  8.74735032e-01  8.74096544e-01
  8.62271903e-01  8.58719819e-01  8.57777163e-01  8.56826781e-01
  8.56617075e-01  8.53222003e-01  8.52511646e-01  8.48580758e-01
  8.45193412e-01  8.44581700e-01  8.40676282e-01  8.40115474e-01
  8.39423138e-01  8.33103776e-01  8.28024626e-01  8.24672401e-01
  8.20263358e-01  8.08272064e-01  7.99064704e-01  7.98487712e-01
  7.96909920e-01  7.96112593e-01  7.92517293e-01  7.92251219e-01
  7.90370648e-01  7.88597563e-01  7.88243833e-01  7.82945321e-01
  7.81566924e-01  7.81294597e-01  7.68498417e-01  7.63831532e-01
  7.60111311e-01  7.59038368e-01  7.58119705e-01  7.51801611e-01
  7.48612238e-01  7.48390624e-01  7.47554127e-01  7.47453420e-01
  7.43107036e-01  7.32185626e-01  7.31863098e-01  7.30190316e-01
  7.25575928e-01  7.20591046e-01  7.20302339e-01  7.19444831e-01
  7.05322112e-01  7.05178318e-01  7.03224669e-01  6.99150314e-01
  6.96802123e-01  6.95135323e-01  6.94791614e-01  6.94044224e-01
  6.92825047e-01  6.87376074e-01  6.84182751e-01  6.78955183e-01
  6.72326499e-01  6.68142166e-01  6.56506912e-01  6.55370507e-01
  6.55305806e-01  6.50465716e-01  6.46154622e-01  6.44857956e-01
  6.40134598e-01  6.39927952e-01  6.36915674e-01  6.35959686e-01
  6.33902552e-01  6.10817301e-01  6.04255140e-01  6.04002645e-01
  6.02186880e-01  5.99122797e-01  5.97162548e-01  5.96141037e-01
  5.78425443e-01  5.72173847e-01  5.71448043e-01  5.69474836e-01
  5.69437543e-01  5.67887818e-01  5.64330118e-01  5.61855996e-01
  5.57858356e-01  5.56784519e-01  5.45645999e-01  5.44915264e-01
  5.43064387e-01  5.38878771e-01  5.32444721e-01  5.32144832e-01
  5.26810243e-01  5.20869881e-01  5.14951367e-01  5.07664208e-01
  5.05689356e-01  5.01094386e-01  4.90076991e-01  4.88094524e-01
  4.81221210e-01  4.70920967e-01  4.68942381e-01  4.67261071e-01
  4.60765927e-01  4.58755179e-01  4.58161315e-01  4.49993920e-01
  4.43285282e-01  4.43265378e-01  4.33146734e-01  4.32556575e-01
  4.28152220e-01  4.24908823e-01  4.17299910e-01  4.11403769e-01
  4.06947079e-01  4.06122977e-01  4.05506216e-01  4.02431420e-01
  3.99110167e-01  3.88448261e-01  3.84328767e-01  3.73905150e-01
  3.73756320e-01  3.69905759e-01  3.68765066e-01  3.67286105e-01
  3.62351670e-01  3.57984246e-01  3.56648237e-01  3.55033989e-01
  3.53993135e-01  3.48676280e-01  3.48247950e-01  3.41465657e-01
  3.41091724e-01  3.31449530e-01  3.14662290e-01  3.13809654e-01
  3.13492129e-01  3.08148356e-01  3.06877102e-01  2.89396344e-01
  2.84742169e-01  2.77400940e-01  2.75351045e-01  2.72311621e-01
  2.57930412e-01  2.53189799e-01  2.49291286e-01  2.35998550e-01
  2.32091214e-01  2.30682748e-01  2.28942806e-01  2.23102510e-01
  2.13134864e-01  1.89774466e-01  1.88884981e-01  1.86668167e-01
  1.75184130e-01  1.72444487e-01  1.68603404e-01  1.52065070e-01
  1.51242289e-01  1.49437140e-01  1.49259938e-01  1.47627318e-01
  1.36893276e-01  1.25897837e-01  1.25199311e-01  1.11930446e-01
  1.09891959e-01  1.05807099e-01  1.04297404e-01  1.03702543e-01
  9.30850082e-02  9.06130012e-02  8.82182529e-02  8.34201965e-02
  8.22932332e-02  7.83996040e-02  7.80503033e-02  5.71825666e-02
  5.58990067e-02  5.08485262e-02  3.17774325e-02  2.57674562e-02
  2.37113173e-02  1.58139425e-02  1.43227144e-02  9.56533674e-03
  2.01672801e-03 -7.82493477e-03 -8.94672810e-03 -2.92632788e-02
 -3.05589189e-02 -3.12090980e-02 -3.25901273e-02 -3.29067916e-02
 -3.59229335e-02 -3.96249884e-02 -5.68191906e-02 -5.89092644e-02
 -8.93744036e-02 -1.03733113e-01 -1.08155995e-01 -1.11787541e-01
 -1.24428892e-01 -1.33843300e-01 -1.35554107e-01 -1.42454516e-01
 -1.44803006e-01 -1.49464884e-01 -1.61066889e-01 -1.67033097e-01
 -1.79863303e-01 -1.79920208e-01 -1.86487025e-01 -1.90862474e-01
 -1.94142243e-01 -2.02956305e-01 -2.09180370e-01 -2.09822387e-01
 -2.35087850e-01 -2.43027915e-01 -2.64777350e-01 -2.67894654e-01
 -3.32564898e-01 -3.44264719e-01 -3.45125152e-01 -3.46457714e-01
 -3.59737360e-01 -3.59859681e-01 -3.76236406e-01 -3.81633064e-01
 -3.86314733e-01 -4.00068186e-01 -4.00983961e-01 -4.08287781e-01
 -4.08348117e-01 -4.13714289e-01 -4.28751922e-01 -4.34997803e-01
 -4.42980237e-01 -4.73112184e-01 -4.78093956e-01 -4.83142374e-01
 -4.89603000e-01 -5.25441673e-01 -5.30896831e-01 -5.32526436e-01
 -5.38327567e-01 -5.73149532e-01 -6.00694527e-01 -6.36131232e-01
 -6.61868911e-01 -6.74407591e-01 -6.74972429e-01 -6.87648910e-01
 -6.91249401e-01 -8.42210863e-01 -8.45583222e-01 -8.48523836e-01
 -8.67770307e-01 -8.82324088e-01 -8.86091080e-01 -8.93606305e-01
 -9.25620976e-01 -9.31253242e-01 -9.42845568e-01 -9.79403346e-01
 -9.82800837e-01 -9.88086812e-01 -9.94234607e-01 -1.03422671e+00
 -1.04121128e+00 -1.05329582e+00 -1.06090113e+00 -1.10570028e+00
 -1.15836287e+00 -1.18254281e+00 -1.18871051e+00 -1.18920014e+00
 -1.19025400e+00 -1.19516045e+00 -1.21904276e+00 -1.25225385e+00
 -1.31208679e+00 -1.34395091e+00 -1.42614485e+00 -1.51633017e+00
 -1.58210463e+00 -1.59236875e+00 -1.60318760e+00 -1.63120933e+00
 -1.64036053e+00 -1.64304059e+00 -1.66197959e+00 -1.67881445e+00
 -1.69053130e+00 -1.70368637e+00 -1.70805271e+00 -1.84475281e+00
 -1.84865712e+00 -1.85788552e+00 -1.86474403e+00 -2.01136610e+00
 -2.10092675e+00 -2.13759777e+00 -2.16499161e+00 -2.17560575e+00
 -2.24825851e+00 -2.24871434e+00 -2.29825366e+00 -2.30344150e+00
 -2.33247945e+00 -2.41445622e+00 -2.48818610e+00 -2.50010211e+00
 -2.55163252e+00 -2.59347938e+00 -2.65789983e+00 -2.66763531e+00
 -2.67127155e+00 -2.67848878e+00 -2.68873952e+00 -2.71934696e+00
 -2.90014884e+00 -2.97455795e+00 -3.04408730e+00 -3.06668357e+00
 -3.18861906e+00 -3.19005490e+00 -3.26413863e+00 -3.29123594e+00
 -3.39603411e+00 -3.42405399e+00 -3.42549988e+00 -3.47882584e+00
 -3.51335588e+00 -3.51432195e+00 -3.56859164e+00 -3.70832442e+00
 -3.85160140e+00 -4.09278379e+00 -4.13908606e+00 -4.25936867e+00
 -4.32269744e+00 -5.34551613e+00 -5.37284778e+00 -5.67318844e+00
 -5.87095877e+00 -5.92954286e+00 -6.87058859e+00 -7.24178248e+00
 -8.71679417e+00 -1.14778657e+01]