[-1.97194499e+00  1.05305374e+00  8.29445382e-01 -2.62283479e+00
  9.58855321e-01  7.61115535e-01  8.50826346e-01 -2.02810178e-01
 -2.74264181e-01  2.63419056e-01  9.89190079e-01  8.72063568e-01
 -4.20932265e+00  1.05526642e+00  2.17385821e-01  9.67657411e-01
  1.37843566e+01  9.41477587e-01  9.54390220e-01  9.69017667e-01
  9.93854237e-01  9.94276633e-01  9.69860927e-01  1.07472219e+00
  9.94303393e-01  8.34133646e-01  1.03052992e-01  1.67602299e+00
  2.18261016e-01  7.82870159e-01  1.00244777e+00 -1.48789544e+00
 -4.34601419e+00  9.04903191e-01  2.38207629e+00 -1.70465740e-01
  3.60843809e-01  1.00715752e+00 -6.07216978e-01  5.49723676e-01
  3.32827367e-01  4.25251123e-02  5.31331890e-01  7.21157179e-01
  9.67357375e-01  8.29846191e-01  9.37370449e-01  1.25285495e-01
  1.07626934e-01  9.01076194e-01  7.94076570e-01  9.20514239e-01
  9.17111349e-01  8.79185324e-01  2.96309664e+00  8.33151422e-01
  8.69920993e-01  1.20635427e+00  9.38352190e-01  9.80479283e-01
  1.60930879e+00  1.19435137e+00  8.67241201e-01 -4.23346992e-01
  6.72882553e-01  8.74130598e-01  8.79754408e-01  3.45022902e-01
  9.95370102e-01  1.02102082e+00  1.86655450e-01  8.83260559e-01
  7.33490199e-01 -1.21153635e+00  9.47019228e-01  8.02485433e-01
  2.88331517e-01  9.09758646e-01  9.53433465e-01  5.41888071e-01
 -7.44697670e+00  6.35745023e-01  8.00446573e-01 -2.18084244e-01
  6.87332214e-01  9.29917083e-01  1.01562073e+00  6.16075212e-01
  8.33890862e-01 -1.33653988e+00  4.14880225e-01  7.56611000e-01
  9.78251051e-01  7.38009315e-01  7.48383995e-01  3.65760495e-01
 -3.89469599e-01  9.56195400e-01  9.25811370e-01  9.85407201e-01
  9.70073403e-02  1.05592724e+00  9.00366135e-01  8.46978998e-01
  9.92968814e-01  1.04389249e+00 -5.54288723e+00  6.03476950e-01
  1.22959536e+00  5.77083272e-01  1.28772157e+00  7.75489062e-01
 -4.47288362e-01  9.87333812e-01  9.64379170e-01  1.57708525e+00
  1.02121925e+00 -1.66174436e+00 -4.45116431e+00  5.97781411e-01
  7.01692669e-01  2.24064760e+00  7.21488351e-01  6.57122279e-01
  7.33003231e-01  1.10801537e+01 -5.70777228e-01  5.53753537e-01
 -3.36824518e+00  1.15855139e+00 -1.40022750e+00  5.57702017e-01
  8.62304334e-01  9.95754115e-01  9.48119149e-01  9.80210841e-01
 -6.49133176e-01  6.97100896e-01  3.12584066e+00  7.11169784e-01
  2.80062083e-01 -1.55960194e+00  8.97823415e-01  9.27401269e-01
  8.54215864e-01  1.54785458e+00  8.81729559e-01  2.46036086e-01
  4.39014062e-01  9.63029717e-01 -6.99760041e+00  9.87245525e-01
 -2.06922968e-01  1.09204825e+00  9.96016641e-02 -9.61217873e-01
  1.92992553e-01  8.82943958e-01  8.78115324e-01  9.55489249e-01
 -3.69809491e-01  9.76256595e-01 -2.50837514e+00  9.24838171e-01
  9.63867168e-01  8.35707577e-01 -1.50973534e+00  1.81704498e+00
  8.93080964e-01 -2.38613811e+00 -9.68872982e-02  2.83659175e-01
  9.96924775e-01  7.69130995e-01  9.78403477e-01  9.33478848e-01
  9.74561774e-01  7.45498241e-01 -1.98699476e+00 -1.59468504e-01
  9.97728232e-01  1.25523081e+00  9.53753120e-01 -3.55276242e-01
  9.45543149e-01  8.53176247e-01  1.30737824e+00  9.76286616e-01
  8.38308939e-01  1.91761640e-01  8.08785436e-01  9.06207521e-01
  7.81622549e-01  7.43402440e-01  7.59608978e-01  1.19664183e+00
  9.64833144e-01  9.38792981e-01  9.90361776e-01  9.04377308e-01
  5.33114603e-01  8.28185124e-01  8.24018576e-01  6.95246135e-01
  5.75650953e-01 -1.01891368e+00  6.03037170e-01  9.48173538e-01
  5.56928575e-01  5.80466869e-01  8.49804884e-01  8.28686552e-01
  9.42122089e-01  1.10577114e+00  9.20607973e-01  1.14258457e+00
  4.32637327e-01  5.89959168e-01  9.73465651e-01  1.01351348e+00
  1.09788912e+00  9.48851941e-01 -6.92276638e-01  9.14950272e-01
 -4.68939294e-01  9.57590694e-01  6.93494341e-01  2.76097302e-01
  6.64765163e-01  5.06342638e-01 -8.23745026e-01  9.44074611e-01
  8.10920078e-01  9.96460323e-01  2.81516471e-01  2.47939708e+00
  1.03528915e+00  6.23408165e-01  8.98415298e-01 -1.25928284e+00
  7.11128549e-01 -9.24915588e-01  1.14138454e+00  9.84575050e-01
  6.53932944e-01  9.53354378e-01  3.32169037e-01  2.50696420e-01
 -9.43579554e-01 -1.90447890e+00  9.59720593e-01  5.29624293e-01
  8.88156520e-01  1.12164688e+01  9.32294797e-01  9.56357009e-01
  5.75449699e-01  9.76494987e-01  3.70300418e-01  9.95998204e-01
  9.81911242e-01 -1.00831674e-01  9.52584433e-01  2.32139896e-01
 -4.13162548e+00  3.36758250e-01  9.00116647e-01  8.95302462e-01
  9.95015090e-01  9.90147776e-01  2.50660286e-01  7.78514079e-01
  1.44433052e-01  1.14818627e+00 -2.04431273e-01  6.33157743e-01
  9.95385537e-01  7.66339207e-01  6.91494306e-01  6.10796095e-01
  8.03061454e-01  9.85274783e-01  9.20652260e-01  3.66351144e-01
  6.51866019e-01  5.36956922e-01  9.91751469e-01  9.53223966e-01
  9.37018450e-01  4.41547446e-01  4.17863217e-01  9.02609504e-01
 -1.98868065e+00  6.80767096e-01  1.00234391e+00  6.55193197e-01
  6.86070199e-01 -1.44991509e+00  9.75249228e-01  9.81435852e-01
  5.09007159e-02  9.31128119e-01  2.61414910e-01  7.93675405e-01
  8.54590400e-01  2.64555133e-02  6.16613020e-01  3.83656617e-01
  9.86075396e-01 -3.68735937e-01  1.04643691e+00  8.58695582e-01
 -5.13158683e+00  1.15254776e+00  9.62732079e-01  1.16841652e-02
  8.51828030e-01  8.01420095e-01  1.00756130e+00 -6.78523196e+00
  5.97574028e-01  1.00645979e+00 -3.60328445e-01  9.89279020e-01
  7.29558898e-01  9.04432907e-01  9.84519404e-01 -8.64866967e-01
  1.46975031e+00  1.07825121e-01  8.43024602e-01  1.66069027e+00
  4.13142295e-01  9.35204877e-01  9.76292260e-01  8.84930972e-01
 -4.24225333e-01  9.63129874e-01  9.80416275e-01 -4.59517023e-01
  4.69684634e-01  9.41970968e-01  2.03584567e+00  1.83831797e+00
  7.86110828e-01  6.73992661e-01  2.45364569e+00  8.23836093e-01
  6.22388060e-01  5.18179604e-01  9.65122623e-01  8.54597958e-01
  7.87381490e-01  8.21344140e-01  9.34635469e-01 -4.10556346e+00
  9.71725652e-01  9.05456180e-01 -2.15706204e+00  3.17328652e-01
  6.13265120e-01  1.00548398e+00  9.30379008e-01  4.24245009e-01
  4.56375011e-01  1.02791755e-01  8.07708298e-01 -3.71538518e-01
  7.50133255e-01  9.29108222e-01  1.02221758e+00  8.94809764e-01
  9.80436285e-01  9.60152237e-01 -6.58785673e+00  1.20137960e+00
  9.94405904e-01  9.80290047e-01  6.52904044e-01 -3.21215513e-01
  7.53436187e-01 -4.40467902e-01  8.50649897e-01  1.13678318e+00
 -5.50964636e-01 -1.57468029e-01  9.22220988e-01  1.41909637e+00
  5.03291100e-01 -9.28092692e-02  1.18761162e+00  6.03652602e-01
  1.62057246e+01  2.59220951e+00  4.31801666e-01  9.92642254e-01
  1.38230801e+00  8.63406481e-01  8.95123521e-01 -1.38273001e-01
  7.08451979e-01  9.22915506e-01  7.99168040e-01 -1.01855361e+00
  9.94950716e-01 -1.36759911e+00  7.88408190e-01  9.74733835e-02
  2.23761369e-01  4.65898825e-01 -4.54885744e-01  1.33636826e+00
  1.00768036e+00  9.87195942e-01  1.10322131e+00  1.10369196e+00
  8.51198354e-01  1.00014271e+00  9.35096150e-01  6.02442199e-01
  9.44495553e-01  3.04076565e-01 -3.45783504e+00  5.34516237e-01
  9.99143653e-01 -2.23778756e+00  1.01045922e+00  3.90376893e-01
  1.08781299e+00  9.61023167e-01  5.28392047e-01 -2.25884050e+00
  6.05357149e-01  1.19513177e+00  2.03776600e-01 -7.08001055e-01
  5.77705914e-01  1.20101819e+00  1.02485062e+00  9.63203686e-01
  2.33212548e+00 -1.19763332e-01  9.89219046e-01  9.24798055e-01
 -2.07120925e+00  9.94600277e-01  8.09395598e-01 -5.27833798e-01
 -2.94461893e-01  9.91237975e-01  6.45614364e-01  9.59669579e-01
 -3.76644387e+00  8.63000581e-01 -9.08657213e+00  9.05795421e-01
  9.58152217e-01  9.97189193e-01 -4.20960614e-01 -1.94523035e+00
  7.52424301e-02  4.91336304e-01 -2.86121021e-01  9.98871825e-01
  7.31666389e-01  9.63896150e-01 -9.17568897e-01 -9.73926384e-01
  1.26094213e+00  9.87185858e-01  9.38477044e-01  3.71720447e-01
  4.00936520e-01  1.09287757e+00  1.15092284e+00 -3.96536913e-02
  8.57392879e-01  9.20669882e-01  1.85476216e+00  2.40757640e+00
  1.33330885e+00  7.04255033e-01  8.31508526e-01  3.34142067e+00
 -1.60127207e+00  9.94782596e-01  9.95952399e-01 -3.28232895e-03
  8.95837844e-01 -7.22150087e-01  8.60782354e-01  9.56340861e-01
  6.86489092e-01  3.10637993e-01  4.97828626e+00  4.90798835e-01
  8.82958731e-02  8.70010412e-01  7.72608425e-01  4.12057208e-01
  8.40260210e-01  8.63656087e-01  7.40003424e-01 -1.55822068e+00
  7.27472572e-01 -5.55397812e+00  2.56612250e+00  2.05432157e+00
  9.54499001e-01 -8.58315569e-01  9.94979393e-01  6.07898557e-01
  5.58359453e-01  8.51636895e-01  9.32836172e-01  1.00184932e+00
  9.60390490e-01 -4.35127456e-01  4.18458394e-01  5.62332453e-01
  6.39397085e-01  5.53969467e-01  9.87718338e-01  8.96080724e-01
  9.09006106e-01 -2.50989051e-01  3.45661503e+00  8.00786999e-01
  4.74687549e-01  9.70331633e-01  9.69523221e-01  9.72516471e-01
  9.62018586e-01  8.03265184e-01  6.51935035e-01  5.05449210e-01
  1.60180386e+00  1.33268262e+00  9.95942569e-01  8.77130617e-01
  1.05405140e+00 -2.42996844e+00 -6.04144959e+00  9.01694269e-01
 -3.69386775e-02  9.91426775e-01  9.93713312e-01 -1.76683666e-01
  9.17270802e-01  1.19093026e+01  9.25010116e-01  8.74327790e-02
 -4.27455404e-01  3.88920707e-02  8.71954262e-01  6.03805085e-01
  4.04185386e-01  7.10134655e-01  7.43401811e-01  7.28649549e-01
  9.01332477e-01 -2.28555584e+00 -1.90872969e-02  1.13156016e+00
  8.27853580e-01 -5.61341488e-01  5.61373482e-01  2.77091513e+00
 -9.80026574e-01  8.01860578e-01  5.98979731e-01  9.03770335e-01
  1.01292349e+00  7.64828010e-01 -1.65113037e-01  9.36483577e-01
  8.84791850e-01  9.24384422e-01  1.01888819e+00  1.19861381e+00
  6.56365635e-01  9.95367770e-01  5.33256445e-01 -1.10066225e+00
 -1.47867612e+00  3.55368951e-01 -4.54655367e-01  9.88001224e-01
  9.79042495e-01  1.00070330e+00  5.34406867e-01  9.72634991e-01
  9.85553379e-01  1.17838659e+00  9.52367370e-01  1.01959652e+00
  9.16030928e-01  9.48399508e-01 -8.20283040e-02  9.95411906e-01
  9.59694555e-01  1.05822517e+00  1.07069855e+00  9.92248358e-01
  7.12182021e-01  5.54176301e-01  6.24895724e-01  1.75610035e+00
  5.86580487e-01  9.51499121e-01 -6.80065277e-01  8.40492424e-01
  8.59808127e-01  1.32113792e+00 -4.95785192e+00  9.57354909e-01
 -3.51312979e-01  9.39070248e-01  1.05297246e+00  8.97503747e-01
 -3.80486971e-02  4.79700304e-01  4.34690346e-01  1.64028236e+00
  1.00983650e+00  8.10145772e-01  2.54461503e+00 -6.40448631e-01
  1.79314968e+00  7.62037856e-01  9.62127812e-01  5.16374115e-01
  9.27418544e-01  5.23019248e-01  8.15538105e-01  8.42195111e-01
  9.64390101e-01  9.42513246e-01  3.63581063e-01  1.51110934e+00
  4.89195570e-01  7.99848334e-01 -2.35356522e-01  1.97791563e+00
 -1.02610761e+00  3.14776766e-01  7.77677760e-01  7.98388216e-01
  8.87567489e-01  2.66872746e-02  9.85108630e-01  1.18579776e+00
  8.27759426e-01  9.82896970e-01  9.77690682e-01 -3.38225964e-01
 -1.48416645e+00  5.98189873e-01  8.93529361e-01  9.33860519e-01
  1.31779067e+00  1.33601149e+00  9.93273554e-01  6.48099498e-01
  7.45301296e-01  1.13639062e+00  9.85738920e-01 -3.28808914e-01
  1.41879699e+00  9.34449304e-01  1.19813585e+00  3.94025051e-01
 -3.70809857e-01  1.05195799e-01  8.88558358e-01 -1.33488644e+00
  9.87674739e-01  8.66394001e-01  7.98641474e-01  9.82380683e-01
 -4.03722135e-01  3.95890317e-01  7.40636552e-01  9.94357334e-01
  6.75438963e-01  9.85678438e-01  7.13520414e-01  8.92531080e-01
  8.27681121e-01  9.44400958e-01 -1.23659716e+00  9.53913777e-01
 -3.10804340e+00  8.69153195e-01  5.48677296e-01  9.21338411e-01
  3.81369636e-02 -2.64084397e-01  6.51174927e-01  1.94442649e-01
 -8.15821489e-01 -1.20384245e-02  1.10703014e+00  1.07245496e+00
  1.13672311e-01  7.51411593e-01 -5.68952890e-01  9.02037814e-01
  8.88832832e-01  9.89297025e-01  9.96880006e-01  9.81345531e-01
  3.67240011e-01  7.94108307e-01  9.83611229e-01  8.84522654e-01
  3.30123156e-01  8.85758157e-01  6.49798666e-01  9.69892421e-01
  9.89477607e-01  1.74833161e+00  4.15904258e-01  7.94287871e-01
  3.98679403e+00 -5.12948924e+00 -3.30053040e-01  2.14311016e+00
  2.45058782e+00  9.57606744e-01  1.10855835e+00 -6.71455774e-01
  1.84999444e+00 -5.34499549e-02  1.07288762e+00  8.66107473e-01
 -4.29721440e+00  5.74513061e-01  6.11438479e-01  3.50551318e-01
 -3.17768485e+00  9.24180112e-01  5.30535735e-01  6.61375417e-01
  4.10881232e-01  9.95597348e-01  7.32526061e-01 -1.11015810e+01
  9.96130416e-01  8.96187265e-01  3.29632175e-01  9.35380236e-01
  6.57373960e-01  6.44785525e-01  9.70273525e-01  1.26845649e+00
  9.96600355e-01  1.13257109e+00  5.09234781e-01  1.66113657e+00
 -2.05651067e+00  7.42627456e-01  9.83610071e-01  7.78214685e-01
 -2.42136036e-02 -1.88131618e+00 -1.80184058e+00  1.28388961e+00
  9.94135842e-01  9.45724259e-01  5.94951461e-01  1.27743766e+00
  6.82234882e-01  1.14818249e+00  8.49016638e-01  1.00730693e+00
  8.04276913e-01  2.49778882e+00  8.86451558e-01  7.21858555e-01
  7.74495387e-01 -2.57843556e-02  9.64485567e-01  9.60061811e-01
  9.18501878e-01 -2.74201913e-01  1.03014850e+00  1.21773328e+00
  8.32147972e-01  6.07627353e-02 -1.32423726e+00  9.80294765e-01
  4.97937603e-01  5.60857172e-01  9.54923053e-01  9.64675011e-01
  9.93919653e-02  9.86199748e-01  9.82815775e-01  9.46403780e-01
  9.77862379e-01  7.19614543e-01  9.80431324e-01  7.64299129e-01
  9.93205945e-01  1.78483049e+00  9.94962575e-01  9.90536295e-01
  9.48501536e-01  6.02612455e-01  5.35920690e-01  1.05948690e+00
 -7.81196737e-01  9.23706921e-01  9.18949418e-01  2.40293156e-02
  6.54154367e-01 -2.05584943e+00  9.63749595e-01  8.11461785e-01
  4.35830030e-01  1.20570507e+00  9.85542491e-01  7.71382468e-01
  8.78846608e-01  5.60973073e-01  1.37761608e-01  9.03375239e-01
  1.35542646e+00  8.38900077e-01  7.59711459e-01  9.70341214e-01
  1.80901997e-01  4.59535258e-02  9.14666731e-01  9.91349175e-01
  8.08873778e-01  8.42539240e-01 -1.52146523e-01  8.53546787e-01
  9.59089463e-01  9.38091730e-01  6.19787231e-01  9.95352119e-01
  9.95136649e-01  9.10142213e-01  9.32475526e-01  2.05342536e-02
 -3.91257591e+00  3.52365992e-01  1.23993461e+00 -1.54420644e-01
  1.43546235e+00  1.00210426e+00  9.91833470e-01  9.91182021e-01
  1.48898705e+00  6.23253241e-01  9.50630419e-01  9.77834926e-01
  7.52191642e-01 -2.16853211e+00  1.83632199e-01  9.11239312e-01
  1.67786041e+00  9.61311543e-01  8.53960953e-01  8.29826464e-01
  1.00341328e+00  1.02404351e+00  3.96383256e-01  1.07850876e+00
  2.30762979e-01  4.61773812e-01  3.45436193e-01  8.93620393e-01
 -1.17007830e+00 -1.83647183e+00 -4.73850503e+00  7.79511518e-01
  1.14459372e+00  7.69495362e-01  5.28954544e-01  8.66725706e-01
  8.56175522e-01  1.42628200e-01  1.76321721e-01  1.24828605e+00
  5.01904514e-01  1.01739454e+00 -3.52842992e+00  4.05155730e-01
 -1.82362421e-01 -8.52116076e+00  1.54683138e+00  1.01460286e+00
  9.33765320e-01  9.49026940e-01  1.30179977e-01  1.03963446e+00
  3.81191096e-01  9.93564957e-01  9.88786169e-01  9.20771759e-02
  9.94247656e-01  9.78899462e-01 -1.45532878e-01  9.50225499e-01
  7.64992058e-01  4.40957005e-01 -3.04775025e+00  7.85162538e-01
  8.09874890e-01  9.64464147e-01  9.99380833e-01  1.31805492e+00
 -7.94982735e-01  8.51888077e-01 -2.06803015e-01 -3.77066379e+00
 -3.88407392e-01  9.38681944e-01  2.95279369e-01  1.91488895e-01
  7.31743854e-02  1.45538555e+00  7.93746161e-01  4.54275819e-01
  9.63057163e-01  9.69375504e-01  1.78254242e-01  8.37943013e-01
  5.64329732e-01  8.21494354e-01  9.80576542e-01  8.07467465e-01
  9.82673616e-01  9.92448727e-01  9.93540827e-01  9.04761023e-01
  9.25931921e-01  8.32077305e-01  2.41792928e-01  9.87368364e-01
  3.11323539e-01 -4.15190124e-02  9.22217579e-01  7.16916886e-01
  2.08151801e-01  8.56211062e-01  9.15251178e-01 -8.61386990e+00
  8.00872547e-01  8.11658526e-01  7.54465592e-01  8.36851012e-01
  2.28242971e-01  3.55345993e-01  7.32210764e-01  9.80066273e-01
  9.87259561e-01 -2.60035599e-01  1.10858531e+00  1.16271628e+00
  1.56863840e-01  9.58360023e-01 -1.79484069e+00  9.91864276e-01
  5.10545052e-01  6.44828133e-01  9.17893049e-01  4.16921397e-02
 -3.18510439e-01  6.67520046e-01  8.90911909e-01  5.49498670e-01
  8.53197493e-01  8.83713560e-01  9.32865098e-01  9.68474315e-01
  4.06151460e-01  1.64778766e-01  9.95480509e-01  9.38805367e-01
 -3.99462248e-01  9.76780265e-01  8.75328730e-01  8.62615405e-01
 -3.32889977e-01  2.66473349e-01  9.17643336e-01  9.01547517e-01
  9.99959182e-01  7.59552973e-01  1.36968746e+00 -1.90860675e+00
  6.27114421e-01  9.94174593e-01  1.82761070e+00  9.79315955e-01]