[0.         0.00189036 0.0094518  0.0094518  0.01134216 0.01134216
 0.01323251 0.01323251 0.01512287 0.01512287 0.02079395 0.02079395
 0.02457467 0.02457467 0.0415879  0.0415879  0.05860113 0.05860113
 0.06805293 0.06805293 0.06994329 0.06994329 0.07183365 0.07183365
 0.07750473 0.07750473 0.0831758  0.0831758  0.08506616 0.08506616
 0.08695652 0.08695652 0.0926276  0.0926276  0.09640832 0.09640832
 0.1020794  0.1020794  0.10396975 0.10396975 0.10586011 0.10586011
 0.13043478 0.13043478 0.13232514 0.13232514 0.13988658 0.13988658
 0.15311909 0.15311909 0.15689981 0.15689981 0.16257089 0.16257089
 0.16635161 0.16635161 0.17202268 0.17202268 0.17391304 0.17391304
 0.1758034  0.1758034  0.18714556 0.18714556 0.18903592 0.18903592
 0.19470699 0.19470699 0.20037807 0.20037807 0.20415879 0.20415879
 0.21550095 0.21550095 0.2173913  0.2173913  0.22117202 0.22117202
 0.22306238 0.22306238 0.2268431  0.2268431  0.23251418 0.23251418
 0.2362949  0.2362949  0.24196597 0.24196597 0.24385633 0.24385633
 0.24574669 0.24574669 0.25141777 0.25141777 0.25519849 0.25519849
 0.26086957 0.26086957 0.26465028 0.26465028 0.26654064 0.26654064
 0.27032136 0.27032136 0.29678639 0.29678639 0.30245747 0.30245747
 0.30812854 0.30812854 0.31758034 0.31758034 0.32325142 0.32325142
 0.32703214 0.32703214 0.33270321 0.33270321 0.33459357 0.33459357
 0.34026465 0.34026465 0.34215501 0.34215501 0.34593573 0.34593573
 0.35160681 0.35160681 0.35349716 0.35349716 0.35916824 0.35916824
 0.36483932 0.36483932 0.36672968 0.36672968 0.36862004 0.36862004
 0.37807183 0.37807183 0.38752363 0.38752363 0.38941399 0.38941399
 0.39130435 0.39130435 0.39319471 0.39319471 0.39886578 0.39886578
 0.40075614 0.40075614 0.4026465  0.4026465  0.40642722 0.40642722
 0.41020794 0.41020794 0.41587902 0.41587902 0.41776938 0.41776938
 0.42155009 0.42155009 0.42722117 0.42722117 0.43856333 0.43856333
 0.44801512 0.44801512 0.44990548 0.44990548 0.4536862  0.4536862
 0.45746692 0.45746692 0.46502836 0.46502836 0.46691871 0.46691871
 0.46880907 0.46880907 0.47069943 0.47069943 0.47258979 0.47258979
 0.47448015 0.47448015 0.47637051 0.47637051 0.47826087 0.47826087
 0.48204159 0.48204159 0.48393195 0.48393195 0.48771267 0.48771267
 0.49338374 0.49338374 0.49905482 0.49905482 0.50661626 0.50661626
 0.50850662 0.50850662 0.51606805 0.51606805 0.51795841 0.51795841
 0.51984877 0.51984877 0.52173913 0.52173913 0.52551985 0.52551985
 0.52741021 0.52741021 0.53497164 0.53497164 0.536862   0.536862
 0.53875236 0.53875236 0.54253308 0.54253308 0.54442344 0.54442344
 0.55009452 0.55009452 0.55198488 0.55198488 0.55387524 0.55387524
 0.5557656  0.5557656  0.55765595 0.55765595 0.56332703 0.56332703
 0.56521739 0.56521739 0.56899811 0.56899811 0.57088847 0.57088847
 0.57277883 0.57277883 0.58034026 0.58034026 0.58412098 0.58412098
 0.58601134 0.58601134 0.5879017  0.5879017  0.59546314 0.59546314
 0.59924386 0.59924386 0.60113422 0.60113422 0.60302457 0.60302457
 0.60491493 0.60491493 0.60680529 0.60680529 0.60869565 0.60869565
 0.61058601 0.61058601 0.61247637 0.61247637 0.61625709 0.61625709
 0.62003781 0.62003781 0.62192817 0.62192817 0.62570888 0.62570888
 0.6294896  0.6294896  0.63137996 0.63137996 0.63516068 0.63516068
 0.6389414  0.6389414  0.64083176 0.64083176 0.64272212 0.64272212
 0.64461248 0.64461248 0.65595463 0.65595463 0.65973535 0.65973535
 0.66162571 0.66162571 0.66351607 0.66351607 0.66918715 0.66918715
 0.67296786 0.67296786 0.67485822 0.67485822 0.67674858 0.67674858
 0.67863894 0.67863894 0.6805293  0.6805293  0.68241966 0.68241966
 0.68809074 0.68809074 0.69187146 0.69187146 0.69565217 0.69565217
 0.69754253 0.69754253 0.69943289 0.69943289 0.70321361 0.70321361
 0.70510397 0.70510397 0.71077505 0.71077505 0.71266541 0.71266541
 0.71455577 0.71455577 0.71644612 0.71644612 0.7221172  0.7221172
 0.72400756 0.72400756 0.72589792 0.72589792 0.72778828 0.72778828
 0.731569   0.731569   0.73724008 0.73724008 0.74291115 0.74291115
 0.74669187 0.74669187 0.75047259 0.75047259 0.75425331 0.75425331
 0.76181474 0.76181474 0.76748582 0.76748582 0.76937618 0.76937618
 0.77693762 0.77693762 0.78449905 0.78449905 0.78638941 0.78638941
 0.78827977 0.78827977 0.79206049 0.79206049 0.79395085 0.79395085
 0.79584121 0.79584121 0.80340265 0.80340265 0.80529301 0.80529301
 0.80718336 0.80718336 0.81096408 0.81096408 0.81285444 0.81285444
 0.8147448  0.8147448  0.81663516 0.81663516 0.82608696 0.82608696
 0.82797732 0.82797732 0.83175803 0.83175803 0.83364839 0.83364839
 0.83931947 0.83931947 0.84499055 0.84499055 0.84688091 0.84688091
 0.84877127 0.84877127 0.85255198 0.85255198 0.8563327  0.8563327
 0.86011342 0.86011342 0.86389414 0.86389414 0.86767486 0.86767486
 0.86956522 0.86956522 0.87334594 0.87334594 0.87523629 0.87523629
 0.87901701 0.87901701 0.89035917 0.89035917 0.89224953 0.89224953
 0.89413989 0.89413989 0.89603025 0.89603025 0.89981096 0.89981096
 0.90359168 0.90359168 0.90548204 0.90548204 0.9073724  0.9073724
 0.90926276 0.90926276 0.91115312 0.91115312 0.91871456 0.91871456
 0.92060491 0.92060491 0.92249527 0.92249527 0.92627599 0.92627599
 0.93194707 0.93194707 0.93383743 0.93383743 0.93761815 0.93761815
 0.94328922 0.94328922 0.94517958 0.94517958 0.94706994 0.94706994
 0.9489603  0.9489603  0.95274102 0.95274102 0.95463138 0.95463138
 0.9584121  0.9584121  0.96030246 0.96030246 0.96219282 0.96219282
 0.96408318 0.96408318 0.96597353 0.96597353 0.97542533 0.97542533
 0.97920605 0.97920605 0.98298677 0.98298677 0.9905482  0.9905482
 0.99243856 0.99243856 0.99810964 0.99810964 1.         1.        ]