[0.         0.00203252 0.00406504 0.00406504 0.00609756 0.00609756
 0.01219512 0.01219512 0.01422764 0.01422764 0.01626016 0.01626016
 0.0203252  0.0203252  0.02439024 0.02439024 0.02845528 0.02845528
 0.03252033 0.03252033 0.03658537 0.03658537 0.04471545 0.04471545
 0.04674797 0.04674797 0.04878049 0.04878049 0.05081301 0.05081301
 0.05691057 0.05691057 0.06097561 0.06097561 0.06910569 0.06910569
 0.07113821 0.07113821 0.07317073 0.07317073 0.07926829 0.07926829
 0.08130081 0.08130081 0.08333333 0.08333333 0.09146341 0.09146341
 0.09349593 0.09349593 0.09756098 0.09756098 0.10162602 0.10162602
 0.10365854 0.10365854 0.10569106 0.10569106 0.11382114 0.11382114
 0.1199187  0.1199187  0.12195122 0.12195122 0.12398374 0.12398374
 0.12601626 0.12601626 0.12804878 0.12804878 0.1300813  0.1300813
 0.13211382 0.13211382 0.13414634 0.13414634 0.13617886 0.13617886
 0.14227642 0.14227642 0.14430894 0.14430894 0.14634146 0.14634146
 0.14837398 0.14837398 0.15853659 0.15853659 0.16056911 0.16056911
 0.16260163 0.16260163 0.16463415 0.16463415 0.16666667 0.16666667
 0.16869919 0.16869919 0.17276423 0.17276423 0.17682927 0.17682927
 0.17886179 0.17886179 0.18292683 0.18292683 0.18495935 0.18495935
 0.18699187 0.18699187 0.18902439 0.18902439 0.19512195 0.19512195
 0.20121951 0.20121951 0.20731707 0.20731707 0.20934959 0.20934959
 0.21138211 0.21138211 0.21341463 0.21341463 0.21544715 0.21544715
 0.2195122  0.2195122  0.22154472 0.22154472 0.22357724 0.22357724
 0.22560976 0.22560976 0.2296748  0.2296748  0.23170732 0.23170732
 0.24186992 0.24186992 0.24390244 0.24390244 0.24796748 0.24796748
 0.25       0.25       0.25203252 0.25203252 0.25609756 0.25609756
 0.25813008 0.25813008 0.26422764 0.26422764 0.26626016 0.26626016
 0.26829268 0.26829268 0.2703252  0.2703252  0.27439024 0.27439024
 0.27642276 0.27642276 0.28252033 0.28252033 0.28455285 0.28455285
 0.28658537 0.28658537 0.29268293 0.29268293 0.29471545 0.29471545
 0.29878049 0.29878049 0.30081301 0.30081301 0.30691057 0.30691057
 0.31097561 0.31097561 0.31504065 0.31504065 0.31707317 0.31707317
 0.31910569 0.31910569 0.32113821 0.32113821 0.32317073 0.32317073
 0.32723577 0.32723577 0.33536585 0.33536585 0.34756098 0.34756098
 0.35162602 0.35162602 0.35772358 0.35772358 0.3597561  0.3597561
 0.36178862 0.36178862 0.3699187  0.3699187  0.3800813  0.3800813
 0.38414634 0.38414634 0.39227642 0.39227642 0.39430894 0.39430894
 0.39634146 0.39634146 0.40447154 0.40447154 0.40650407 0.40650407
 0.40853659 0.40853659 0.41056911 0.41056911 0.41260163 0.41260163
 0.41666667 0.41666667 0.42276423 0.42276423 0.42682927 0.42682927
 0.43089431 0.43089431 0.43495935 0.43495935 0.43699187 0.43699187
 0.43902439 0.43902439 0.45121951 0.45121951 0.45325203 0.45325203
 0.45528455 0.45528455 0.46138211 0.46138211 0.47154472 0.47154472
 0.47560976 0.47560976 0.4796748  0.4796748  0.48373984 0.48373984
 0.48577236 0.48577236 0.4898374  0.4898374  0.49390244 0.49390244
 0.5        0.5        0.50203252 0.50203252 0.50406504 0.50406504
 0.51626016 0.51626016 0.52845528 0.52845528 0.54268293 0.54268293
 0.54878049 0.54878049 0.55081301 0.55081301 0.55284553 0.55284553
 0.55487805 0.55487805 0.55894309 0.55894309 0.56097561 0.56097561
 0.56300813 0.56300813 0.56707317 0.56707317 0.57113821 0.57113821
 0.57723577 0.57723577 0.58739837 0.58739837 0.5995935  0.5995935
 0.60569106 0.60569106 0.60772358 0.60772358 0.61382114 0.61382114
 0.63414634 0.63414634 0.63617886 0.63617886 0.6402439  0.6402439
 0.64227642 0.64227642 0.64634146 0.64634146 0.64837398 0.64837398
 0.6504065  0.6504065  0.65243902 0.65243902 0.65650407 0.65650407
 0.65853659 0.65853659 0.66056911 0.66056911 0.66463415 0.66463415
 0.67073171 0.67073171 0.67276423 0.67276423 0.67886179 0.67886179
 0.68089431 0.68089431 0.68292683 0.68292683 0.69105691 0.69105691
 0.69308943 0.69308943 0.70121951 0.70121951 0.70325203 0.70325203
 0.71544715 0.71544715 0.71747967 0.71747967 0.72154472 0.72154472
 0.73170732 0.73170732 0.73577236 0.73577236 0.74796748 0.74796748
 0.75813008 0.75813008 0.76219512 0.76219512 0.76626016 0.76626016
 0.7703252  0.7703252  0.77235772 0.77235772 0.77439024 0.77439024
 0.77845528 0.77845528 0.7804878  0.7804878  0.78252033 0.78252033
 0.78455285 0.78455285 0.78658537 0.78658537 0.78861789 0.78861789
 0.79065041 0.79065041 0.79471545 0.79471545 0.79674797 0.79674797
 0.79878049 0.79878049 0.80487805 0.80487805 0.80894309 0.80894309
 0.81097561 0.81097561 0.82113821 0.82113821 0.82317073 0.82317073
 0.83333333 0.83333333 0.83943089 0.83943089 0.84349593 0.84349593
 0.84756098 0.84756098 0.8597561  0.8597561  0.86788618 0.86788618
 0.87195122 0.87195122 0.87601626 0.87601626 0.8800813  0.8800813
 0.88211382 0.88211382 0.88414634 0.88414634 0.89430894 0.89430894
 0.89837398 0.89837398 0.90243902 0.90243902 0.90447154 0.90447154
 0.90650407 0.90650407 0.90853659 0.90853659 0.92479675 0.92479675
 0.93292683 0.93292683 0.94308943 0.94308943 0.94715447 0.94715447
 0.95731707 0.95731707 0.97357724 0.97357724 0.98170732 0.98170732
 0.98373984 0.98373984 0.98780488 0.98780488 0.99186992 0.99186992
 0.99390244 0.99390244 0.99796748 0.99796748 1.        ]