[0.         0.00203252 0.00203252 0.00406504 0.00406504 0.00813008
 0.00813008 0.0101626  0.0101626  0.01219512 0.01219512 0.01829268
 0.01829268 0.0203252  0.0203252  0.02439024 0.02439024 0.02845528
 0.02845528 0.03252033 0.03252033 0.03455285 0.03455285 0.03658537
 0.03658537 0.03861789 0.03861789 0.04268293 0.04268293 0.04471545
 0.04471545 0.05284553 0.05284553 0.05487805 0.05487805 0.06097561
 0.06097561 0.06300813 0.06300813 0.06504065 0.06504065 0.06707317
 0.06707317 0.06910569 0.06910569 0.07113821 0.07113821 0.07317073
 0.07317073 0.07520325 0.07520325 0.07926829 0.07926829 0.08130081
 0.08130081 0.08739837 0.08739837 0.09349593 0.09349593 0.09552846
 0.09552846 0.10162602 0.10162602 0.10365854 0.10365854 0.1097561
 0.1097561  0.11178862 0.11178862 0.11585366 0.11585366 0.11788618
 0.11788618 0.1199187  0.1199187  0.12195122 0.12195122 0.12601626
 0.12601626 0.12804878 0.12804878 0.1300813  0.1300813  0.13211382
 0.13211382 0.13617886 0.13617886 0.14227642 0.14227642 0.14430894
 0.14430894 0.14634146 0.14634146 0.14837398 0.14837398 0.1504065
 0.1504065  0.15447154 0.15447154 0.15853659 0.15853659 0.16260163
 0.16260163 0.16666667 0.16666667 0.16869919 0.16869919 0.17276423
 0.17276423 0.17682927 0.17682927 0.18495935 0.18495935 0.18699187
 0.18699187 0.18902439 0.18902439 0.19308943 0.19308943 0.20121951
 0.20121951 0.20325203 0.20325203 0.20731707 0.20731707 0.21544715
 0.21544715 0.2195122  0.2195122  0.22154472 0.22154472 0.22357724
 0.22357724 0.2296748  0.2296748  0.23170732 0.23170732 0.23373984
 0.23373984 0.23577236 0.23577236 0.2398374  0.2398374  0.24186992
 0.24186992 0.24796748 0.24796748 0.25       0.25       0.25203252
 0.25203252 0.25813008 0.25813008 0.26219512 0.26219512 0.26829268
 0.26829268 0.27439024 0.27439024 0.27845528 0.27845528 0.28252033
 0.28252033 0.28658537 0.28658537 0.28861789 0.28861789 0.29471545
 0.29471545 0.29878049 0.29878049 0.30284553 0.30284553 0.30487805
 0.30487805 0.30691057 0.30691057 0.30894309 0.30894309 0.31707317
 0.31707317 0.32113821 0.32113821 0.32723577 0.32723577 0.32926829
 0.32926829 0.34349593 0.34349593 0.34552846 0.34552846 0.3495935
 0.3495935  0.35162602 0.35162602 0.35772358 0.35772358 0.3597561
 0.3597561  0.36382114 0.36382114 0.36585366 0.36585366 0.3699187
 0.3699187  0.37398374 0.37398374 0.37601626 0.37601626 0.37804878
 0.37804878 0.38211382 0.38211382 0.38414634 0.38414634 0.38821138
 0.38821138 0.3902439  0.3902439  0.39837398 0.39837398 0.4004065
 0.4004065  0.40447154 0.40447154 0.41056911 0.41056911 0.42276423
 0.42276423 0.42479675 0.42479675 0.42682927 0.42682927 0.42886179
 0.42886179 0.43699187 0.43699187 0.43902439 0.43902439 0.44105691
 0.44105691 0.44308943 0.44308943 0.44512195 0.44512195 0.45528455
 0.45528455 0.46138211 0.46138211 0.46341463 0.46341463 0.46544715
 0.46544715 0.46747967 0.46747967 0.47764228 0.47764228 0.48170732
 0.48170732 0.48780488 0.48780488 0.4898374  0.4898374  0.49186992
 0.49186992 0.49390244 0.49390244 0.49593496 0.49593496 0.49796748
 0.49796748 0.5        0.5        0.50813008 0.50813008 0.51422764
 0.51422764 0.51829268 0.51829268 0.52439024 0.52439024 0.52642276
 0.52642276 0.5304878  0.5304878  0.53455285 0.53455285 0.53658537
 0.53658537 0.53861789 0.53861789 0.54268293 0.54268293 0.54471545
 0.54471545 0.54674797 0.54674797 0.54878049 0.54878049 0.55081301
 0.55081301 0.55284553 0.55284553 0.55487805 0.55487805 0.55691057
 0.55691057 0.55894309 0.55894309 0.56300813 0.56300813 0.56504065
 0.56504065 0.56707317 0.56707317 0.58536585 0.58536585 0.58739837
 0.58739837 0.58943089 0.58943089 0.59146341 0.59146341 0.59349593
 0.59349593 0.59552846 0.59552846 0.5995935  0.5995935  0.60162602
 0.60162602 0.6097561  0.6097561  0.61178862 0.61178862 0.61788618
 0.61788618 0.6199187  0.6199187  0.62195122 0.62195122 0.62804878
 0.62804878 0.63211382 0.63211382 0.63617886 0.63617886 0.64430894
 0.64430894 0.64634146 0.64634146 0.64837398 0.64837398 0.6504065
 0.6504065  0.65650407 0.65650407 0.66056911 0.66056911 0.66260163
 0.66260163 0.66463415 0.66463415 0.66869919 0.66869919 0.67479675
 0.67479675 0.67682927 0.67682927 0.67886179 0.67886179 0.68699187
 0.68699187 0.69512195 0.69512195 0.70121951 0.70121951 0.70528455
 0.70528455 0.70934959 0.70934959 0.71544715 0.71544715 0.71747967
 0.71747967 0.7195122  0.7195122  0.72154472 0.72154472 0.7296748
 0.7296748  0.73170732 0.73170732 0.73373984 0.73373984 0.74390244
 0.74390244 0.75609756 0.75609756 0.75813008 0.75813008 0.7601626
 0.7601626  0.76219512 0.76219512 0.76422764 0.76422764 0.76829268
 0.76829268 0.77439024 0.77439024 0.78252033 0.78252033 0.78455285
 0.78455285 0.78861789 0.78861789 0.79065041 0.79065041 0.79268293
 0.79268293 0.79674797 0.79674797 0.80081301 0.80081301 0.80487805
 0.80487805 0.80691057 0.80691057 0.81097561 0.81097561 0.81300813
 0.81300813 0.81707317 0.81707317 0.81910569 0.81910569 0.82113821
 0.82113821 0.82317073 0.82317073 0.82926829 0.82926829 0.83130081
 0.83130081 0.83333333 0.83333333 0.83536585 0.83536585 0.84552846
 0.84552846 0.85569106 0.85569106 0.86178862 0.86178862 0.86382114
 0.86382114 0.8699187  0.8699187  0.87195122 0.87195122 0.87601626
 0.87601626 0.88211382 0.88211382 0.89837398 0.89837398 0.90243902
 0.90243902 0.91869919 0.91869919 0.93089431 0.93089431 0.93699187
 0.93699187 0.94105691 0.94105691 0.94308943 0.94308943 0.94512195
 0.94512195 0.94918699 0.94918699 0.95325203 0.95325203 0.95528455
 0.95528455 0.96544715 0.96544715 0.96747967 0.96747967 0.9695122
 0.9695122  0.98170732 0.98170732 0.98373984 0.98373984 0.99593496
 0.99593496 1.        ]