[0.         0.00203252 0.00203252 0.00406504 0.00406504 0.00609756
 0.00609756 0.00813008 0.00813008 0.01219512 0.01219512 0.01422764
 0.01422764 0.01829268 0.01829268 0.0203252  0.0203252  0.02235772
 0.02235772 0.02439024 0.02439024 0.02642276 0.02642276 0.03455285
 0.03455285 0.04065041 0.04065041 0.04268293 0.04268293 0.04674797
 0.04674797 0.04878049 0.04878049 0.05284553 0.05284553 0.05487805
 0.05487805 0.05691057 0.05691057 0.06097561 0.06097561 0.06300813
 0.06300813 0.06504065 0.06504065 0.07113821 0.07113821 0.07317073
 0.07317073 0.07520325 0.07520325 0.07723577 0.07723577 0.07926829
 0.07926829 0.08333333 0.08333333 0.08943089 0.08943089 0.09146341
 0.09146341 0.09552846 0.09552846 0.0995935  0.0995935  0.10162602
 0.10162602 0.10365854 0.10365854 0.10569106 0.10569106 0.1097561
 0.1097561  0.11585366 0.11585366 0.11788618 0.11788618 0.12195122
 0.12195122 0.12601626 0.12601626 0.12804878 0.12804878 0.1300813
 0.1300813  0.13617886 0.13617886 0.13821138 0.13821138 0.14227642
 0.14227642 0.14634146 0.14634146 0.14837398 0.14837398 0.1504065
 0.1504065  0.15243902 0.15243902 0.15650407 0.15650407 0.15853659
 0.15853659 0.16260163 0.16260163 0.18089431 0.18089431 0.18292683
 0.18292683 0.18495935 0.18495935 0.18699187 0.18699187 0.19105691
 0.19105691 0.19308943 0.19308943 0.19512195 0.19512195 0.19715447
 0.19715447 0.19918699 0.19918699 0.20121951 0.20121951 0.20325203
 0.20325203 0.20528455 0.20528455 0.21341463 0.21341463 0.21544715
 0.21544715 0.22764228 0.22764228 0.2296748  0.2296748  0.23780488
 0.23780488 0.24186992 0.24186992 0.24390244 0.24390244 0.24593496
 0.24593496 0.24796748 0.24796748 0.25       0.25       0.25203252
 0.25203252 0.25406504 0.25406504 0.25609756 0.25609756 0.25813008
 0.25813008 0.2703252  0.2703252  0.27235772 0.27235772 0.27439024
 0.27439024 0.27642276 0.27642276 0.27845528 0.27845528 0.28252033
 0.28252033 0.28455285 0.28455285 0.28658537 0.28658537 0.29065041
 0.29065041 0.29674797 0.29674797 0.29878049 0.29878049 0.30487805
 0.30487805 0.31097561 0.31097561 0.31504065 0.31504065 0.32520325
 0.32520325 0.32926829 0.32926829 0.33130081 0.33130081 0.33333333
 0.33333333 0.33536585 0.33536585 0.33943089 0.33943089 0.34146341
 0.34146341 0.34349593 0.34349593 0.35365854 0.35365854 0.35569106
 0.35569106 0.35772358 0.35772358 0.36382114 0.36382114 0.36585366
 0.36585366 0.36788618 0.36788618 0.3699187  0.3699187  0.37398374
 0.37398374 0.37601626 0.37601626 0.37804878 0.37804878 0.38414634
 0.38414634 0.3902439  0.3902439  0.39227642 0.39227642 0.39430894
 0.39430894 0.39837398 0.39837398 0.4004065  0.4004065  0.40447154
 0.40447154 0.41463415 0.41463415 0.41666667 0.41666667 0.41869919
 0.41869919 0.42682927 0.42682927 0.42886179 0.42886179 0.43292683
 0.43292683 0.43699187 0.43699187 0.43902439 0.43902439 0.44105691
 0.44105691 0.44308943 0.44308943 0.44715447 0.44715447 0.45325203
 0.45325203 0.45934959 0.45934959 0.46138211 0.46138211 0.46544715
 0.46544715 0.46747967 0.46747967 0.4695122  0.4695122  0.47154472
 0.47154472 0.4796748  0.4796748  0.48170732 0.48170732 0.48373984
 0.48373984 0.48577236 0.48577236 0.48780488 0.48780488 0.4898374
 0.4898374  0.49186992 0.49186992 0.49390244 0.49390244 0.49593496
 0.49593496 0.49796748 0.49796748 0.5        0.5        0.50609756
 0.50609756 0.5101626  0.5101626  0.51626016 0.51626016 0.5203252
 0.5203252  0.52235772 0.52235772 0.52642276 0.52642276 0.5304878
 0.5304878  0.54065041 0.54065041 0.54471545 0.54471545 0.54674797
 0.54674797 0.55081301 0.55081301 0.55284553 0.55284553 0.55487805
 0.55487805 0.55894309 0.55894309 0.56097561 0.56097561 0.56504065
 0.56504065 0.56707317 0.56707317 0.57317073 0.57317073 0.57520325
 0.57520325 0.57926829 0.57926829 0.58130081 0.58130081 0.60162602
 0.60162602 0.60365854 0.60365854 0.61178862 0.61178862 0.61382114
 0.61382114 0.6199187  0.6199187  0.62195122 0.62195122 0.62398374
 0.62398374 0.62804878 0.62804878 0.6300813  0.6300813  0.63211382
 0.63211382 0.64634146 0.64634146 0.64837398 0.64837398 0.6504065
 0.6504065  0.65243902 0.65243902 0.65853659 0.65853659 0.66056911
 0.66056911 0.66463415 0.66463415 0.66666667 0.66666667 0.67073171
 0.67073171 0.67479675 0.67479675 0.68089431 0.68089431 0.68292683
 0.68292683 0.68699187 0.68699187 0.69105691 0.69105691 0.69715447
 0.69715447 0.70121951 0.70121951 0.70325203 0.70325203 0.70731707
 0.70731707 0.70934959 0.70934959 0.7195122  0.7195122  0.72357724
 0.72357724 0.72560976 0.72560976 0.73577236 0.73577236 0.73780488
 0.73780488 0.74593496 0.74593496 0.74796748 0.74796748 0.75203252
 0.75203252 0.75609756 0.75609756 0.75813008 0.75813008 0.7703252
 0.7703252  0.77642276 0.77642276 0.77845528 0.77845528 0.78252033
 0.78252033 0.79471545 0.79471545 0.80691057 0.80691057 0.80894309
 0.80894309 0.81097561 0.81097561 0.81707317 0.81707317 0.81910569
 0.81910569 0.82113821 0.82113821 0.82317073 0.82317073 0.82723577
 0.82723577 0.82926829 0.82926829 0.83333333 0.83333333 0.83536585
 0.83536585 0.83739837 0.83739837 0.83943089 0.83943089 0.84146341
 0.84146341 0.8495935  0.8495935  0.85365854 0.85365854 0.85772358
 0.85772358 0.8597561  0.8597561  0.86382114 0.86382114 0.8699187
 0.8699187  0.87195122 0.87195122 0.87601626 0.87601626 0.87804878
 0.87804878 0.8800813  0.8800813  0.88617886 0.88617886 0.8902439
 0.8902439  0.89430894 0.89430894 0.9004065  0.9004065  0.90853659
 0.90853659 0.91260163 0.91260163 0.91463415 0.91463415 0.91666667
 0.91666667 0.92073171 0.92073171 0.92682927 0.92682927 0.93089431
 0.93089431 0.94105691 0.94105691 0.94715447 0.94715447 0.95325203
 0.95325203 0.95528455 0.95528455 0.96138211 0.96138211 0.97154472
 0.97154472 0.97560976 0.97560976 0.9898374  0.9898374  0.99186992
 0.99186992 1.         1.        ]