[0.         0.00201613 0.00201613 0.00604839 0.00604839 0.0141129
 0.0141129  0.01612903 0.01612903 0.02016129 0.02016129 0.02217742
 0.02217742 0.02419355 0.02419355 0.02822581 0.02822581 0.03024194
 0.03024194 0.03427419 0.03427419 0.03629032 0.03629032 0.04032258
 0.04032258 0.04233871 0.04233871 0.04435484 0.04435484 0.04637097
 0.04637097 0.05040323 0.05040323 0.05443548 0.05443548 0.05645161
 0.05645161 0.0625     0.0625     0.06451613 0.06451613 0.06653226
 0.06653226 0.06854839 0.06854839 0.07258065 0.07258065 0.07459677
 0.07459677 0.0766129  0.0766129  0.07862903 0.07862903 0.08064516
 0.08064516 0.08669355 0.08669355 0.08870968 0.08870968 0.09274194
 0.09274194 0.09475806 0.09475806 0.09677419 0.09677419 0.10282258
 0.10282258 0.10483871 0.10483871 0.10685484 0.10685484 0.1108871
 0.1108871  0.11491935 0.11491935 0.11693548 0.11693548 0.11895161
 0.11895161 0.12096774 0.12096774 0.12298387 0.12298387 0.12903226
 0.12903226 0.13306452 0.13306452 0.13508065 0.13508065 0.13709677
 0.13709677 0.1391129  0.1391129  0.14112903 0.14112903 0.14314516
 0.14314516 0.14516129 0.14516129 0.14717742 0.14717742 0.15524194
 0.15524194 0.15725806 0.15725806 0.16129032 0.16129032 0.16330645
 0.16330645 0.16733871 0.16733871 0.17540323 0.17540323 0.17943548
 0.17943548 0.18548387 0.18548387 0.1875     0.1875     0.18951613
 0.18951613 0.19354839 0.19354839 0.19758065 0.19758065 0.20564516
 0.20564516 0.20967742 0.20967742 0.21774194 0.21774194 0.22177419
 0.22177419 0.22379032 0.22379032 0.23185484 0.23185484 0.23387097
 0.23387097 0.2358871  0.2358871  0.23790323 0.23790323 0.23991935
 0.23991935 0.24193548 0.24193548 0.24395161 0.24395161 0.24798387
 0.24798387 0.25201613 0.25201613 0.26008065 0.26008065 0.26814516
 0.26814516 0.27016129 0.27016129 0.27217742 0.27217742 0.28024194
 0.28024194 0.28427419 0.28427419 0.28629032 0.28629032 0.29233871
 0.29233871 0.29435484 0.29435484 0.29637097 0.29637097 0.2983871
 0.2983871  0.30443548 0.30443548 0.31048387 0.31048387 0.31653226
 0.31653226 0.31854839 0.31854839 0.32056452 0.32056452 0.32258065
 0.32258065 0.32862903 0.32862903 0.33064516 0.33064516 0.33669355
 0.33669355 0.33870968 0.33870968 0.34274194 0.34274194 0.34677419
 0.34677419 0.34879032 0.34879032 0.35080645 0.35080645 0.3608871
 0.3608871  0.36290323 0.36290323 0.36693548 0.36693548 0.375
 0.375      0.38104839 0.38104839 0.38306452 0.38306452 0.38508065
 0.38508065 0.3891129  0.3891129  0.39112903 0.39112903 0.39314516
 0.39314516 0.40120968 0.40120968 0.40524194 0.40524194 0.40725806
 0.40725806 0.40927419 0.40927419 0.41330645 0.41330645 0.41532258
 0.41532258 0.41935484 0.41935484 0.42137097 0.42137097 0.42741935
 0.42741935 0.42943548 0.42943548 0.43346774 0.43346774 0.43951613
 0.43951613 0.44556452 0.44556452 0.44758065 0.44758065 0.44959677
 0.44959677 0.4516129  0.4516129  0.46572581 0.46572581 0.46774194
 0.46774194 0.47379032 0.47379032 0.47580645 0.47580645 0.47782258
 0.47782258 0.4858871  0.4858871  0.48790323 0.48790323 0.49395161
 0.49395161 0.49798387 0.49798387 0.50201613 0.50201613 0.51008065
 0.51008065 0.51209677 0.51209677 0.52016129 0.52016129 0.53225806
 0.53225806 0.53427419 0.53427419 0.53830645 0.53830645 0.54233871
 0.54233871 0.54435484 0.54435484 0.55241935 0.55241935 0.55645161
 0.55645161 0.55846774 0.55846774 0.5625     0.5625     0.56451613
 0.56451613 0.56854839 0.56854839 0.57258065 0.57258065 0.58266129
 0.58266129 0.58669355 0.58669355 0.59072581 0.59072581 0.59475806
 0.59475806 0.59677419 0.59677419 0.60685484 0.60685484 0.60887097
 0.60887097 0.6108871  0.6108871  0.61290323 0.61290323 0.61491935
 0.61491935 0.61895161 0.61895161 0.62298387 0.62298387 0.625
 0.625      0.63306452 0.63306452 0.63508065 0.63508065 0.63709677
 0.63709677 0.6391129  0.6391129  0.64717742 0.64717742 0.65322581
 0.65322581 0.66532258 0.66532258 0.66733871 0.66733871 0.68346774
 0.68346774 0.68951613 0.68951613 0.69556452 0.69556452 0.69758065
 0.69758065 0.69959677 0.69959677 0.7016129  0.7016129  0.70564516
 0.70564516 0.70967742 0.70967742 0.71169355 0.71169355 0.71370968
 0.71370968 0.71975806 0.71975806 0.72177419 0.72177419 0.72580645
 0.72580645 0.72782258 0.72782258 0.72983871 0.72983871 0.73185484
 0.73185484 0.73387097 0.73387097 0.7358871  0.7358871  0.73790323
 0.73790323 0.74193548 0.74193548 0.75201613 0.75201613 0.76209677
 0.76209677 0.7641129  0.7641129  0.76612903 0.76612903 0.78629032
 0.78629032 0.78830645 0.78830645 0.79032258 0.79032258 0.7983871
 0.7983871  0.80241935 0.80241935 0.80645161 0.80645161 0.81048387
 0.81048387 0.81451613 0.81451613 0.81854839 0.81854839 0.8266129
 0.8266129  0.82862903 0.82862903 0.83064516 0.83064516 0.84072581
 0.84072581 0.84274194 0.84274194 0.84677419 0.84677419 0.84879032
 0.84879032 0.85080645 0.85080645 0.85685484 0.85685484 0.86693548
 0.86693548 0.86895161 0.86895161 0.87701613 0.87701613 0.88104839
 0.88104839 0.88306452 0.88306452 0.88508065 0.88508065 0.89717742
 0.89717742 0.89919355 0.89919355 0.91733871 0.91733871 0.92943548
 0.92943548 0.93951613 0.93951613 0.9516129  0.9516129  0.95564516
 0.95564516 0.95967742 0.95967742 0.96169355 0.96169355 0.96572581
 0.96572581 0.97177419 0.97177419 0.97580645 0.97580645 0.97983871
 0.97983871 0.99395161 0.99395161 1.        ]