[ 2.53260032e+00  1.53260032e+00  1.38432710e+00  1.37350722e+00
  1.34454504e+00  1.27809224e+00  1.20553893e+00  1.19709396e+00
  1.17099455e+00  1.07890122e+00  1.04958082e+00  1.03196987e+00
  1.00989204e+00  9.95899076e-01  9.94093191e-01  9.74918188e-01
  9.59885479e-01  9.50354240e-01  9.39820379e-01  9.37288021e-01
  9.35405379e-01  9.30400883e-01  9.17586635e-01  9.09960556e-01
  8.95683072e-01  8.83599623e-01  8.71176624e-01  8.70209160e-01
  8.56662948e-01  8.53073937e-01  8.42033491e-01  8.38305817e-01
  8.31069332e-01  8.28623957e-01  8.16308016e-01  8.16290783e-01
  7.93181596e-01  7.89027628e-01  7.86597865e-01  7.85915885e-01
  7.85267584e-01  7.69072851e-01  7.62728467e-01  7.60478855e-01
  7.55032814e-01  7.49575828e-01  7.39947074e-01  7.39287748e-01
  7.38386342e-01  7.38330015e-01  7.31151443e-01  7.28966087e-01
  7.25165547e-01  7.21540755e-01  7.15443852e-01  7.08743231e-01
  7.06565017e-01  7.06382143e-01  7.04003637e-01  6.98055815e-01
  6.96744912e-01  6.95224883e-01  6.91530959e-01  6.89213745e-01
  6.83995556e-01  6.78689262e-01  6.77151946e-01  6.75610994e-01
  6.75574167e-01  6.72349973e-01  6.71960531e-01  6.64624928e-01
  6.58151500e-01  6.53803105e-01  6.50837803e-01  6.47173413e-01
  6.42554799e-01  6.41942362e-01  6.37888213e-01  6.34825804e-01
  6.03993650e-01  6.02781146e-01  5.93368665e-01  5.92264067e-01
  5.90055017e-01  5.83612029e-01  5.83382377e-01  5.79896079e-01
  5.77550474e-01  5.76866275e-01  5.73649143e-01  5.69825509e-01
  5.60673065e-01  5.58381790e-01  5.54089944e-01  5.51503888e-01
  5.50510974e-01  5.47698615e-01  5.46638132e-01  5.38771833e-01
  5.35878400e-01  5.30530004e-01  5.28623197e-01  5.27163041e-01
  5.22055523e-01  5.20304477e-01  5.20174924e-01  5.12508390e-01
  5.09723913e-01  5.06983571e-01  5.00014801e-01  4.98553359e-01
  4.98437660e-01  4.94470127e-01  4.92669229e-01  4.92225206e-01
  4.83236210e-01  4.82344755e-01  4.81625321e-01  4.78284251e-01
  4.73591940e-01  4.73542639e-01  4.73539604e-01  4.72527835e-01
  4.70632174e-01  4.69962545e-01  4.60245960e-01  4.59151347e-01
  4.55401814e-01  4.52084990e-01  4.50018834e-01  4.48340873e-01
  4.47134585e-01  4.45603617e-01  4.43814768e-01  4.39374115e-01
  4.32878636e-01  4.31659213e-01  4.31313733e-01  4.31227082e-01
  4.28058307e-01  4.25160367e-01  4.22048834e-01  4.21648429e-01
  4.17782640e-01  4.15903597e-01  4.10750464e-01  4.01786406e-01
  4.01782476e-01  3.96854293e-01  3.95776948e-01  3.95378551e-01
  3.93385823e-01  3.78341975e-01  3.78011996e-01  3.77800155e-01
  3.74420827e-01  3.73281612e-01  3.72050191e-01  3.68529978e-01
  3.64425003e-01  3.60781040e-01  3.57594927e-01  3.55924948e-01
  3.55459895e-01  3.55297776e-01  3.54364997e-01  3.54264785e-01
  3.52917009e-01  3.49396667e-01  3.49351039e-01  3.42953971e-01
  3.42058627e-01  3.41045934e-01  3.37051752e-01  3.36942529e-01
  3.35005344e-01  3.34987631e-01  3.34463745e-01  3.31324400e-01
  3.27074740e-01  3.26766355e-01  3.22323616e-01  3.18823200e-01
  3.18761413e-01  3.18379265e-01  3.14664913e-01  3.11179681e-01
  3.06333931e-01  3.05086861e-01  3.01717314e-01  3.00355952e-01
  2.95608838e-01  2.94800069e-01  2.94450259e-01  2.93740221e-01
  2.88089581e-01  2.86049713e-01  2.83811047e-01  2.82945652e-01
  2.80777055e-01  2.80494177e-01  2.79248191e-01  2.73472152e-01
  2.70762280e-01  2.70517670e-01  2.64899930e-01  2.64040016e-01
  2.58609389e-01  2.56821349e-01  2.56798415e-01  2.56260439e-01
  2.52182140e-01  2.51860932e-01  2.49946001e-01  2.47320919e-01
  2.47243358e-01  2.42710504e-01  2.41364780e-01  2.41317012e-01
  2.41035368e-01  2.38690092e-01  2.35962106e-01  2.34098512e-01
  2.29030389e-01  2.28942416e-01  2.21103190e-01  2.13524190e-01
  2.12784591e-01  2.12711254e-01  2.10448326e-01  2.05861433e-01
  2.04218305e-01  2.00955581e-01  1.98133129e-01  1.95826361e-01
  1.93723956e-01  1.93718781e-01  1.92797537e-01  1.90426493e-01
  1.89974290e-01  1.88322999e-01  1.86807565e-01  1.78308455e-01
  1.77686663e-01  1.75779793e-01  1.71392943e-01  1.69075424e-01
  1.67215248e-01  1.59557620e-01  1.59043453e-01  1.57831761e-01
  1.51232233e-01  1.51135260e-01  1.50370383e-01  1.50050464e-01
  1.48211358e-01  1.46525673e-01  1.36739291e-01  1.36668468e-01
  1.33523776e-01  1.30878545e-01  1.30144670e-01  1.29022243e-01
  1.26669250e-01  1.26229883e-01  1.21928121e-01  1.20530407e-01
  1.14397366e-01  1.13739224e-01  1.13707850e-01  1.10633263e-01
  1.09022500e-01  1.08804588e-01  1.07257451e-01  1.03750584e-01
  1.03226401e-01  9.85578772e-02  9.81652951e-02  8.43783625e-02
  8.12378099e-02  7.57260253e-02  7.56018604e-02  7.41893241e-02
  7.19375515e-02  7.07888074e-02  6.94251720e-02  6.93450363e-02
  6.43706457e-02  6.40698491e-02  5.81907331e-02  5.48665181e-02
  5.44617511e-02  5.33139058e-02  5.07775449e-02  5.06498974e-02
  4.96631871e-02  4.83132373e-02  4.81818962e-02  4.73529570e-02
  4.69245791e-02  4.65192015e-02  4.39672273e-02  3.99379099e-02
  3.43675474e-02  3.31311408e-02  3.16209001e-02  2.18918923e-02
  2.17611407e-02  2.05921976e-02  2.03878133e-02  1.23769793e-02
  1.09346258e-02  9.92691658e-03  9.33958486e-03  6.73558281e-03
  5.19665208e-03  4.01121201e-03  3.78631757e-03  2.53282775e-03
  1.96887088e-03  9.19861140e-04 -2.53691218e-03 -3.56908954e-03
 -4.08219765e-03 -4.47081875e-03 -8.85626890e-03 -9.19250292e-03
 -1.10686870e-02 -1.17897665e-02 -1.21231877e-02 -1.23626880e-02
 -1.59053121e-02 -1.70117266e-02 -1.96170162e-02 -1.97129343e-02
 -1.98225672e-02 -2.05253050e-02 -2.11390331e-02 -2.17332895e-02
 -2.28197713e-02 -2.35664559e-02 -2.42445305e-02 -2.50618207e-02
 -3.10817169e-02 -3.10990676e-02 -3.63399125e-02 -3.90948954e-02
 -4.00396850e-02 -4.85379579e-02 -5.57053826e-02 -5.61445375e-02
 -5.92320437e-02 -6.47316926e-02 -6.57121856e-02 -6.59686295e-02
 -6.89094161e-02 -6.91013138e-02 -6.94189270e-02 -7.14273968e-02
 -7.15187336e-02 -7.21964266e-02 -7.37708211e-02 -7.67418936e-02
 -7.72945232e-02 -8.61846158e-02 -8.88014639e-02 -8.91769912e-02
 -9.56426419e-02 -1.01879385e-01 -1.04955137e-01 -1.07459063e-01
 -1.09203348e-01 -1.09236410e-01 -1.19575450e-01 -1.20570790e-01
 -1.20967801e-01 -1.26006076e-01 -1.31652033e-01 -1.35628645e-01
 -1.38152690e-01 -1.42718201e-01 -1.47247387e-01 -1.47602642e-01
 -1.51902086e-01 -1.52120302e-01 -1.57342122e-01 -1.61463669e-01
 -1.63608348e-01 -1.66237679e-01 -1.66377310e-01 -1.66428050e-01
 -1.67784540e-01 -1.72283023e-01 -1.73852850e-01 -1.78602166e-01
 -1.78803413e-01 -1.87367053e-01 -1.90564837e-01 -1.92139107e-01
 -1.92794889e-01 -1.96755259e-01 -1.97480669e-01 -1.99569426e-01
 -2.00573404e-01 -2.01950622e-01 -2.02528345e-01 -2.06315818e-01
 -2.07267314e-01 -2.07700671e-01 -2.08859002e-01 -2.11035819e-01
 -2.12096167e-01 -2.15338585e-01 -2.17909747e-01 -2.25826751e-01
 -2.29961141e-01 -2.36183302e-01 -2.37684145e-01 -2.38032970e-01
 -2.38412378e-01 -2.38931374e-01 -2.40574290e-01 -2.40869357e-01
 -2.42077645e-01 -2.50059983e-01 -2.50405630e-01 -2.57877080e-01
 -2.58385846e-01 -2.60814245e-01 -2.63302677e-01 -2.64662239e-01
 -2.65104760e-01 -2.71390212e-01 -2.71512474e-01 -2.82683352e-01
 -2.83031582e-01 -2.83375810e-01 -2.86521967e-01 -2.95086332e-01
 -2.95504603e-01 -3.02478835e-01 -3.10664515e-01 -3.14425670e-01
 -3.16016050e-01 -3.16480807e-01 -3.18736815e-01 -3.26213243e-01
 -3.26447540e-01 -3.26597865e-01 -3.33235084e-01 -3.33837493e-01
 -3.41639258e-01 -3.44508939e-01 -3.47104312e-01 -3.60971248e-01
 -3.62219491e-01 -3.70451761e-01 -3.71941771e-01 -3.72968196e-01
 -3.83215179e-01 -3.95811734e-01 -3.97371774e-01 -4.04736921e-01
 -4.11558137e-01 -4.13135967e-01 -4.15968407e-01 -4.18942502e-01
 -4.19431156e-01 -4.25653048e-01 -4.31457278e-01 -4.43714121e-01
 -4.45435329e-01 -4.47145417e-01 -4.49350891e-01 -4.64739938e-01
 -4.86031750e-01 -4.90538917e-01 -4.92713549e-01 -5.39171213e-01
 -5.56461277e-01 -5.66571470e-01 -5.70968493e-01 -5.80888407e-01
 -5.82728920e-01 -5.85095876e-01 -5.98342976e-01 -6.00115927e-01
 -6.01014647e-01 -6.42402124e-01 -6.47606602e-01 -6.50523161e-01
 -6.55927506e-01 -6.61303664e-01 -6.69816047e-01 -6.71487912e-01
 -7.04884688e-01 -7.28702342e-01 -7.36637715e-01 -7.45217092e-01
 -7.83176338e-01 -7.97655919e-01 -8.80605675e-01 -9.01254625e-01
 -9.58214446e-01 -1.00186387e+00 -1.04769573e+00]