[ 2.69832518  1.69832518  1.6315101   1.58416678  1.5463585   1.46564685
  1.46264796  1.46195689  1.42585087  1.41620398  1.39679888  1.38472665
  1.38257346  1.35256415  1.33956215  1.31585535  1.30888276  1.30298878
  1.29917485  1.273366    1.26618862  1.25433827  1.24825677  1.24810402
  1.23530492  1.22667757  1.22360762  1.19016361  1.18780117  1.16132418
  1.14242674  1.12576174  1.11744104  1.10631816  1.10388521  1.10303727
  1.10207924  1.09774582  1.09468752  1.09412195  1.09238535  1.08915476
  1.08519325  1.08342088  1.07934197  1.07176381  1.06993472  1.06608299
  1.06328096  1.05802946  1.05515646  1.05211272  1.04699248  1.03835807
  1.03643099  1.03276705  1.02860463  1.02738872  1.01720268  1.0169421
  1.01468335  1.00841627  0.99013423  0.97660096  0.9712563   0.96127218
  0.94925022  0.94775673  0.94655847  0.94467597  0.94463418  0.93669273
  0.93309371  0.93055795  0.92572038  0.89793808  0.89468521  0.89392549
  0.89160697  0.89066059  0.88931088  0.88857603  0.88165177  0.8792772
  0.87401812  0.87002199  0.86939896  0.86637881  0.86584806  0.86397314
  0.86064193  0.85796736  0.85376143  0.84705357  0.84554088  0.84314617
  0.84243225  0.8344587   0.83378409  0.81888765  0.81868457  0.80858299
  0.80782941  0.79610276  0.79580399  0.79169773  0.78932535  0.78750698
  0.78650563  0.78616437  0.7860401   0.77837401  0.77823278  0.77502522
  0.77426708  0.77344275  0.77268877  0.77237324  0.76980298  0.76940465
  0.76593496  0.75120055  0.75082594  0.74872872  0.74390528  0.7409429
  0.73776811  0.73259484  0.73247851  0.72771714  0.72690272  0.72610148
  0.72396867  0.72253366  0.7208991   0.72020916  0.71802179  0.71763383
  0.7123656   0.71200253  0.71147515  0.70381159  0.70293257  0.70152597
  0.69870611  0.68508591  0.68434919  0.67968927  0.67757587  0.67657099
  0.67389618  0.671303    0.668442    0.66825912  0.66676307  0.65982284
  0.65414519  0.65228246  0.65021098  0.64922091  0.64914844  0.64898283
  0.64872742  0.64751732  0.64565587  0.64123717  0.63275986  0.62933931
  0.62641721  0.62516325  0.6236906   0.62134067  0.61650135  0.6128233
  0.59962168  0.59834738  0.58915188  0.58082355  0.58002356  0.57933823
  0.57822986  0.57786626  0.57694258  0.57557844  0.57338038  0.5685978
  0.55970407  0.55378378  0.55023434  0.54831335  0.54757657  0.54749641
  0.54423163  0.5420006   0.53682432  0.5279035   0.52727691  0.52682362
  0.52542029  0.52506527  0.52341167  0.52159708  0.50636204  0.49979283
  0.4972439   0.49575825  0.49145332  0.49063926  0.48727868  0.48622318
  0.47948622  0.46792191  0.46259646  0.46160738  0.45093791  0.44898897
  0.44819799  0.44801207  0.44421995  0.4418804   0.43888977  0.42857638
  0.42795274  0.41908303  0.41893215  0.41727485  0.41663872  0.41365315
  0.41325912  0.41325466  0.40943552  0.40009568  0.39485858  0.38802742
  0.38405517  0.38163646  0.36708548  0.36689847  0.36548805  0.36439363
  0.36152818  0.3608103   0.35970827  0.35969685  0.35628777  0.35452972
  0.35390723  0.35163522  0.35013336  0.34798425  0.34725681  0.34298931
  0.33769166  0.33450542  0.33352479  0.33312403  0.33187261  0.32514768
  0.31628837  0.31524172  0.31485709  0.31268495  0.30990441  0.30989638
  0.30558004  0.30238481  0.29871216  0.29711983  0.29421865  0.28883709
  0.28627055  0.28399634  0.28157085  0.27716177  0.27366091  0.27331433
  0.27300056  0.27074238  0.26834207  0.26151538  0.26031983  0.25995841
  0.25854853  0.25164183  0.25076747  0.24795791  0.24496266  0.23850792
  0.23378806  0.23342917  0.23046394  0.2293289   0.22912136  0.22811244
  0.22715026  0.22541583  0.22172241  0.20882416  0.20839789  0.20550359
  0.19891186  0.19815464  0.19760839  0.19728086  0.19286693  0.19115224
  0.19011568  0.18624824  0.17730271  0.17463856  0.17077944  0.16981032
  0.16367444  0.16336696  0.15875192  0.15336384  0.14756234  0.145679
  0.14527794  0.14477001  0.13991848  0.13850642  0.13775339  0.13429864
  0.13405755  0.13338973  0.13299123  0.13113819  0.12779517  0.12731469
  0.12622224  0.12464807  0.11755072  0.11653967  0.11624265  0.10691324
  0.10413385  0.09929483  0.09873423  0.09561161  0.09433954  0.09141197
  0.08879901  0.08699243  0.07828584  0.07001349  0.06751295  0.06352198
  0.06265887  0.05728187  0.05679838  0.05420168  0.05236287  0.05166
  0.03750938  0.03404057  0.01653549  0.01344515  0.01072236  0.00616732
 -0.01107511 -0.01407812 -0.03249018 -0.03314961 -0.03686655 -0.03687468
 -0.03849128 -0.03903659 -0.04061446 -0.04740266 -0.04789293 -0.04848994
 -0.05424522 -0.05516669 -0.05775299 -0.05820347 -0.06516377 -0.06522341
 -0.06889828 -0.06937432 -0.0745056  -0.07530168 -0.075529   -0.07914989
 -0.08315765 -0.08538217 -0.08697814 -0.09600448 -0.09767308 -0.09812299
 -0.10536725 -0.10738332 -0.10794291 -0.10827314 -0.12151005 -0.12402122
 -0.12409536 -0.12620234 -0.13012216 -0.13851518 -0.14485223 -0.15556698
 -0.15594231 -0.15988605 -0.16303765 -0.1679295  -0.16952797 -0.17147007
 -0.17178603 -0.1810012  -0.18949504 -0.19308233 -0.19377313 -0.19653336
 -0.20033903 -0.21674956 -0.21705507 -0.21797959 -0.22081435 -0.22183088
 -0.22269433 -0.23060125 -0.24656234 -0.24921105 -0.26564611 -0.26778079
 -0.28352714 -0.28623742 -0.29125332 -0.3089703  -0.30981925 -0.31217773
 -0.31656436 -0.31750782 -0.32183101 -0.32342199 -0.33075307 -0.33238288
 -0.34050806 -0.34168256 -0.34441986 -0.34805118 -0.3530631  -0.35309187
 -0.35499553 -0.36038729 -0.36209051 -0.36929754 -0.37177089 -0.37203839
 -0.37298879 -0.39031504 -0.39299065 -0.3933448  -0.40043495 -0.40617271
 -0.40631924 -0.41914876 -0.42086781 -0.42197173 -0.42515136 -0.42996764
 -0.43876147 -0.44089329 -0.44372272 -0.44604362 -0.44647978 -0.45220111
 -0.45731583 -0.46208371 -0.46470025 -0.47542328 -0.48389504 -0.48456706
 -0.49537749 -0.5018218  -0.51485352 -0.51738351 -0.53403566 -0.53789876
 -0.55532677 -0.56457272 -0.57159561 -0.59139922 -0.59553113 -0.59569212
 -0.60436486 -0.61165919 -0.61777122 -0.62727678 -0.64782063 -0.66872822
 -0.73362311 -0.74042226 -0.7721947  -0.80322348 -0.80923206 -0.81395193
 -0.81989253 -0.85550303 -0.85875263 -0.86956522 -1.02072864 -1.03045478
 -1.03047964 -1.07472185 -1.07736471 -1.09540208 -1.10877366 -1.13130227
 -1.1579809  -1.21548182 -1.21559951 -1.21732733 -1.41341903 -1.45212117
 -1.48953389 -1.57256188 -1.68339393]