[0.         0.00203252 0.00813008 0.00813008 0.0101626  0.0101626
 0.01829268 0.01829268 0.02235772 0.02235772 0.02642276 0.02642276
 0.02845528 0.02845528 0.0304878  0.0304878  0.03252033 0.03252033
 0.03455285 0.03455285 0.03658537 0.03658537 0.03861789 0.03861789
 0.04268293 0.04268293 0.04471545 0.04471545 0.04674797 0.04674797
 0.05081301 0.05081301 0.05691057 0.05691057 0.06097561 0.06097561
 0.06300813 0.06300813 0.07113821 0.07113821 0.07520325 0.07520325
 0.07926829 0.07926829 0.08130081 0.08130081 0.08333333 0.08333333
 0.08536585 0.08536585 0.08739837 0.08739837 0.09552846 0.09552846
 0.09756098 0.09756098 0.10162602 0.10162602 0.10365854 0.10365854
 0.10569106 0.10569106 0.10772358 0.10772358 0.1097561  0.1097561
 0.11382114 0.11382114 0.12195122 0.12195122 0.12398374 0.12398374
 0.12601626 0.12601626 0.12804878 0.12804878 0.1300813  0.1300813
 0.13414634 0.13414634 0.13617886 0.13617886 0.14227642 0.14227642
 0.1504065  0.1504065  0.15243902 0.15243902 0.15650407 0.15650407
 0.15853659 0.15853659 0.16056911 0.16056911 0.16260163 0.16260163
 0.16869919 0.16869919 0.17073171 0.17073171 0.17276423 0.17276423
 0.17479675 0.17479675 0.18089431 0.18089431 0.18292683 0.18292683
 0.18495935 0.18495935 0.18902439 0.18902439 0.19105691 0.19105691
 0.19512195 0.19512195 0.19715447 0.19715447 0.19918699 0.19918699
 0.20121951 0.20121951 0.20325203 0.20325203 0.20731707 0.20731707
 0.21138211 0.21138211 0.21341463 0.21341463 0.22764228 0.22764228
 0.23373984 0.23373984 0.2398374  0.2398374  0.24186992 0.24186992
 0.24390244 0.24390244 0.24593496 0.24593496 0.24796748 0.24796748
 0.25609756 0.25609756 0.26219512 0.26219512 0.26626016 0.26626016
 0.27845528 0.27845528 0.28455285 0.28455285 0.28658537 0.28658537
 0.29065041 0.29065041 0.30081301 0.30081301 0.30284553 0.30284553
 0.30487805 0.30487805 0.30894309 0.30894309 0.31504065 0.31504065
 0.32317073 0.32317073 0.32520325 0.32520325 0.32723577 0.32723577
 0.33130081 0.33130081 0.33333333 0.33333333 0.33536585 0.33536585
 0.33943089 0.33943089 0.34146341 0.34146341 0.34349593 0.34349593
 0.34552846 0.34552846 0.34756098 0.34756098 0.35162602 0.35162602
 0.35365854 0.35365854 0.35569106 0.35569106 0.35772358 0.35772358
 0.3597561  0.3597561  0.36585366 0.36585366 0.3699187  0.3699187
 0.37195122 0.37195122 0.38211382 0.38211382 0.38414634 0.38414634
 0.38617886 0.38617886 0.39227642 0.39227642 0.39634146 0.39634146
 0.39837398 0.39837398 0.4004065  0.4004065  0.40243902 0.40243902
 0.40447154 0.40447154 0.40650407 0.40650407 0.41260163 0.41260163
 0.41666667 0.41666667 0.42073171 0.42073171 0.42276423 0.42276423
 0.43699187 0.43699187 0.43902439 0.43902439 0.44105691 0.44105691
 0.44308943 0.44308943 0.44715447 0.44715447 0.44918699 0.44918699
 0.45121951 0.45121951 0.45731707 0.45731707 0.45934959 0.45934959
 0.46544715 0.46544715 0.46747967 0.46747967 0.4695122  0.4695122
 0.48170732 0.48170732 0.48780488 0.48780488 0.4898374  0.4898374
 0.49796748 0.49796748 0.50203252 0.50203252 0.50406504 0.50406504
 0.50813008 0.50813008 0.5101626  0.5101626  0.51626016 0.51626016
 0.52439024 0.52439024 0.5304878  0.5304878  0.53658537 0.53658537
 0.53861789 0.53861789 0.54268293 0.54268293 0.54471545 0.54471545
 0.55284553 0.55284553 0.55487805 0.55487805 0.55691057 0.55691057
 0.56300813 0.56300813 0.56504065 0.56504065 0.56707317 0.56707317
 0.57317073 0.57317073 0.57926829 0.57926829 0.58333333 0.58333333
 0.58536585 0.58536585 0.59146341 0.59146341 0.59349593 0.59349593
 0.60162602 0.60162602 0.6097561  0.6097561  0.61585366 0.61585366
 0.62195122 0.62195122 0.62398374 0.62398374 0.6300813  0.6300813
 0.63617886 0.63617886 0.6402439  0.6402439  0.64634146 0.64634146
 0.6504065  0.6504065  0.65243902 0.65243902 0.65853659 0.65853659
 0.66056911 0.66056911 0.66463415 0.66463415 0.67479675 0.67479675
 0.67682927 0.67682927 0.68292683 0.68292683 0.68495935 0.68495935
 0.68699187 0.68699187 0.69308943 0.69308943 0.69918699 0.69918699
 0.70325203 0.70325203 0.70528455 0.70528455 0.70731707 0.70731707
 0.71341463 0.71341463 0.7195122  0.7195122  0.72154472 0.72154472
 0.72560976 0.72560976 0.73780488 0.73780488 0.75203252 0.75203252
 0.75406504 0.75406504 0.75609756 0.75609756 0.75813008 0.75813008
 0.76626016 0.76626016 0.77845528 0.77845528 0.78252033 0.78252033
 0.78658537 0.78658537 0.79065041 0.79065041 0.79674797 0.79674797
 0.80284553 0.80284553 0.80487805 0.80487805 0.80691057 0.80691057
 0.80894309 0.80894309 0.81097561 0.81097561 0.81300813 0.81300813
 0.82317073 0.82317073 0.82520325 0.82520325 0.82723577 0.82723577
 0.82926829 0.82926829 0.83130081 0.83130081 0.83739837 0.83739837
 0.83943089 0.83943089 0.84349593 0.84349593 0.84756098 0.84756098
 0.8495935  0.8495935  0.86585366 0.86585366 0.8699187  0.8699187
 0.87804878 0.87804878 0.88211382 0.88211382 0.88617886 0.88617886
 0.88821138 0.88821138 0.89430894 0.89430894 0.90243902 0.90243902
 0.90650407 0.90650407 0.91260163 0.91260163 0.91463415 0.91463415
 0.92479675 0.92479675 0.93089431 0.93089431 0.93292683 0.93292683
 0.93699187 0.93699187 0.93902439 0.93902439 0.94105691 0.94105691
 0.94308943 0.94308943 0.94715447 0.94715447 0.96138211 0.96138211
 0.98373984 0.98373984 0.98780488 0.98780488 1.        ]