[0.         0.         0.         0.00393701 0.00393701 0.00590551
 0.00590551 0.01181102 0.01181102 0.01377953 0.01377953 0.02165354
 0.02165354 0.03740157 0.03740157 0.04133858 0.04133858 0.04527559
 0.04527559 0.0511811  0.0511811  0.06496063 0.06496063 0.07480315
 0.07480315 0.09645669 0.09645669 0.1023622  0.1023622  0.10433071
 0.10433071 0.10629921 0.10629921 0.11023622 0.11023622 0.11417323
 0.11417323 0.11614173 0.11614173 0.11811024 0.11811024 0.12007874
 0.12007874 0.13188976 0.13188976 0.13385827 0.13385827 0.14173228
 0.14173228 0.14370079 0.14370079 0.14566929 0.14566929 0.1515748
 0.1515748  0.16338583 0.16338583 0.16535433 0.16535433 0.17125984
 0.17125984 0.17716535 0.17716535 0.18110236 0.18110236 0.18700787
 0.18700787 0.19488189 0.19488189 0.19685039 0.19685039 0.20472441
 0.20472441 0.21850394 0.21850394 0.22834646 0.22834646 0.23031496
 0.23031496 0.23228346 0.23228346 0.23622047 0.23622047 0.24015748
 0.24015748 0.2519685  0.2519685  0.25590551 0.25590551 0.26377953
 0.26377953 0.26574803 0.26574803 0.26771654 0.26771654 0.27165354
 0.27165354 0.27362205 0.27362205 0.27952756 0.27952756 0.29527559
 0.29527559 0.2992126  0.2992126  0.31299213 0.31299213 0.31496063
 0.31496063 0.31692913 0.31692913 0.31889764 0.31889764 0.32283465
 0.32283465 0.32677165 0.32677165 0.33267717 0.33267717 0.33464567
 0.33464567 0.33661417 0.33661417 0.33858268 0.33858268 0.34055118
 0.34055118 0.34251969 0.34251969 0.3503937  0.3503937  0.3523622
 0.3523622  0.35826772 0.35826772 0.36023622 0.36023622 0.36417323
 0.36417323 0.36811024 0.36811024 0.37007874 0.37007874 0.37401575
 0.37401575 0.37598425 0.37598425 0.37992126 0.37992126 0.38385827
 0.38385827 0.39173228 0.39173228 0.39566929 0.39566929 0.3976378
 0.3976378  0.4015748  0.4015748  0.40354331 0.40354331 0.40551181
 0.40551181 0.40748031 0.40748031 0.40944882 0.40944882 0.41732283
 0.41732283 0.41929134 0.41929134 0.42913386 0.42913386 0.4488189
 0.4488189  0.4507874  0.4507874  0.45669291 0.45669291 0.45866142
 0.45866142 0.46062992 0.46062992 0.46259843 0.46259843 0.46653543
 0.46653543 0.47244094 0.47244094 0.47834646 0.47834646 0.48818898
 0.48818898 0.49409449 0.49409449 0.49606299 0.49606299 0.4980315
 0.4980315  0.5        0.5        0.5019685  0.5019685  0.50787402
 0.50787402 0.51377953 0.51377953 0.51771654 0.51771654 0.52755906
 0.52755906 0.52952756 0.52952756 0.53149606 0.53149606 0.53937008
 0.53937008 0.54330709 0.54330709 0.54527559 0.54527559 0.54724409
 0.54724409 0.5492126  0.5492126  0.56496063 0.56496063 0.56889764
 0.56889764 0.57283465 0.57283465 0.57874016 0.57874016 0.58661417
 0.58661417 0.58858268 0.58858268 0.59251969 0.59251969 0.59448819
 0.59448819 0.6003937  0.6003937  0.60433071 0.60433071 0.60629921
 0.60629921 0.61023622 0.61023622 0.61417323 0.61417323 0.61614173
 0.61614173 0.61811024 0.61811024 0.62007874 0.62007874 0.62204724
 0.62204724 0.62598425 0.62598425 0.62795276 0.62795276 0.63188976
 0.63188976 0.63976378 0.63976378 0.64370079 0.64370079 0.6476378
 0.6476378  0.65748031 0.65748031 0.66141732 0.66141732 0.66535433
 0.66535433 0.66929134 0.66929134 0.67322835 0.67322835 0.67716535
 0.67716535 0.67913386 0.67913386 0.68110236 0.68110236 0.68307087
 0.68307087 0.68700787 0.68700787 0.68897638 0.68897638 0.69094488
 0.69094488 0.69488189 0.69488189 0.6988189  0.6988189  0.7007874
 0.7007874  0.70472441 0.70472441 0.70669291 0.70669291 0.70866142
 0.70866142 0.71062992 0.71062992 0.71653543 0.71653543 0.71850394
 0.71850394 0.72047244 0.72047244 0.72244094 0.72244094 0.72637795
 0.72637795 0.73622047 0.73622047 0.74015748 0.74015748 0.7480315
 0.7480315  0.75       0.75       0.75984252 0.75984252 0.76181102
 0.76181102 0.76377953 0.76377953 0.76771654 0.76771654 0.76968504
 0.76968504 0.77362205 0.77362205 0.77559055 0.77559055 0.77952756
 0.77952756 0.78543307 0.78543307 0.78740157 0.78740157 0.79133858
 0.79133858 0.79527559 0.79527559 0.79724409 0.79724409 0.7992126
 0.7992126  0.8011811  0.8011811  0.80314961 0.80314961 0.80905512
 0.80905512 0.81102362 0.81102362 0.81889764 0.81889764 0.82283465
 0.82283465 0.82480315 0.82480315 0.82677165 0.82677165 0.82874016
 0.82874016 0.83070866 0.83070866 0.83267717 0.83267717 0.83661417
 0.83661417 0.84251969 0.84251969 0.84448819 0.84448819 0.84645669
 0.84645669 0.8523622  0.8523622  0.85629921 0.85629921 0.85826772
 0.85826772 0.86220472 0.86220472 0.86417323 0.86417323 0.86614173
 0.86614173 0.86811024 0.86811024 0.87795276 0.87795276 0.88582677
 0.88582677 0.88779528 0.88779528 0.88976378 0.88976378 0.89566929
 0.89566929 0.8976378  0.8976378  0.8996063  0.8996063  0.90551181
 0.90551181 0.91732283 0.91732283 0.91929134 0.91929134 0.92125984
 0.92125984 0.92519685 0.92519685 0.92913386 0.92913386 0.93700787
 0.93700787 0.93897638 0.93897638 0.94094488 0.94094488 0.94291339
 0.94291339 0.94685039 0.94685039 0.9488189  0.9488189  0.95275591
 0.95275591 0.95472441 0.95472441 0.95669291 0.95669291 0.95866142
 0.95866142 0.96259843 0.96259843 0.96653543 0.96653543 0.97047244
 0.97047244 0.97244094 0.97244094 0.97637795 0.97637795 0.98425197
 0.98425197 0.98818898 0.98818898 0.99212598 0.99212598 0.99409449
 0.99409449 0.99606299 0.99606299 1.         1.        ]