[-3.38651687e+01 -2.20589567e+00 -5.24654682e-01  6.29088000e+00
  2.24152848e+01  4.13930349e+01  1.50836297e+00  4.25081549e+00
  4.50563557e-01  4.84736392e-01  6.96961234e+00  3.22240262e+01
  2.97447734e+01 -1.79528474e+01  8.12867247e-01  8.40723714e+00
  3.05730303e+00 -6.67628138e-01 -8.12492740e-02 -8.09403431e+00
 -5.81307522e-01  1.07550577e-01  1.08192852e+01 -2.19318689e+00
 -4.64599810e+00  4.93649970e+00  2.87807517e-01 -3.54142622e+01
  1.76470265e+00 -1.66916390e+00  3.75399662e-02 -9.08659152e-01
  5.71358744e+00 -7.88304109e+00 -9.01189848e-01 -8.18372129e-01
  2.79192187e+01  1.54374522e+01  5.33693407e+00  1.48416636e+02
  2.44464165e+01 -5.14581911e+00  2.02570866e+00  1.53039452e+00
 -7.08048027e-01  1.78644875e+01  5.10088342e+01  1.64838999e-01
 -7.60380908e-01  4.67047384e-01 -4.02823960e+00 -3.13837698e-01
 -4.85029746e-01  3.78786375e+02  1.08029370e-01 -2.71902970e+01
 -1.21495559e+00  2.07869329e+01 -7.62778206e-02 -2.01951411e-02
  8.18570519e+01 -6.60828165e+00  4.25830460e-01 -2.09774352e+01
 -2.92138901e-01  3.42908078e+00  5.18139293e+00  4.94635851e+00
 -5.60601728e+00 -1.04860857e-01  5.20929578e+01 -4.91239918e-01
 -2.78969213e+00 -5.50602092e+00 -1.78955020e+00 -1.57124769e+00
 -4.11287175e+00 -4.63146501e+00  1.37383148e+00 -4.57369690e+01
 -1.90983267e+00  9.39583821e-01 -2.05538731e+00  7.58826847e-01
  4.90299854e+02 -3.12361138e-01  1.87904156e-01 -8.23225255e+00
 -1.06062526e+00  3.45131427e+00 -4.20413679e+00  4.23818679e-01
 -6.53628428e-01  6.12380756e+00  4.13457478e+00  1.32984379e+01
 -6.46554244e+00  1.18331071e+01 -5.74479426e+00 -2.82707792e+01
 -8.22870218e+00 -7.00299372e+00  4.01636047e-01 -4.64483543e-02
 -9.50758065e+01  1.79820988e+02  5.82896587e+01  3.88740748e+00
  1.57112990e+00 -2.37273497e+00  6.94113751e+00  1.85500748e+01
  1.92640674e+00  1.30268186e+02 -1.27192216e+01  1.38010760e+00
  1.24340544e+01  8.22971669e+00 -8.06919576e+00 -1.27641624e-01
  1.31131293e+01  1.57420653e+00 -8.01650341e-01 -2.66600671e+00
  3.45316625e+01 -3.70891585e+00  3.25524282e+00  1.15841152e+01
  1.00999933e+00  1.79108517e+01  6.00152089e+00  1.52912964e+00
 -5.00751597e+00  2.25117368e+00  3.37245332e+01 -2.55254036e+01
  4.45616635e+00 -4.06897055e+00  2.48904676e-01  5.65144962e+00
  1.91227023e-01 -2.82810325e+01 -1.48194614e+00 -9.65583508e-01
 -8.79620376e+00 -4.06655192e+01  5.23524927e-01  1.61278137e-01
  9.48207071e-01 -4.72651840e+00 -2.20559246e+02  5.40088671e-01
  2.97618073e-01  1.38869316e+00  1.27390309e+01 -2.46114306e+00
 -6.17964106e+00  7.08411915e+01 -1.62601618e+00  2.63347701e+00
  6.47211517e+00  2.50937896e+01 -1.10508886e+00 -2.47383868e+01
 -1.08791318e-01  6.01098567e+00 -1.62436070e-01  3.35827464e-01
  1.71836196e+00  1.09679700e+00  4.89699156e+00  2.28889736e+00
 -1.25571098e+01  3.61032252e-01 -2.05688207e-01  5.10512069e+00
  3.87357193e-01  3.99099262e+00  6.39844908e+00 -6.35664016e+01
  1.41033331e+00 -2.79251348e+01  6.47595760e-01 -3.88821996e+01
 -3.58489530e+00 -2.40945707e+00 -7.76440641e+00  4.23478533e-01
  3.06782561e-01 -9.59109367e+00 -2.09159923e+01  9.43394504e+00
 -2.03597301e+00 -3.62352608e+00  9.63938502e+00  3.14818721e+01
  5.49611639e-01  2.76048956e+00  3.88331830e+01 -2.04676711e+00
  2.13677275e+00  1.02688308e+00 -9.24240806e+00  1.51674858e+01
 -3.55377577e-01 -3.62807793e-01  2.76417009e+01 -2.77586796e-01
 -4.24007540e+00  5.62182537e+01 -1.02170843e+01 -5.63404362e+00
  1.65462775e+00 -1.08221490e+00  2.79795655e+01  4.65339201e-01
  6.98419804e+00  5.76870274e-01  1.60206235e+00  4.65346744e-01
  5.93129676e+00 -3.59123021e+00  4.86831900e+00 -5.50846061e+01
  4.15692694e-01 -1.88138527e+01 -5.20039855e+00 -5.00498789e+01
 -2.33509826e+01 -1.80751939e+00 -4.71500174e-02  6.22193846e-01
  8.73106968e-02  3.29584088e-01  2.58430185e+01  5.17310968e+01
 -8.05294834e+00  1.07267596e+01 -4.54029356e+00  3.57795898e+00
  5.42675298e+00  3.32292756e+01 -1.36152176e+01  1.41382913e-01
  1.35705976e+00  2.69903711e+00 -2.57932337e+01  3.35323448e+00
  2.01412701e+01 -7.04154535e-01 -7.10418703e+00 -1.06981760e+01
 -9.38777924e+00 -1.47430459e+01  7.11150959e+00  2.64978561e+01
 -3.91289673e-01 -8.47585723e+00 -9.93501413e+00 -1.03705178e+00
 -7.36861484e-01  1.58265588e+00 -1.18733475e+01  3.90291035e+00
 -4.00609497e-02  6.20783200e-01  2.95993770e+02 -2.53177494e+01
 -2.80864035e+00 -9.19295261e+00  8.05705442e-02 -5.44300798e+00
  8.96767955e-02  6.50082488e-01 -3.90347044e+00  5.44798599e+00
 -3.94189922e+01 -6.68720608e+00 -1.93842191e+00 -2.65559592e+00
 -1.22526756e+01  1.80134238e+00  2.86188403e-01  4.93452602e-01
  1.53675977e+02  6.17530353e+00 -2.71905431e+01 -4.92613057e+00
 -1.30650777e+01  1.99123520e+01 -1.57742793e-01  8.14921560e+01
 -1.16649289e+01  1.47255188e+01  2.57984030e+00  5.90416834e+00
  3.69469122e+00  5.52967844e-01  6.65117351e-01  3.84416726e-01
  1.38321821e+01 -8.04416117e+00  4.18351649e+00 -1.56184823e+00
  1.63955750e+02 -8.36007924e+01  1.93932487e+01  3.80224539e+01
  4.77701670e-01  5.56192295e+00  3.78886905e-01  3.14407729e+00
 -7.75921438e+00 -1.39183025e+01 -1.54433969e+01  1.06887704e+01
  1.85464479e+01  7.54994952e+01 -9.90222168e+01  1.98708139e+01
  1.08996991e+02  1.03097269e+00 -5.61365902e+00  3.70518586e+00
  1.96170802e+00 -2.09709916e+00  2.62481566e+01  2.47171084e+00
 -4.68549185e+00  8.58445222e-01 -1.64601024e+01  4.21927093e+01
 -1.08748998e+01 -7.05375226e+00  5.35952611e+00 -7.18082577e+01
 -2.26130850e+01 -5.07226777e+00  1.53395471e+00  2.23950573e-02
 -7.08772283e-02  4.27078910e-01  1.46073451e-01 -1.02572174e+01
 -3.06405793e+00  1.27968412e-01  2.14188185e+01  3.14746258e-01
  2.44373423e+01  1.01352904e+00  1.39181391e-01  2.14905782e+01
 -1.12048635e+01 -2.24886009e-01  2.23463659e+01  3.49057989e+00
  6.54784980e+00 -7.96526963e+00 -2.60295727e-01  3.89930989e+00
  4.86465164e+00  1.00012427e+01  3.15702280e+01 -3.14706709e+00
 -3.52833229e+01 -2.94291065e+00 -1.31619108e+00 -1.13672690e+01
  2.88272968e-01  6.05568873e+00  5.97971738e-01  6.15412804e-01
  7.28450256e+00 -2.05608339e-01  1.41460384e+00 -1.82433880e+00
  5.02446290e+00  6.11712479e+01 -4.95988008e-01 -1.51263314e+00
 -1.05742307e+01  2.86770887e+00  3.64430480e-01 -1.45877428e+00
  3.22500869e-01 -2.90026934e+00 -5.48389357e-01  2.05177179e+01
 -1.81683000e+01 -3.19962081e+01  3.44553220e-01  5.91242899e+00
  2.82255042e-01  2.34654977e-01 -1.35107080e+01  8.78526218e-02
 -9.53798094e-01 -9.93666833e+00 -6.09678837e-01 -9.35689185e-01
  9.18558710e+00 -1.55404895e+01  4.15628015e+01  6.86942022e-01
  5.03938466e+00  1.22674722e+00 -1.98396151e+00  6.87728918e-01
  7.27340617e-01 -9.11117423e+00  1.16702689e+01  2.77137353e-01
  8.56344261e+00 -2.37032856e+00  1.27243077e+01  1.77208696e+01
 -1.96631403e+01  2.78855667e+01  1.49457396e+00 -1.65484520e+00
  7.11156883e+00  1.90961238e+00  7.17969875e+00  2.15929270e+00
 -5.77545700e-01 -1.89016435e+00 -6.32491877e-02 -7.60037710e+00
 -1.57272701e+00  2.89319727e+00  1.24811425e+01 -2.42368351e+00
  4.25967738e-01 -7.01948106e+01  4.90252753e-01  2.89177413e+00
  2.39887144e+01 -2.87208249e+01  2.78530518e+01  3.01697191e-01
  4.95892760e-01 -4.30326005e+00  1.48863908e+01 -4.91866309e+00
  2.20959024e+00 -9.16817334e-01  1.83096839e+00  4.86015764e+00
  2.44608621e+00  1.43443040e+00 -3.48004615e+01 -4.22638305e+01
  4.41106390e+01  7.49952896e-01 -3.08985213e+00  1.65177562e+00
  7.55750230e+00  1.00356454e+00  8.27473211e-01  4.95022343e+00
  8.15445081e+00 -2.41724399e+02  7.15970093e+00  3.13279539e-01
 -2.67370877e+00  2.31798359e+01  5.36727337e-01  8.72139623e+00
 -3.91390457e+00  6.03098453e+00 -3.63015176e+00  1.74222854e-01
  3.64412961e-01  5.10810725e+00 -3.27246625e+00  5.34305443e-01
  2.27411396e-01  1.95246252e+00 -3.28427202e-01  1.76040648e+01
  5.05541570e-01 -1.66781498e-01 -2.08274819e+01  2.33242023e+00
 -5.10751877e-01 -1.56251325e+00  2.01782050e+00  4.87999727e+01
 -3.16544967e+00  1.73503808e-01  6.61923346e+00 -7.16035743e+00
 -5.72349126e+00  1.07130143e+02 -7.17873299e-01  5.52634409e+00
  1.62397505e-01  1.76227073e+00  1.47377469e+01 -2.38378388e+00
 -1.80540371e+00 -7.39998143e-01  1.31727252e+00  2.35520592e+00
 -1.80403220e+01 -2.85008592e+00 -4.18918873e+01  6.60110196e-01
 -3.39309602e+01 -1.51782671e+00 -1.31731488e+00  1.13583983e+01
 -1.02576260e+01  4.20053642e-01  4.57497405e-01 -4.91574704e+01
 -2.32258756e+00 -1.35641420e+00 -1.38039354e+01 -1.37118745e-02
  1.26327623e+00  2.60379441e-02  4.90764431e-01 -1.05547424e+01
  4.68272617e+00  3.14752540e+00  6.65649044e+00  3.32918545e-01
 -2.79238302e+01  2.67459595e-02 -7.57738922e+00  3.90721008e+00
  1.93958537e+01 -5.39331829e+00  2.11990331e+00 -1.21835114e+00
 -2.13230762e+00  6.35177367e+01 -1.00337796e+02 -1.50464024e+01
 -9.86248948e+00  7.21673972e+01 -4.66297639e-01  2.56301224e+00
 -9.82701497e+00  9.83203704e-01 -1.40621187e+00  5.03050659e-01
  1.44611337e+01  4.71619272e-01  5.98022517e-01  2.55789281e+01
  4.23494211e+00  3.22302475e+00  7.47208314e+00  8.93444518e-01
  9.46558210e+00  7.26179311e+00 -4.55154943e+00 -4.02937011e-01
 -2.72731783e+01  7.18380567e-01  2.28384362e+01  8.44344691e-01
  3.97665484e+00  4.14467530e+00 -1.39116271e+00  2.02580996e+00
  4.32060744e-01  2.56166753e+00  2.23159186e+00 -6.12986967e+01
  6.69393186e+00 -1.14030152e+00  2.66896602e+00 -4.68086559e+01
 -1.31845408e+01  2.63680887e+00  1.04179239e+00  1.30340396e+00
  4.79965571e+00 -1.99940235e+01  1.80532487e+01  2.53866093e+01
  9.04164050e-02 -2.87194681e-01  7.02086163e+00 -1.49654235e-01
 -8.82052708e+00  1.92134958e+00 -4.71545815e+00  1.88197648e+02
 -7.42359230e+00  5.72108881e-01  3.16703731e-01 -3.05560215e+01
  3.32513673e-01  2.08265645e+00 -2.94744865e+00  5.06942095e+00
 -3.85543918e+01  1.46598542e+00  5.23257225e+01 -3.18388558e-01
  1.61141427e-02 -1.63099823e+00 -7.26180815e+00 -6.77736722e+00
 -3.46279944e+00 -2.75417810e+00  2.44164402e+00  2.28562709e+00
  8.52568830e+00  1.87900740e-02  4.14859291e+01 -2.18153126e+00
  1.52080867e+00  2.63057086e-01  1.63208926e+00 -1.93977958e+01
 -2.97648333e+00  4.86797786e+00 -4.15901234e+01 -8.81771196e+00
 -4.91539195e+00  5.17898425e-01 -1.03720745e+02  7.44695212e+00
 -2.24269096e+00  1.92044119e+01 -7.74242760e+00 -2.22134119e+01
 -1.00880444e+01 -3.49722710e+00 -1.13074074e+01 -6.21748171e-01
  1.02632923e+01 -1.14016689e+01 -2.89910447e+01  4.42443221e+00
 -5.62718658e+00 -5.41458871e+00 -4.60203282e+01 -1.04747814e+02
 -4.69258968e+01  3.02507320e+00 -1.03596306e+02 -1.82520887e+01
  2.25068603e+00  2.22587865e+00  8.52402954e+00  2.42385904e+00
  1.05223612e+02  6.66734585e+00  4.59633833e-01  4.96224521e+00
 -1.35639216e+01 -6.68910376e+00  1.03876560e+00  8.01681336e-01
  2.08570196e+01 -5.93760249e-01  5.34761456e-01 -1.80105155e+00
  4.89522855e-01  1.88118722e+00 -2.18368356e+01  6.03607370e-01
 -2.18791837e+00 -7.70198418e-01  4.43318319e+01 -7.67280177e+00
 -8.94965234e+01  4.33003086e-01  5.93188334e+00  2.34622341e+00
  4.05760142e-01  1.28382229e+01 -6.53294391e+00  1.88966164e+00
  1.90602175e+01  8.65042134e-01  4.27688181e-01  4.07214264e+00
  9.95332937e-01 -2.37415684e+00 -8.20559977e+00  4.87793924e-01
 -4.81740595e+00  7.55037298e+00 -3.94800529e+01  1.16790203e+01
  4.46043193e-01  4.38019321e+00  7.60499733e+00 -7.32256312e+01
  8.73706036e-01  1.06965195e+00 -2.12004411e+01 -1.69392329e+01
 -6.84687197e+00  1.07319032e+01  2.36681133e+00  3.99613518e+00
  3.46397652e+01  6.92116862e-01  1.82317910e-01 -1.82260611e-01
  1.06032914e+01  8.57978625e+00 -6.11929245e+00 -2.82602817e+00
 -2.35743225e+01 -2.52845160e+01 -3.15711647e+02 -5.34201230e-02
  1.08058640e+01  8.79564940e-01  2.24191986e+00  3.53420322e-01
  1.72835731e+01 -5.19970905e-01  1.65071446e+01  8.87908625e+01
  5.16473527e+00 -3.21229903e+00 -6.59121091e+00 -5.05497594e+00
  6.89019498e+00 -1.02194285e+01  4.03660537e+00 -3.58873331e-01
 -2.91278099e+01  1.01087527e-01  1.96545451e+00 -4.69547628e+00
 -3.72118202e+00 -1.46837634e+01  1.94222165e+00  6.84612051e+00
  3.94366598e-01 -3.57289017e+01 -8.90493976e+00 -6.04684686e+00
  2.89312097e+00  4.02509194e-01 -7.14018272e+00 -2.93941980e-01
  2.65058133e+00  4.89395280e+01  1.44622384e+00 -1.20373905e+01
 -2.54706026e+01  9.87930360e+00  5.81817545e-01 -2.73256574e+00
  4.70632371e-01  5.03611759e+01  5.09169075e+00 -8.52568125e-01
 -1.83720377e+01  4.08595608e+02  8.38984796e-01 -2.20180360e+00
  1.10924991e+00 -2.71412460e+01  5.48490301e+01 -6.53424137e-01
  5.87456425e-01 -4.24161204e-01 -6.92039613e-01  4.26098968e+01
 -7.45171387e+00 -8.07781190e-02 -2.39717177e+00 -4.94359773e+00
  2.74836483e+01 -1.65246100e-01  1.92205681e+01 -4.23203647e+01
  7.93945589e-01  1.08774386e+00 -4.74314712e-01 -3.46287770e+01
  1.00675849e+00  2.29075903e+01 -4.25367539e+01  6.57570714e+00
  7.34695090e+00 -9.88981028e+00  5.24941719e+00  2.68904290e+01
  4.50002009e+00  2.54317532e+01 -8.64751010e+00 -4.97021338e-01
 -3.34763434e+01  3.07615872e-01  1.18926976e+01 -1.77092049e+00
  4.86465813e-01  2.55604830e-01 -4.64803802e+00 -1.60465329e+01
  4.11913510e-01 -9.26940804e-01  1.59572685e+00  1.48492391e-01
  1.92188012e+00  3.99014646e+00  5.26365991e-01 -1.48591708e+01
 -8.17018694e+00  9.19930054e-01  8.75408318e+00  3.76205210e+01
  6.41183130e-01 -2.34852011e+00 -1.33133087e+01 -7.92247936e+00
 -4.40241888e+00 -4.41854800e-01 -5.02291107e-01  4.46207911e-01
 -5.73175101e+00 -2.08135792e+00  1.01397813e+00 -2.23906874e+00
 -1.43011316e-01  1.24323070e+01  1.39593666e+01  2.49048305e+01
 -1.26381262e+01 -2.04120832e+01 -9.56135261e-01  5.87585912e+00
  1.82972728e+01  7.19468260e-01 -1.47290643e+00 -2.99297334e+01
  2.72781407e+00 -5.26111928e+01 -1.20359739e+00  1.27067308e+01
  4.55992875e+00 -2.13515524e+00  9.52039934e+00  1.83006053e+02
  2.10050300e+01  1.01589020e+01  8.46376449e-02 -4.94109209e-01
  9.14627870e+00 -4.99573067e+00 -3.95525515e+01 -2.71307828e+01
  2.29205343e+00 -2.99846652e+00 -8.82329436e+00  5.92635931e+01
  8.62119400e-01 -1.00320994e+00  6.58903296e-01  1.06013975e+00
 -3.29811324e+00 -4.54997007e+01  2.38443213e+00  2.13150300e-01
  1.01372996e+00  6.10207059e-01  9.92722476e+00  2.31827689e+01
 -1.66026632e+00  1.10819135e+00  7.41357430e+01  3.97766379e+00
  5.51983419e+01  3.59876828e+00  5.93810329e+00  3.71014193e+00
 -5.82242655e-01 -2.49283986e-01  1.65736899e+01 -2.84461225e+00
 -1.71956979e+00  1.94186444e+01  2.57127732e+00 -7.52262535e-01
  1.17461259e+00  1.00378007e+01 -7.86653474e+00  1.01495157e+01
 -3.13339579e+00 -4.80363567e+01 -3.77243387e-01 -1.28736402e+00
 -1.27025546e+00 -1.43102626e+02 -7.75469202e+00 -3.91104211e-01
  3.11135967e-02  2.02527916e+01 -9.30675889e+00 -3.56643743e+00
 -3.50430759e+01  8.47458493e-02  4.31847339e-01 -5.65225423e+00
  9.92369504e+00 -5.86262779e-01 -1.92880535e+01  3.02982853e-01
 -4.37558292e+00  1.89883176e-01  7.92551837e-01  7.57507683e-01
  5.55217515e+00  5.38675091e+00  2.17576337e+00 -1.48413360e+01
 -3.46084810e+00 -6.82908046e-01  3.29646349e-01  4.78589241e+02
  8.53840607e+00 -5.06818349e-02 -4.12841421e+01 -2.36573998e+00
 -7.62186797e-01 -9.63428330e+00  2.54571258e+00 -3.45284846e-01
  9.89187594e+00  4.25361743e-01  1.14340041e+02  1.09234534e+02
  4.71404780e+01 -2.22160317e-01  1.28040257e+01 -4.58868756e+00
  2.75697736e+01  5.43096250e+00 -1.42619429e+00 -1.54385146e+02
  3.95348407e-01 -2.15392859e-01  3.20540112e+01 -1.47972819e+00
  8.46469236e-01  4.09380762e+01 -8.45709547e-01 -2.82847304e-02
  1.31150842e+01  3.89358932e-01 -1.62103385e+00 -4.88866016e-01
  4.01948350e-01 -1.68474017e+01  7.76514376e-01  8.11730664e-01
 -4.04722426e+01  1.64109626e+01  1.81532213e-01 -2.11766422e+01
  1.58060883e+00  3.28725283e-01  1.33460378e+01  7.77812263e-01
  8.59574675e-02 -5.56063495e-01  2.16389428e+01  5.57466568e-01
  9.82510514e-01  5.63624833e+00  2.78013130e-01  3.66722544e+01
  4.11647992e-01  6.66901058e+01  5.11575581e+00 -4.58759950e+00
 -7.05868672e+01 -5.38531360e-01 -6.15019932e+00  2.94090894e+00
  5.44460213e-01  1.88345381e-01 -1.58830072e+01 -6.90231882e+00
  2.09777593e-01 -1.41754863e-01  2.48041017e+00  4.03925405e-01
  2.74767594e+01  2.29036985e+00  1.13657984e+01  1.73124025e+01
  1.85626990e+02  2.11728418e+00  1.41692715e-01  1.77646007e+00]