[ 2.09872733e+00  1.09872733e+00  1.06106709e+00  9.66153332e-01
  9.40849795e-01  8.54120092e-01  8.10875259e-01  8.02283895e-01
  7.94670579e-01  7.79744769e-01  7.73931519e-01  7.72192868e-01
  7.38407821e-01  7.27402569e-01  7.11241455e-01  6.92510900e-01
  6.92065424e-01  6.55884597e-01  6.54796158e-01  6.49935433e-01
  6.41970408e-01  6.21156083e-01  6.20670817e-01  6.15539160e-01
  6.14684312e-01  6.11868865e-01  6.08012246e-01  6.07964178e-01
  6.06025921e-01  6.05490807e-01  6.04047264e-01  5.93092617e-01
  5.82974023e-01  5.80921718e-01  5.80731851e-01  5.74950672e-01
  5.72829477e-01  5.70449846e-01  5.68071133e-01  5.64667475e-01
  5.64417037e-01  5.51987358e-01  5.46121141e-01  5.41589614e-01
  5.39492575e-01  5.38183858e-01  5.31184922e-01  5.28927286e-01
  5.27071638e-01  5.25947620e-01  5.25511594e-01  5.23041068e-01
  5.23029431e-01  5.19366409e-01  5.15354170e-01  5.15113294e-01
  5.07624625e-01  5.01026896e-01  5.00219868e-01  4.97751004e-01
  4.97411010e-01  4.95003355e-01  4.94149319e-01  4.90604177e-01
  4.88059121e-01  4.81202021e-01  4.75061934e-01  4.74330039e-01
  4.72451057e-01  4.67588430e-01  4.67576127e-01  4.60369282e-01
  4.59715861e-01  4.52562402e-01  4.51225629e-01  4.48556011e-01
  4.48008544e-01  4.47521629e-01  4.42306771e-01  4.36202298e-01
  4.34312756e-01  4.30045874e-01  4.24731547e-01  4.20522487e-01
  4.16254197e-01  4.12710368e-01  4.11182594e-01  4.07437594e-01
  4.07323641e-01  3.99978770e-01  3.99456065e-01  3.97479961e-01
  3.93499992e-01  3.86644713e-01  3.86237764e-01  3.85079107e-01
  3.84614712e-01  3.84565752e-01  3.82798188e-01  3.82719823e-01
  3.81349894e-01  3.80272070e-01  3.80021398e-01  3.77003907e-01
  3.70903647e-01  3.70629994e-01  3.70450752e-01  3.68544870e-01
  3.65542910e-01  3.63950960e-01  3.58287831e-01  3.58123735e-01
  3.56225278e-01  3.53155193e-01  3.52205909e-01  3.49441356e-01
  3.47346990e-01  3.43815562e-01  3.41227967e-01  3.40842379e-01
  3.40454547e-01  3.39788461e-01  3.39572311e-01  3.39480673e-01
  3.37049580e-01  3.34233609e-01  3.33433018e-01  3.30948551e-01
  3.29031079e-01  3.27907862e-01  3.24628839e-01  3.23558761e-01
  3.22930928e-01  3.19865730e-01  3.17505752e-01  3.12287419e-01
  3.10915359e-01  3.10615879e-01  3.09112097e-01  3.08412111e-01
  3.06257100e-01  3.02385626e-01  3.00953068e-01  2.98331460e-01
  2.96450156e-01  2.93627376e-01  2.88928478e-01  2.83977478e-01
  2.83914610e-01  2.83751413e-01  2.82931731e-01  2.81597273e-01
  2.78969021e-01  2.78436801e-01  2.75112814e-01  2.71529687e-01
  2.71144826e-01  2.70960212e-01  2.70541934e-01  2.66385330e-01
  2.65536374e-01  2.62325967e-01  2.61639959e-01  2.59321868e-01
  2.58475441e-01  2.56792393e-01  2.53829925e-01  2.52426444e-01
  2.52396462e-01  2.50155508e-01  2.49530114e-01  2.49455036e-01
  2.46358873e-01  2.44293157e-01  2.41234992e-01  2.32343336e-01
  2.31859078e-01  2.31547606e-01  2.31144829e-01  2.28801249e-01
  2.28463163e-01  2.26717771e-01  2.25727107e-01  2.24523203e-01
  2.22913446e-01  2.18308438e-01  2.17179265e-01  2.16385018e-01
  2.16379687e-01  2.16057294e-01  2.15279872e-01  2.14657820e-01
  2.12990542e-01  2.11841199e-01  2.10282716e-01  2.09611486e-01
  2.08266734e-01  2.07872196e-01  2.04147225e-01  2.03068599e-01
  2.02451862e-01  1.99067582e-01  1.92905963e-01  1.92121024e-01
  1.92048297e-01  1.91892668e-01  1.91424543e-01  1.91204749e-01
  1.91142203e-01  1.90686358e-01  1.89918723e-01  1.88945289e-01
  1.85707071e-01  1.84386858e-01  1.81294933e-01  1.76309581e-01
  1.75673921e-01  1.75670629e-01  1.74592032e-01  1.73993077e-01
  1.73490120e-01  1.72206485e-01  1.71678961e-01  1.71459724e-01
  1.69372537e-01  1.69123776e-01  1.68948448e-01  1.68591896e-01
  1.67951461e-01  1.67588695e-01  1.66014644e-01  1.65961929e-01
  1.65764863e-01  1.65696199e-01  1.64045250e-01  1.63818024e-01
  1.63455794e-01  1.62576965e-01  1.61426156e-01  1.60093695e-01
  1.60031342e-01  1.59955618e-01  1.59309091e-01  1.54018473e-01
  1.51630971e-01  1.51469193e-01  1.50047842e-01  1.49233808e-01
  1.48403325e-01  1.47152748e-01  1.45764508e-01  1.43642624e-01
  1.42551292e-01  1.42237390e-01  1.42012439e-01  1.39820506e-01
  1.39771399e-01  1.38141428e-01  1.37456087e-01  1.34389578e-01
  1.32882888e-01  1.32570414e-01  1.31384563e-01  1.29749346e-01
  1.29544600e-01  1.29197872e-01  1.28575968e-01  1.27533378e-01
  1.25870056e-01  1.24687563e-01  1.23071775e-01  1.21380384e-01
  1.20920913e-01  1.19388697e-01  1.19135456e-01  1.16504610e-01
  1.15711367e-01  1.14079362e-01  1.13163707e-01  1.11659072e-01
  1.11016613e-01  1.09885630e-01  1.08006447e-01  1.06221005e-01
  1.04924892e-01  1.04406658e-01  1.04145358e-01  1.03937354e-01
  1.03720278e-01  1.02848285e-01  9.92029807e-02  9.83796553e-02
  9.68774897e-02  9.68154879e-02  9.58249275e-02  9.57239643e-02
  9.54783524e-02  9.27790618e-02  9.18177867e-02  9.04476376e-02
  9.03200223e-02  8.60924413e-02  8.57389518e-02  8.54665781e-02
  7.90344910e-02  7.81982983e-02  7.77252100e-02  7.74589004e-02
  7.32319637e-02  7.22724383e-02  7.10205363e-02  7.03196429e-02
  6.90390312e-02  6.86170485e-02  6.80282601e-02  6.54880102e-02
  6.22321109e-02  6.01243806e-02  5.92142784e-02  5.49544222e-02
  5.39595860e-02  5.37624564e-02  5.30057717e-02  5.28142240e-02
  5.27555470e-02  4.95531488e-02  4.73950779e-02  4.63527934e-02
  4.62345065e-02  4.59441398e-02  4.59152936e-02  4.47811184e-02
  4.17567217e-02  4.14465037e-02  3.80132654e-02  3.73460518e-02
  3.60268324e-02  3.47410910e-02  3.36421397e-02  3.32544129e-02
  3.22863768e-02  3.13260314e-02  3.07793901e-02  3.01238711e-02
  2.93424327e-02  2.63005661e-02  2.56569960e-02  2.49796410e-02
  2.36902409e-02  2.24000158e-02  1.94758966e-02  1.94542686e-02
  1.89493763e-02  1.46990413e-02  1.29821601e-02  1.10628299e-02
  9.89390473e-03  8.58323497e-03  8.29535409e-03  7.12590424e-03
  2.42251323e-03  1.04671620e-03 -2.40965596e-03 -5.73679392e-03
 -6.04166578e-03 -9.15119774e-03 -1.20505022e-02 -1.67436727e-02
 -1.88047532e-02 -1.91096580e-02 -1.98545532e-02 -2.02055208e-02
 -2.16853329e-02 -2.38808348e-02 -2.58699641e-02 -2.63458044e-02
 -2.80288534e-02 -2.82396334e-02 -3.40950516e-02 -3.49402737e-02
 -3.50034408e-02 -3.53857242e-02 -3.97404980e-02 -4.06510572e-02
 -4.20250752e-02 -4.23133111e-02 -4.38726091e-02 -4.99905925e-02
 -5.10690394e-02 -5.17512725e-02 -5.38879363e-02 -5.61414605e-02
 -5.72791733e-02 -6.00082715e-02 -6.09595844e-02 -6.10479765e-02
 -6.14735371e-02 -6.40432253e-02 -6.56593970e-02 -6.63911053e-02
 -6.66291085e-02 -6.72836712e-02 -6.87772497e-02 -7.11704798e-02
 -7.27748703e-02 -7.40560983e-02 -7.47778794e-02 -7.52637417e-02
 -7.52769684e-02 -7.53105568e-02 -7.64305141e-02 -7.91651151e-02
 -8.03504875e-02 -8.32590633e-02 -8.38784092e-02 -8.65074890e-02
 -8.69968046e-02 -8.86826522e-02 -9.01725579e-02 -9.18011018e-02
 -9.47600026e-02 -9.69696874e-02 -1.00278173e-01 -1.00813328e-01
 -1.00949274e-01 -1.04272048e-01 -1.04423184e-01 -1.08203814e-01
 -1.08469789e-01 -1.09701728e-01 -1.16662683e-01 -1.20756484e-01
 -1.27260869e-01 -1.37190727e-01 -1.42401588e-01 -1.44806849e-01
 -1.49381219e-01 -1.49902886e-01 -1.58041212e-01 -1.61773166e-01
 -1.67182266e-01 -1.70203022e-01 -1.72222730e-01 -1.72644080e-01
 -1.73791471e-01 -1.74135528e-01 -1.79675035e-01 -1.81294615e-01
 -1.82900660e-01 -1.84191332e-01 -1.85495257e-01 -1.87728485e-01
 -1.94171937e-01 -1.95723936e-01 -2.07363764e-01 -2.08718676e-01
 -2.12477527e-01 -2.18157610e-01 -2.19185564e-01 -2.21010823e-01
 -2.23916914e-01 -2.24403836e-01 -2.25893968e-01 -2.26059572e-01
 -2.27124475e-01 -2.34564776e-01 -2.46284285e-01 -2.50901340e-01
 -2.55634509e-01 -2.56491865e-01 -2.71850226e-01 -2.80226192e-01
 -2.82258086e-01 -2.86307640e-01 -2.88029110e-01 -2.93520003e-01
 -2.97622643e-01 -2.99730307e-01 -3.00881892e-01 -3.08316633e-01
 -3.20476705e-01 -3.35758468e-01 -3.36706363e-01 -3.43399405e-01
 -3.43579967e-01 -3.51632734e-01 -3.60700657e-01 -3.65455542e-01
 -3.74865639e-01 -3.87970909e-01 -3.88380326e-01 -3.94047082e-01
 -4.00696927e-01 -4.26115494e-01 -4.79018838e-01 -4.92217957e-01
 -5.01865829e-01 -5.66647861e-01 -5.81862278e-01 -6.27116780e-01
 -6.32679394e-01 -6.71895788e-01 -7.69266377e-01]