[0.         0.         0.00406504 0.00406504 0.00813008 0.00813008
 0.01219512 0.01219512 0.01422764 0.01422764 0.01626016 0.01626016
 0.01829268 0.01829268 0.02235772 0.02235772 0.0304878  0.0304878
 0.03455285 0.03455285 0.03658537 0.03658537 0.03861789 0.03861789
 0.04065041 0.04065041 0.04674797 0.04674797 0.04878049 0.04878049
 0.05081301 0.05081301 0.05284553 0.05284553 0.05487805 0.05487805
 0.05894309 0.05894309 0.06097561 0.06097561 0.06300813 0.06300813
 0.06910569 0.06910569 0.07113821 0.07113821 0.07317073 0.07317073
 0.07520325 0.07520325 0.07926829 0.07926829 0.08130081 0.08130081
 0.08536585 0.08536585 0.08739837 0.08739837 0.08943089 0.08943089
 0.09349593 0.09349593 0.09552846 0.09552846 0.09756098 0.09756098
 0.10162602 0.10162602 0.10365854 0.10365854 0.1097561  0.1097561
 0.11178862 0.11178862 0.11382114 0.11382114 0.1199187  0.1199187
 0.12195122 0.12195122 0.12398374 0.12398374 0.12601626 0.12601626
 0.13211382 0.13211382 0.13414634 0.13414634 0.13821138 0.13821138
 0.1402439  0.1402439  0.14430894 0.14430894 0.1504065  0.1504065
 0.15243902 0.15243902 0.15447154 0.15447154 0.15650407 0.15650407
 0.15853659 0.15853659 0.16056911 0.16056911 0.16666667 0.16666667
 0.16869919 0.16869919 0.17073171 0.17073171 0.17479675 0.17479675
 0.17682927 0.17682927 0.17886179 0.17886179 0.18089431 0.18089431
 0.18292683 0.18292683 0.19105691 0.19105691 0.19308943 0.19308943
 0.19512195 0.19512195 0.20325203 0.20325203 0.20528455 0.20528455
 0.20731707 0.20731707 0.21341463 0.21341463 0.21544715 0.21544715
 0.21747967 0.21747967 0.22357724 0.22357724 0.22764228 0.22764228
 0.2296748  0.2296748  0.23170732 0.23170732 0.23373984 0.23373984
 0.23577236 0.23577236 0.23780488 0.23780488 0.2398374  0.2398374
 0.24186992 0.24186992 0.24796748 0.24796748 0.25203252 0.25203252
 0.25813008 0.25813008 0.26626016 0.26626016 0.2703252  0.2703252
 0.27235772 0.27235772 0.27439024 0.27439024 0.2804878  0.2804878
 0.28658537 0.28658537 0.29065041 0.29065041 0.29674797 0.29674797
 0.29878049 0.29878049 0.30284553 0.30284553 0.30487805 0.30487805
 0.31097561 0.31097561 0.31504065 0.31504065 0.32113821 0.32113821
 0.32317073 0.32317073 0.32520325 0.32520325 0.32723577 0.32723577
 0.32926829 0.32926829 0.33130081 0.33130081 0.33333333 0.33333333
 0.33739837 0.33739837 0.3495935  0.3495935  0.35162602 0.35162602
 0.35365854 0.35365854 0.3597561  0.3597561  0.36585366 0.36585366
 0.3699187  0.3699187  0.3800813  0.3800813  0.38211382 0.38211382
 0.38617886 0.38617886 0.38821138 0.38821138 0.39430894 0.39430894
 0.39634146 0.39634146 0.39837398 0.39837398 0.4004065  0.4004065
 0.40243902 0.40243902 0.41260163 0.41260163 0.41666667 0.41666667
 0.41869919 0.41869919 0.42073171 0.42073171 0.42276423 0.42276423
 0.42886179 0.42886179 0.43089431 0.43089431 0.43292683 0.43292683
 0.43495935 0.43495935 0.43699187 0.43699187 0.44105691 0.44105691
 0.44308943 0.44308943 0.44512195 0.44512195 0.44918699 0.44918699
 0.45121951 0.45121951 0.45528455 0.45528455 0.46138211 0.46138211
 0.46341463 0.46341463 0.47764228 0.47764228 0.4796748  0.4796748
 0.48170732 0.48170732 0.48577236 0.48577236 0.48780488 0.48780488
 0.49186992 0.49186992 0.49796748 0.49796748 0.5        0.5
 0.50203252 0.50203252 0.50406504 0.50406504 0.50609756 0.50609756
 0.5101626  0.5101626  0.51219512 0.51219512 0.51422764 0.51422764
 0.5203252  0.5203252  0.52235772 0.52235772 0.53455285 0.53455285
 0.53658537 0.53658537 0.54065041 0.54065041 0.54471545 0.54471545
 0.54674797 0.54674797 0.54878049 0.54878049 0.55081301 0.55081301
 0.55487805 0.55487805 0.55691057 0.55691057 0.56300813 0.56300813
 0.56707317 0.56707317 0.58130081 0.58130081 0.58333333 0.58333333
 0.59146341 0.59146341 0.59349593 0.59349593 0.60772358 0.60772358
 0.61788618 0.61788618 0.62398374 0.62398374 0.62601626 0.62601626
 0.6402439  0.6402439  0.64430894 0.64430894 0.6504065  0.6504065
 0.65447154 0.65447154 0.65650407 0.65650407 0.65853659 0.65853659
 0.66869919 0.66869919 0.67276423 0.67276423 0.67682927 0.67682927
 0.68699187 0.68699187 0.69308943 0.69308943 0.69715447 0.69715447
 0.69918699 0.69918699 0.70121951 0.70121951 0.70528455 0.70528455
 0.70731707 0.70731707 0.71544715 0.71544715 0.7195122  0.7195122
 0.72357724 0.72357724 0.7296748  0.7296748  0.7398374  0.7398374
 0.74186992 0.74186992 0.74390244 0.74390244 0.75203252 0.75203252
 0.75609756 0.75609756 0.76219512 0.76219512 0.76626016 0.76626016
 0.76829268 0.76829268 0.77235772 0.77235772 0.78658537 0.78658537
 0.78861789 0.78861789 0.79065041 0.79065041 0.79878049 0.79878049
 0.80487805 0.80487805 0.80691057 0.80691057 0.80894309 0.80894309
 0.82113821 0.82113821 0.82520325 0.82520325 0.82723577 0.82723577
 0.82926829 0.82926829 0.83536585 0.83536585 0.83739837 0.83739837
 0.83943089 0.83943089 0.84146341 0.84146341 0.84756098 0.84756098
 0.85569106 0.85569106 0.85772358 0.85772358 0.86178862 0.86178862
 0.86585366 0.86585366 0.87398374 0.87398374 0.87601626 0.87601626
 0.8800813  0.8800813  0.88211382 0.88211382 0.88414634 0.88414634
 0.88617886 0.88617886 0.8902439  0.8902439  0.90243902 0.90243902
 0.91666667 0.91666667 0.92682927 0.92682927 0.93089431 0.93089431
 0.93292683 0.93292683 0.93699187 0.93699187 0.94105691 0.94105691
 0.95121951 0.95121951 0.95934959 0.95934959 0.96544715 0.96544715
 0.9695122  0.9695122  0.97357724 0.97357724 0.98780488 0.98780488
 0.99390244 0.99390244 1.         1.        ]