[ 0.44464479  0.2293289   0.02903357  0.76616502  0.54921666  0.7208991
  1.5748303  -0.21705507  1.22667757  0.28627055  0.52573126  0.19891186
  0.80858299 -0.47542328  1.29390884  0.94836364  0.3431914   0.12464807
  0.33450542  0.28157085  1.07176381  0.6236906   0.12622224  0.14477001
  1.20842046 -0.7909584   0.78650563  0.64565587  0.77268877 -0.1654521
  0.07828584 -0.35368268  0.49145332  0.41727485  1.273366    0.35013336
 -0.81989253  0.60116915  0.36708548  0.16367444 -0.16303765  0.62641721
  1.37621258 -0.14511299  1.13754236  1.16132418 -0.86956522 -0.29125332
 -0.11342299  0.35970827  1.5463585   0.69870611  0.15947019 -1.09935654
  0.33405881  0.41325912  0.9701279  -0.03849128  0.64854924  0.67757587
  0.39485858  0.30235751 -0.26564611  1.23530492 -0.40617271  0.89642658
  0.19115224 -0.14092465  0.46259646 -0.71086147  0.31542013  0.64123717
  0.44421995  1.01720268 -0.08992788  0.69540744  0.08233874  0.45093791
  0.29990536  0.22083981  0.83720819 -0.07530168 -0.33238288  0.35628777
  0.22541583  0.83581254 -0.35309187  0.55821376 -0.25422112  1.39661848
 -0.14229084 -0.64782063  0.68833751  0.31524172 -0.03686655  0.58199087
 -0.44647978 -0.08697814  0.93931317  0.75093085  0.71947645 -0.34441986
  1.06993472 -0.61165919 -0.00956513  1.69832518  1.46564685  0.31628837
  0.45699291 -1.07736471  1.08059425 -0.80766271  0.67389618  0.43514154
  0.61650135 -0.38789812  0.94463418  0.67968927  0.72253366 -0.09812299
  0.41893215  0.6219539  -0.20943333 -0.44372272  0.52341167  0.8344587
  0.64898283  0.06265887  0.62933931  0.98461719  0.78932535  0.28883709
 -0.72463174  0.35390723  1.07981327  1.24810402 -0.74679025  0.76980298
  0.19815464  0.17837806 -0.22141637  1.00841627  1.20654782 -0.14485223
  0.66825912  0.62824602  0.25854853 -0.59553113  0.89468521  0.34798425
  0.88857603 -0.4244437   1.10631816  0.9911177   0.49672837 -1.19242231
  0.80387796  1.38257346 -0.9282039   1.05380131 -0.21797959 -0.7721947
  0.6128233   0.18926674 -0.22269433  1.10388521 -0.08315765 -0.85875263
  1.05802946 -0.20427543  0.89066059  1.42585087  0.60600895  0.63275986
 -0.26778079  1.09774582  0.55023434  0.52772633 -0.23323226  0.27366091
  0.29709909 -0.86910263  1.192234    0.79580399 -1.41341903  0.72270979
 -0.25835532  0.38405517  0.12982927  0.09561161  0.43888977 -0.04789293
  0.01728822  0.30444517  0.92572038  0.64226063  0.05679838  1.38472665
  0.12731469 -0.06937432 -0.12402122 -0.03903659  1.05114287  0.59618895
  0.75082594  0.32514768  0.60719787 -0.3089703   0.8240926   0.23850792
  0.1699342   0.17730271  0.85376143  0.39590517 -0.74800716 -0.80923206
  0.45200418  0.64872742  0.49063926 -1.24471961  0.25995841  1.07391137
 -0.03847185  0.41325466  0.54749641  0.43510886  0.67628205  0.95479152
 -0.45731583  1.46264796  0.20399243  0.85321135  0.94925022 -0.75782462
 -0.24625682  0.81868457  0.87401812 -0.11386997  0.64405636 -0.58770386
  0.13338973  0.84314617  0.49979283 -0.32710242  1.10043287  0.38214911
 -0.57159561  0.41145044  0.01653549  1.19505503  0.71147515  1.17880378
  0.74390528  0.72610148 -0.01737342  0.53564764  0.31183755 -0.21980078
  0.57338038 -0.49691255  0.28977927  0.61973651  0.04631432  1.03935765
 -0.08473609  0.05728187  0.79322916 -0.66872822  0.84105492  0.78656816
 -0.20033903  0.23011054  0.77837401 -0.23060125  0.671303    0.57933823
 -0.32342199  1.11744104 -0.55532677  0.04091466  1.33721548 -0.98159965
  0.41663872  0.08439426  0.97660096 -1.07472185 -0.08475021 -0.42086781
 -0.81395193  0.93055795  0.19286693 -0.37298879 -0.13047538  1.08519325
 -0.4117299  -0.12151005  0.20882416  0.06352198  0.87124964 -0.51329918
 -1.22388745  0.7666179   0.72761513  0.42580747  0.38163646  0.66676307
  0.72772676 -1.30611667  1.13628716  0.46792191  1.10207924 -0.54864299
  0.90239124  1.00299953  0.51106212  0.37830074  0.42006935  1.09238535
  0.49575825 -0.59569212  0.9171742  -0.49537749  0.10691324  0.07001349
  1.03643099 -0.46208371  0.78750698  0.69984666  1.1523539   0.19760839
  0.31485709  0.25325528  0.25076747 -0.94766878  0.15336384  0.63814747
 -1.62636992 -0.66057851  0.07713638 -1.19736577  1.4526017   0.27844627
 -0.05516669  0.70381159  1.12576174 -0.0851973   0.41367381 -0.06889828
 -0.15826367  0.04208523 -1.21548182  0.13850642 -0.16524741 -0.46767012
  1.32648752  0.79610276  0.9712563   0.92205228  0.23342917  0.29421865
 -0.4208272   0.54232321  0.23589812 -0.22081435  0.37815974  0.90907906
 -0.09746331 -0.31338353 -1.02192261  0.24798588  0.15906775  0.94775673
 -0.59370623  0.13640257 -0.34168256  0.94655847 -0.65976648  0.35163522
 -0.10676817 -1.33200241  0.22172241 -0.40631924  0.89392549  0.16981032
  0.31376597  0.14023435 -0.1679295   1.19836121  0.22811244  0.5420006
  0.62134067  0.33769166  0.55166048  0.3176798   0.63513093  0.58082355
  0.66157572  0.33408557  0.38214148  0.02208793  0.84705357  0.59072207
 -0.93354992  0.27074238  0.96127218  1.05864796  0.45680483  0.11755072
 -1.10877366  1.15185248  0.97367997  0.11455494  1.18780117  0.65933748
 -0.40043495  0.64751732  0.78931361  0.13222509  0.10471367  0.86397314
  0.58915188  1.15753538 -0.13735004 -0.01191578  0.85248819  1.02108592
  1.15660273 -0.13012216  0.13299123  0.82032043 -0.05776759 -1.21559951
  0.33352479  0.56514329 -0.38248726  0.83022761  0.41974703  0.52727691
  0.93309371  0.30558004  0.54962054  0.01076723  1.02381862 -0.03966806
 -0.25150219  0.26834207  0.51039717  1.09412195 -1.62143002  0.76593496
  0.64961369  0.4418804   1.17048809  0.71802179  0.36646456  0.38180707
  1.04593847  0.85796736 -1.45212117  0.91602315  0.73247851 -0.40273592
  0.72396867  0.24802023 -0.71513853 -0.3820971   0.13176762 -0.32183101
  1.2043614  -1.13130227  0.20839789  0.65021098  0.74906846  0.96305651
  0.44819799 -0.5018218   0.1652258   0.69358137  0.71200253 -0.42996764
 -0.44604362  0.33187261  0.69694089  0.41908303  0.14285845  0.10413385
  0.60368933  0.44898897 -0.10794291  0.03404057 -0.54230285 -0.53403566
 -0.22997434  0.84554088  0.10965011  0.8792772   0.27300056 -0.19681623
 -0.07938715  0.70152597  0.8691806  -0.42515136  0.61794512 -0.19031145
  1.10343715 -0.15988605 -0.28623742  0.36152818 -0.06522341  1.09681782
  0.72875417  0.13429864  1.06608299  0.36439363 -0.38696137  0.86939896
 -0.39299065  0.26151538  1.08342088  0.57694258 -0.03687468  0.49632486
  1.03835807 -0.19308233 -0.06951945  0.07075738  0.3268584   0.43432236
 -0.80409178 -0.65499531 -0.00475929 -0.33075307  1.46195689 -0.09600448
 -0.22183088 -0.56809675 -1.09806153 -0.46470025  0.29871216  0.84978854
 -0.562908    1.05515646  0.13113819 -0.1810012  -1.03045478  0.7166478
 -0.19377313  0.71448521  0.32709746 -1.10409541  0.82210049  0.2111202
  0.60792699  0.72690272  0.03805186  0.0527204  -0.04848994  0.05166
  0.77949933 -1.03047964  0.71763383 -0.04250887  0.11653967  1.19016361
  0.72020916  0.80221126  0.19728086  0.2524403   0.11581407  0.51539238
 -1.21732733 -0.66421906 -0.60292151  0.49132787  1.25269179  0.09873423
 -0.16318301  0.75627756 -0.26119417  1.27366178 -0.5672184   0.24875365
 -0.07914989  0.48510212 -0.13656693  0.64875952  0.30989638  1.11056162
  0.3076296   0.69202644 -0.3933448   0.95153898  1.07934197  0.03936176
 -0.09341434  0.42119064  0.39994158  0.36548805  0.13775339  0.48226495
  0.00616732  1.17426403  0.98630549  0.87002199  1.39679888  0.08730405
  0.09433954 -0.50549678 -0.73222406  0.66286277  0.79169773  0.37647307
 -0.23710711  0.68456766  0.88931088 -0.39031504 -0.24656234 -0.05820347
  0.67657099  1.35256415  0.22912136  0.1451349   0.65414519 -0.17810045
 -0.30981925  0.05236287  0.77426708 -1.07948488  1.05211272  1.04699248
  0.89313457  0.57822986  0.59391923  0.8314195   0.76940465 -0.31750782
  0.80921076  0.5685978   0.34725681  0.42795274  0.55378378  0.06544339
 -0.08538217  0.44801207 -0.05775299 -0.3530631  -0.10827314 -0.04061446
  1.25433827  0.80603498  0.73634563 -0.59657734  0.47948622 -0.61777122
 -1.68339393  0.12130282  0.48727868  0.77344275  0.56023813  0.15875192
  0.38968957  0.77823278 -0.37177089  0.50998388 -0.48389504 -1.02072864
  0.57557844 -0.74042226 -0.01407812  0.50548729 -0.36209051 -0.10536725
  0.90671068  1.67348512 -1.32387724  0.26862275  0.65982284  0.29711983
  0.25164183  0.34686912  0.12146021 -0.35499553 -0.74888082 -0.34677319
  0.19816359 -1.1579809  -0.51738351  0.00417187  0.34298931  0.54757657
 -0.56457272 -0.65791718  0.17463856 -0.31656436 -0.82947455 -0.97617746
  0.11178681  0.59651987  0.7885588   0.12779517  1.37781494  1.25909842
  0.27331433  0.40009568  0.12041757 -0.43876147  1.29917485  0.65821894
 -0.70471237 -0.97429283  0.78616437  0.35458652  0.65776979  0.86637881
  0.91539019  1.0169421  -0.47914477  0.40551335  0.89160697  0.39639902
  0.54423163  0.20963501 -1.23304393  0.16484029  0.56137872  0.46160738
  0.92399604  0.13651303  0.86064193 -0.2433664  -0.10738332  0.18624824
 -0.53284831  0.52506527 -0.34805118  0.11624265 -0.16952797  0.99013423
  0.64914844  0.89793808  0.42857638  0.605652    1.11599438  0.44870555
  0.44688716  1.22127942 -0.51485352  1.17191415  0.26300573 -0.97061293
 -0.075529    0.09929483  1.02855938  0.72771714  0.31616704  0.37347669
  0.06097975  0.52542029  0.5274606   0.16857654  0.59902329  0.51107284
  0.91682075  0.50636204 -0.80322348 -0.85550303 -0.09420282  0.39769745
  0.29433952  0.03121823  0.4972439  -0.28352714  0.86450371  0.55970407
  0.21131296  0.69596144  0.77502522  0.80671362  0.24496266 -0.17147007
  0.48622318 -0.08516544  0.68508591  1.14242674 -0.45220111 -0.54866975
  0.28399634  1.22360762  0.86584806  0.7860401  -0.12620234  0.53783627
  0.07290503 -0.42197173 -0.03249018 -0.10891396 -0.18949504  1.02860463
 -0.73362311  0.35577998  0.08879901 -0.36929754 -1.09540208  0.33312403
  1.21861429  0.09141197 -0.36038729 -0.15594231 -0.37203839 -0.15556698
  0.19011568 -0.44089329  0.91792912  0.22715026  1.6315101   0.30990441
 -0.20537161 -0.04740266  0.71257705  1.28020398  0.27047217 -0.36009372
  0.23378806  0.73259484 -0.03314961  0.17077944 -0.0745056  -0.21674956
  0.22880849  0.4338817   0.74276125 -1.34096263 -0.09767308  0.65228246
 -0.53789876  0.57641454 -0.15033502  0.145679    0.58002356  0.2674893
  0.36689847  0.17857112 -0.24921105  1.02738872  0.31268495  0.20550359
 -0.31217773  1.24825677  0.49280446  0.39568274  1.09468752  0.80782941
 -1.48953389  0.69348727 -0.20718896 -0.60436486  0.03750938  0.951798
 -0.41914876  0.90326051 -0.06516377 -1.28779112  0.32114608  0.52159708
  0.93669273  1.30298878  0.24331259  0.30431314 -0.05424522  0.88165177
  0.06751295  1.08915476  0.7123656   0.16212148  0.60443752  0.36041212
  0.41365315 -0.19653336 -0.59139922  0.2328819   0.77237324  1.33956215
  0.67263687  1.39872571  1.10303727  0.98735179 -0.02325831  0.30238481
 -0.28233422  0.84243225  0.70154405  0.05420168  0.668442    0.65135527
  0.05428433  1.58416678 -0.43820408 -0.12409536  0.5279035   1.31585535
  0.68434919 -0.27646884  0.46575757  0.35452972  1.30888276 -0.16493994
  1.3978886  -0.61293281 -0.20926135  0.49497502  0.29048094  0.54831335
 -0.11603955  0.77857802  0.12072797  1.41620398  1.01468335  1.06328096
  0.85275684  0.81888765 -0.55336112  0.82763812  0.24795791  1.21925188
  0.23046394 -0.34050806 -0.62727678  0.42670705  0.70658786  1.36950744
 -0.47584453  0.76361536  0.53682432  0.59962168 -0.71680944 -0.0706961
  0.35969685 -0.17178603  0.59834738 -0.01107511 -1.57256188  0.13991848
  0.36751004  0.3608103   0.78297428  0.08623919 -0.13851518  0.06746564
  0.77813351  0.96727664  0.01072236  0.38802742  0.58487408 -0.41016324
  0.83378409  0.14756234  0.13050051  0.86581083 -0.48456706  0.01420523
  0.40943552  0.83057755  1.1222078   0.75120055  0.999435    0.7576645
  0.65395727  0.75408999  0.57786626  0.16688718 -0.0799544   0.16336696
  1.26618862  0.28908765  0.13405755  1.19287227 -0.71085521  0.01344515
  0.14527794  0.78125984  1.03276705  0.74872872  0.62560139  0.42682329
  0.70293257  0.62516325  0.64922091  0.36755021  0.89450589  0.73776811
  0.08699243 -0.48106936  0.94467597  0.52682362  0.26031983  0.29224076
  0.27716177 -0.02612975  0.48817208  0.7409429 ]