[0.         0.         0.         0.0019685  0.0019685  0.00393701
 0.00393701 0.01377953 0.01377953 0.01771654 0.01771654 0.01968504
 0.01968504 0.03149606 0.03149606 0.04330709 0.04330709 0.0492126
 0.0492126  0.0511811  0.0511811  0.05708661 0.05708661 0.07086614
 0.07086614 0.07677165 0.07677165 0.07874016 0.07874016 0.08464567
 0.08464567 0.08661417 0.08661417 0.09448819 0.09448819 0.09645669
 0.09645669 0.1003937  0.1003937  0.12007874 0.12007874 0.12401575
 0.12401575 0.13779528 0.13779528 0.14173228 0.14173228 0.14370079
 0.14370079 0.14566929 0.14566929 0.1476378  0.1476378  0.16929134
 0.16929134 0.17125984 0.17125984 0.17322835 0.17322835 0.17519685
 0.17519685 0.17913386 0.17913386 0.18503937 0.18503937 0.18700787
 0.18700787 0.18897638 0.18897638 0.19094488 0.19094488 0.19488189
 0.19488189 0.20275591 0.20275591 0.21653543 0.21653543 0.21850394
 0.21850394 0.22834646 0.22834646 0.23425197 0.23425197 0.24212598
 0.24212598 0.24606299 0.24606299 0.25393701 0.25393701 0.25787402
 0.25787402 0.26181102 0.26181102 0.26574803 0.26574803 0.27165354
 0.27165354 0.27559055 0.27559055 0.27755906 0.27755906 0.28149606
 0.28149606 0.28543307 0.28543307 0.29724409 0.29724409 0.2992126
 0.2992126  0.31299213 0.31299213 0.31889764 0.31889764 0.32283465
 0.32283465 0.32677165 0.32677165 0.33858268 0.33858268 0.34448819
 0.34448819 0.34645669 0.34645669 0.3503937  0.3503937  0.36417323
 0.36417323 0.36614173 0.36614173 0.37007874 0.37007874 0.37598425
 0.37598425 0.38188976 0.38188976 0.38385827 0.38385827 0.38779528
 0.38779528 0.39566929 0.39566929 0.3976378  0.3976378  0.40354331
 0.40354331 0.40551181 0.40551181 0.41338583 0.41338583 0.41535433
 0.41535433 0.42125984 0.42125984 0.42716535 0.42716535 0.42913386
 0.42913386 0.43110236 0.43110236 0.43503937 0.43503937 0.43897638
 0.43897638 0.44094488 0.44094488 0.44291339 0.44291339 0.4488189
 0.4488189  0.4507874  0.4507874  0.45866142 0.45866142 0.46259843
 0.46259843 0.46850394 0.46850394 0.47440945 0.47440945 0.47834646
 0.47834646 0.48818898 0.48818898 0.4980315  0.4980315  0.5
 0.5        0.5019685  0.5019685  0.50393701 0.50393701 0.51377953
 0.51377953 0.51771654 0.51771654 0.52165354 0.52165354 0.52362205
 0.52362205 0.52559055 0.52559055 0.53740157 0.53740157 0.53937008
 0.53937008 0.54133858 0.54133858 0.54527559 0.54527559 0.54724409
 0.54724409 0.5511811  0.5511811  0.55511811 0.55511811 0.55905512
 0.55905512 0.56299213 0.56299213 0.56889764 0.56889764 0.57086614
 0.57086614 0.57283465 0.57283465 0.57480315 0.57480315 0.57874016
 0.57874016 0.58070866 0.58070866 0.58464567 0.58464567 0.58661417
 0.58661417 0.59055118 0.59055118 0.59251969 0.59251969 0.5984252
 0.5984252  0.6023622  0.6023622  0.61811024 0.61811024 0.62007874
 0.62007874 0.62204724 0.62204724 0.62401575 0.62401575 0.62598425
 0.62598425 0.62795276 0.62795276 0.63188976 0.63188976 0.63385827
 0.63385827 0.63779528 0.63779528 0.64173228 0.64173228 0.6515748
 0.6515748  0.65354331 0.65354331 0.65551181 0.65551181 0.65748031
 0.65748031 0.66141732 0.66141732 0.66338583 0.66338583 0.66732283
 0.66732283 0.67125984 0.67125984 0.68110236 0.68110236 0.68897638
 0.68897638 0.69094488 0.69094488 0.69291339 0.69291339 0.69685039
 0.69685039 0.6988189  0.6988189  0.7007874  0.7007874  0.70275591
 0.70275591 0.70669291 0.70669291 0.71062992 0.71062992 0.71259843
 0.71259843 0.71456693 0.71456693 0.71653543 0.71653543 0.72047244
 0.72047244 0.72244094 0.72244094 0.72637795 0.72637795 0.72834646
 0.72834646 0.73031496 0.73031496 0.73425197 0.73425197 0.74015748
 0.74015748 0.74409449 0.74409449 0.7480315  0.7480315  0.75590551
 0.75590551 0.76377953 0.76377953 0.76574803 0.76574803 0.77165354
 0.77165354 0.77559055 0.77559055 0.78543307 0.78543307 0.78740157
 0.78740157 0.78937008 0.78937008 0.79330709 0.79330709 0.7992126
 0.7992126  0.8011811  0.8011811  0.80314961 0.80314961 0.80511811
 0.80511811 0.80905512 0.80905512 0.81102362 0.81102362 0.81299213
 0.81299213 0.81889764 0.81889764 0.82086614 0.82086614 0.82283465
 0.82283465 0.82480315 0.82480315 0.83464567 0.83464567 0.83858268
 0.83858268 0.84645669 0.84645669 0.8484252  0.8484252  0.8523622
 0.8523622  0.85629921 0.85629921 0.85826772 0.85826772 0.86023622
 0.86023622 0.86220472 0.86220472 0.86417323 0.86417323 0.86811024
 0.86811024 0.87007874 0.87007874 0.87401575 0.87401575 0.87598425
 0.87598425 0.87795276 0.87795276 0.88188976 0.88188976 0.88385827
 0.88385827 0.88779528 0.88779528 0.89566929 0.89566929 0.8976378
 0.8976378  0.8996063  0.8996063  0.9015748  0.9015748  0.90354331
 0.90354331 0.90551181 0.90551181 0.90748031 0.90748031 0.90944882
 0.90944882 0.91141732 0.91141732 0.91338583 0.91338583 0.92125984
 0.92125984 0.92519685 0.92519685 0.92913386 0.92913386 0.93110236
 0.93110236 0.93307087 0.93307087 0.93700787 0.93700787 0.94094488
 0.94094488 0.94291339 0.94291339 0.94488189 0.94488189 0.95472441
 0.95472441 0.95669291 0.95669291 0.95866142 0.95866142 0.96456693
 0.96456693 0.96653543 0.96653543 0.96850394 0.96850394 0.97440945
 0.97440945 0.97834646 0.97834646 0.98031496 0.98031496 0.98622047
 0.98622047 0.99015748 0.99015748 1.         1.        ]