[-0.10829042  1.10713408  1.01118818  0.39251624  0.37453245  0.39588144
  0.17893772  0.53702962  0.36004711  0.65491731  0.77208996 -0.0367659
 -0.42583417  0.63163374 -0.06804195  0.7065195   0.23460839  0.33291605
  0.23320173  0.36748104  0.13706025  0.3496864   1.51116016  0.84575341
  1.34037765  0.9902587   0.33670286  0.09622245  0.45303309  0.04955844
  0.43446847 -1.20069772  0.22225381  0.95463934 -0.1566948  -0.40434684
  0.28857904  0.07010853  0.07748154  0.49900992  0.45247254  0.17830728
  0.40282752  0.01516761  0.41741542  0.96877093  0.68762469  0.949106
  0.65201748  0.00373493  0.21774262  0.63213083  0.24556607  0.26893268
 -0.26528637 -0.01796503  1.02827664 -0.32378837  0.2035111   0.00602211
 -0.16223756  0.8543739   0.62471614 -0.12690488  0.38941787 -0.3517898
  0.35383124  0.28815195  0.56059226  1.06192431  0.51740059  0.48077581
  0.55138555 -0.11212296  0.6344304   0.45228212 -0.35469563  0.81231929
  1.02335043  0.8836915   0.07033638  0.74790616  0.40174422  0.04722213
 -0.20815412  0.7959675   1.19272596  0.1665083   1.12888373 -0.08993324
  0.15588176  0.4588769  -0.0643691   1.05232358  0.91241595 -0.03027537
 -0.62813543  0.86276877  0.54249492  1.19174347 -0.22455297  0.27037903
 -0.27966615  0.6183607  -0.01265135  0.88581751 -0.44365068  0.5779239
  1.01297877 -0.09895154  0.16970076  0.61357483 -0.00433685  0.38513575
 -0.61960903  0.93588697  0.95345083 -0.65154334  0.39467868  0.08358157
  0.67066778  0.97205311  0.52706756  0.37207606 -0.7665463  -1.00644319
  0.53425492  0.83596654  0.16879719  1.12158068 -0.48688184  0.63743001
 -0.39502273  1.20560907 -0.32262505  0.83507395 -1.35719145 -0.50294354
 -0.05090199  0.83755482  0.15985033 -0.03229086  0.26531028  0.3210846
  1.0362913   0.86375551  1.41415084 -0.00864226  0.30851788  1.256416
 -0.35852222  1.20782555 -0.17231757  1.15154856  0.94168687 -0.6590957
  0.47266758 -0.00244232  0.60294863  0.28318875 -0.73237401  0.11274013
 -0.06026253  0.28623542 -0.22884257  0.83411664 -0.37438474 -0.40363275
  0.70551732  0.06593634  0.3674199   0.37834025  0.36702333  0.76429825
  0.83947168  1.02263426  0.97598126 -0.2300751   1.38652911  0.159069
  1.21597238 -0.52785591  0.65868793 -0.41877438  0.22930406  1.00258833
  1.17062181  0.40447826  1.13978482  0.96724017  0.38673126  0.44047664
  0.67127795  0.45597199  0.75388212  1.50709479  0.48781043  0.65048606
  0.63961626  0.69878566  0.51550845  0.80140823  0.32847543  0.40683712
  1.56716266 -0.49717049 -0.06508595  0.75909003  0.63003215  0.16286973
  0.04595435  0.56242126  1.09526994  1.03896765 -0.15503272 -0.66943556
 -0.00604011  1.16382189  0.1512627   0.46353787 -0.47974838  0.74320726
  0.00746803  0.03373889  0.29199743  0.54925372  0.58219815 -0.37558488
  0.07755103 -0.02706718 -0.98323127  1.52212736  0.30559487  0.73162898
 -0.48237274  0.24456046 -0.37931707  0.62826408  1.11315351 -0.83942934
  0.59578457 -0.98220072 -0.90306553  0.81938261 -0.63042161  1.17577636
 -0.8065253  -0.09890661 -0.30848814 -1.07478176  0.88029161  0.67553338
  1.27975811 -0.1619035   0.75336161  0.50629378  0.72903196  0.93145208
  0.94866151  1.03548128  0.77452255 -0.06502968  0.81016897  0.63097846
  0.1865319  -0.37140021  0.86826369  0.70959028  0.9723672  -0.14635234
  0.41184874 -0.436257    0.5233509   1.27489179 -1.1490743   0.00738388
  0.53710571  0.06739311  0.61731036  1.16302066 -0.38896629 -0.04314195
  1.11304929  1.17349029 -0.45643748  0.17499087  1.21456206  0.80697134
 -0.01600052  0.44203719 -0.00727541  0.34343022 -0.05896934  0.86449052
  0.67538102  0.56711783  0.23011025 -0.10290653  1.10034705  0.79592256
 -0.61144949  0.97673059 -0.29161816 -0.43896022  0.83859883 -0.09233547
 -0.53089691  0.5821067   0.93619289  0.18511945  0.99806303  0.11609765
 -0.65471111  0.96766708  0.07288607  1.07910596  0.49589917 -0.20447233
  0.68229749 -0.47891381  0.19789201  0.62970605 -0.51942593  0.97250289
  0.07647944  1.49240774  1.16392516  0.07226553  0.81743185  0.83538636
  0.87500541  1.29888061  0.0048829   0.14998648  0.38810504  0.19365163
 -1.14509682  0.29153629  0.34853944 -0.1047259  -0.32021487  1.23437928
  0.63302239  0.87696616  0.34797715  0.76490461  0.31052968  0.58957024
  0.47376222  0.12035286  0.63117749  0.9357916  -0.05199438  0.28359724
  0.52384826  0.39486208  1.10865392 -1.05205295 -0.03261619  1.10567359
  0.05511667  1.37728807  0.00240222  0.51594447  0.67723241 -0.58160824
  0.31918326 -0.28254834  0.02472976  0.17467062  0.65537584  0.66535519
  0.75621739  0.84710112 -1.19235558 -0.02230514  0.15900508  0.26385752
  0.30757231 -0.31155922  0.87038049  0.00271798 -0.66242284  0.45747005
  0.45324937  0.22354411  0.65137505  0.87125577  0.40912238  1.10427998
 -0.29554603  0.11855211  0.49048632  0.34348805  0.04646222  0.75034137
  0.19936587  0.25785797  0.08837623 -0.52110834  0.22400405  0.38351195
  0.739578   -0.00572304  1.21190655 -0.20789274  0.56463329 -0.95870943
 -0.07976741  0.43551868 -0.08681983  0.81368386  1.04591034 -0.2282042
 -0.810696    0.4586609   0.29391611  1.39074949 -0.05970811  1.29637922
  0.46670372 -0.38942271 -1.50841866  0.50497131  1.38105189 -0.9183314
  0.77764942 -0.58919203  1.44978429  0.68931447  0.12334178  0.45400519
  0.2420338   0.64271933 -0.10319772  0.63743974 -0.08710042 -0.27515549
  0.83721502  1.158362    0.17627858  0.45344349  0.83824278  0.45329266
 -0.576179    1.29769259 -0.59044447 -0.18732016 -0.45179276  0.42354886
  0.47208509  1.02596046 -1.02000938  0.70139021 -0.98720442  0.32271795
 -0.30020469  1.2513236  -0.11204049 -0.54212194  1.10974372  0.97880986
  0.00225332  0.76614986  0.85682519  0.77849322 -0.52482695  0.32936054
  0.04071282  0.85865428  0.31262776  0.43775898  0.64920089  0.8244653
 -1.11748383  0.37141545  1.25010479  0.42187028  0.20651738  0.96381524
  0.76765219  0.69298859  0.4163068  -0.10205801 -1.03363288  0.82164576
  0.6980795  -0.62866394 -0.09401293 -0.06234654  0.7511317   0.78209833
  0.44737943  0.54590811 -0.1319506  -0.12746304  1.17411307 -0.18569611
  0.33177841  0.47734311  0.30203164  0.64895044  0.72756609 -0.18797501
  0.30435714 -0.725622    1.20325487  0.22294661  1.16131047  0.1435128
  0.83316459 -0.25816682  0.21123284 -0.42767107  0.13034311  1.05300996
  0.14788526 -0.66713268  0.54130486  0.27713877  0.95558925 -0.36045842
  1.17655564 -0.18287787  0.72540107  0.6128478   0.28316355  0.9204384
 -0.68431327  1.10745726  0.26709919  0.30716454  0.43820901  0.29822224
  0.07127646 -0.0530353   0.46012885  1.17237271  1.36232233  0.35288895
 -0.77403812 -0.96834759 -0.64211867  0.5881269   0.16597146  0.77894101
  1.34661556  0.59599176  0.00227858 -1.0037363   0.8025991  -0.44551925
 -0.35578201 -0.39299531  0.63183233  0.22071154 -0.29316284  0.48188231
  0.06097597  0.90021796 -0.93857771 -0.20603339 -0.45461962  0.58770812
  0.08274507 -1.01636329  0.3357186  -1.38623611 -0.3106287   0.29398526
  0.24595017  0.33547603  0.12168426  0.83237817 -0.0918322   0.73211661
  1.07144468  0.50689617  1.15271876  1.46958592  0.65390359  0.49503722
  0.53819618 -0.85474249 -0.03402088  1.0350394  -0.40191175  0.84900301
  0.48864639  0.97584647  0.40153099 -0.36209391  1.39453596  0.05479958
  0.47805135  0.30292813  0.52446054  0.91968321  0.08286682  0.78844629
  1.10781507  0.7039531   0.69647934  0.14491149 -0.04087224  0.86543492
 -0.52965819  1.01236761  0.51513881  0.61166421  0.32091976  0.77494884
  0.62780672  0.21517969 -0.36898598  0.59619821  0.44970561  0.34009349
  1.16125279  0.89913122  0.0642331   0.72393884  0.08984747 -0.10365898
  0.09509969  0.20981893  1.03250137 -0.78468756 -0.93659179  0.93384884
  1.04299144 -0.13956945 -0.8905662   0.41140853  0.19037833 -0.30747397
 -0.69852883  0.93869245 -0.0683804   0.39178132 -0.16981077 -0.10261113
  0.20284304  0.3086286   0.01095665 -0.24378622  0.40420872  0.4727857
 -0.29961007  0.05225267  0.70011502 -0.03470196  0.53721229  0.54388802
  0.44246297 -1.55528861 -0.09448886  0.68122891 -0.71619738  1.12131438
  0.06521825  0.32461132  1.30674634 -0.5376764   0.76963791  0.72141872
 -0.13640311 -0.22200003  0.81306439 -0.02110941  0.54379853  0.59819979
 -0.38808225 -0.045602    1.08984818  0.08863242  0.8127736   0.79659352
  0.4514364   0.69912054  0.53380527 -0.15640615 -0.00855903  1.23054711
 -0.16392546  1.33866256  1.36699679 -0.39601035 -0.38097221 -0.10617468
  0.54122962  0.70413633  0.32326606  0.39907682  0.9916758   0.64977844
  0.26580149  0.49718297  0.52577105 -0.02156643  0.6440203   0.57397824
  1.26472538  0.68155978  0.71981733  0.10333828 -0.75053152 -0.15913377
  0.33589455  0.56395918  0.79900053  1.05637103  0.48602348  0.18784697
  1.1480779   0.5677921   0.30999367  0.65454321  1.12099926  0.90059631
  0.2802798   0.37319765 -0.41860364 -0.18403393 -0.55378737 -0.65017529
 -0.44859281  0.25494662  0.00419015  0.03152553  0.26190219  0.60305458
  0.97582463 -0.46512016  0.5444399   0.07915058  0.85343781 -0.29074742
 -0.56435551  0.45093445 -1.05652703  1.10399487  1.01276497  0.55482102
  0.14406069  1.49578487 -0.27202568  0.16073811  0.90252814  0.05115667
  0.55432774  0.5424271   0.10807858  0.8575611   0.74102128  0.46829017
  1.36656681  0.43577989 -0.09719804  0.14222907 -0.27460952  1.03710345
  0.5588224   0.91679225 -0.14096288  0.29094291 -1.16036119 -0.11708655
  0.17220597  1.53924302 -0.56490204  1.17890461  0.17642459  0.75408234
 -0.00411519  1.21675649 -0.26421475  1.18526612  0.61134544  0.78546169
  0.54863047 -0.02719145  0.36365535  0.01760581  1.05642935  0.41980068
  0.7699778  -0.46889827  0.46120929  1.01242844  0.23456309  1.2899381
  0.88742868  1.08734332  1.33069599  0.40780144  1.02426695  0.47371051
  0.06228648  0.01510931  1.29836273 -0.23017163  0.2252355   0.53280987
  0.64531995  0.21567669  1.04065489  0.80054665  0.36766964  0.18843896
  0.44482842  0.37407224  0.36617325  0.61314793  0.28078669  0.7044642
  0.12738475 -1.06839759  0.62410101  1.00408349  0.92743596  0.26855037
  0.38217451 -0.54403609  1.36682678  0.782887   -0.23674082  0.33516303
  0.75673475  1.34278529 -0.12824562  0.88216594  0.34784977  0.35117483
  0.71492324  0.6345053   0.25157407  0.88764676  0.12599763  0.12875328
  0.64580015  0.29336241  0.56865386  0.6751148   0.22797898  0.97775958
 -0.03566474 -0.15509632  0.9144053   0.61731094 -0.01599056  1.26146587
  0.75826323  1.26820862  1.05835287  0.75426032  0.48245983  0.82261961
  0.74042951  0.30918666  0.38144801 -1.0339065  -0.04938106 -0.10113639
  0.19724176 -0.02196372  0.18180306  0.01778937  0.91814026  0.24565229
  0.79901477  0.37241661  0.21258661 -0.60472389 -0.527515    0.73820919
  0.04555862 -0.20870765 -1.20049065 -0.08747071  1.20148631  0.12055062
  1.22813521  0.35852593  0.73091775  0.05696654  0.20073265  0.06040051
 -0.13336939  0.56123178  0.12949865  1.00861509 -0.43673478 -0.55770409
  0.40502823  1.11023137  0.08741615  0.25832774 -0.15703932  0.66208621
  0.43435748  1.17558233  0.86876231 -0.75184118  0.94119404  1.07638402
  0.23901862  0.0574699   0.84056329  0.27836    -0.68598677  0.523622
  0.65079858  0.46349845  1.40769391  1.13513612  0.04865704  0.59213999
  0.22814801 -0.3850214  -0.31190701  0.4879765   1.12334756  0.07522568
  0.46554457  0.39608684 -0.10722893 -0.53345501  0.81424785  0.38543148
  0.07073944  0.57274241  0.39914466  1.2110708   0.65300185  0.77338837
  0.53026799  0.1569244   1.17266082  0.07879789  0.67055436  0.13886635
 -0.17469959  1.30171379 -0.40608617 -0.16608627  0.74479683  0.38244532
  0.42257094  1.09007842  0.46761401  0.44722026 -0.152619   -0.52699612
  0.65400792  0.29677512  0.12212166  0.12477301  0.35699367  0.0685324
  1.30483742  0.56937891  0.37871892  0.52840406  0.42803983  0.21585023
 -0.45424315  0.84263572 -0.51778021 -0.59127393  0.55562497 -0.25924794
  0.65757361 -0.12540379  0.41389277 -0.59184401  0.83672964  0.93015866
  0.66514682  0.46046017 -0.5656433   0.39865049  0.95750536  0.26881683
  0.68328209  0.65247867  0.32652293  0.59533739 -0.33241388 -0.36759802
  0.03332634  1.01439185  0.45142285  0.18063215  0.82313054  0.13984289
  0.81040938 -0.2839777   1.48845145  0.76664913]