[ 2.31285853e-02  9.54401704e-01  2.70410585e-01  5.92636732e-02
  1.90088363e-01 -3.89168215e-02 -1.16662683e-01 -2.86700259e-01
  2.93046282e-02  2.24523203e-01  3.08895059e-01 -1.49381219e-01
 -3.60700657e-01  2.18040035e-01 -4.26115494e-01 -1.84191332e-01
  3.43840660e-01  3.00953068e-01  3.26017493e-01 -2.88029110e-01
  6.54880102e-02 -1.82900660e-01  5.16795350e-01  4.16254197e-01
 -5.38879363e-02  6.92510900e-01  1.51630971e-01  3.41227967e-01
  1.32570414e-01  8.25159011e-02  2.18308438e-01 -6.26978740e-01
  9.03200223e-02  2.31370388e-01  2.78640388e-01 -2.16853329e-02
 -9.01725579e-02 -5.10690394e-02 -1.70203022e-01  1.71678961e-01
 -7.27748703e-02 -3.96209940e-01  2.98331460e-01 -2.80226192e-01
  3.88689717e-01  6.11868865e-01  1.20920913e-01  2.93500567e-01
  4.34694091e-01  3.85089685e-02 -2.46754710e-02  2.61639959e-01
  1.44474083e-01  3.58911258e-01 -6.40432253e-02  1.50195784e-01
  4.33225944e-01  1.42012439e-01 -2.50912365e-01  2.25727107e-01
 -2.45238885e-01  3.02385626e-01 -4.29156724e-02 -2.21010823e-01
 -1.85495257e-01 -1.42401588e-01  2.16057294e-01 -7.13045696e-02
  3.58123735e-01  8.19683555e-01  1.41220506e-01  1.69123776e-01
  1.89483761e-01 -2.27680210e-01  1.55927187e-01  4.62345065e-02
  1.28575968e-01  4.50862059e-01  5.80527363e-01 -7.49659258e-02
 -5.72791733e-02  5.67527991e-01 -1.20505022e-02  7.46305989e-03
 -1.02277488e-01  5.80921718e-01  6.62880000e-01 -3.29824376e-02
  4.96486220e-01 -9.18011018e-02  1.94542686e-02  2.65536374e-01
  7.25507666e-02  6.04047264e-01  1.49233808e-01  5.91394521e-01
  5.55516708e-02  4.72268771e-01  3.08412111e-01  9.24441719e-01
 -6.00082715e-02  2.62325967e-01  4.35685395e-01  1.10205710e-01
  2.02451862e-01 -1.04206380e-01  3.56639579e-02  3.00283065e-01
  1.65696199e-01  3.06695853e-01  1.07110721e-01  8.66654670e-03
  9.54783524e-02 -2.07363764e-01 -1.09852878e-01  8.76632024e-02
  1.11494470e-02  1.23859386e-01  3.93856547e-02  2.75428093e-01
  3.33433018e-01  2.81597273e-01  2.59321868e-01  1.04145358e-01
 -3.41062668e-01  4.17567217e-02  1.50632671e-01  4.97411010e-01
  3.26960138e-01  5.15113294e-01  2.43110305e-03  2.56792393e-01
 -3.69986042e-04  3.97479961e-01 -2.71850226e-01  5.12413569e-01
  9.21778595e-03  1.68679829e-02  1.28698656e-01  5.82974023e-01
 -1.56147174e-01  3.77196577e-02  6.12314349e-01  1.67588695e-01
  2.53092605e-01  1.11016613e-01  6.17613966e-01 -9.47600026e-02
  1.54379748e-01  1.06106709e+00 -2.10784527e-02  4.12710368e-01
  2.15268732e-01  1.17215327e-01  7.93762501e-02 -1.74988235e-02
  2.25048526e-01  7.59762349e-02  3.19865730e-01  3.93499992e-01
 -1.61773166e-01  6.99572206e-02  8.54665781e-02  2.01793991e-02
  1.69646838e-01 -8.38556020e-02 -1.63683497e-01  4.59152936e-02
  3.12287419e-01 -6.87772497e-02  1.84305665e-01  6.14049949e-02
 -5.37562772e-01  1.71107083e-01  5.41589614e-01 -3.65455542e-01
  3.54245376e-01 -6.02992680e-01  1.26631311e-01  7.12590424e-03
  8.02283895e-01  4.28782182e-01  2.38658078e-01 -2.26653107e-01
  8.92588870e-05  4.08716178e-01 -6.76146233e-02  2.66385330e-01
  5.25511594e-01  3.49441356e-01 -3.43579967e-01  4.72451057e-01
  3.52205909e-01  1.66821092e-01  3.73460518e-02  4.04238426e-01
 -3.50034408e-02 -6.34922112e-01 -2.50451703e-01  4.24731547e-01
  7.49931197e-02  9.57239643e-02  7.81982983e-02  1.25870056e-01
  5.64417037e-01 -1.79675035e-01 -7.47778794e-02  6.37983278e-01
  1.73490120e-01  3.65542910e-01 -2.25893968e-01  3.82719823e-01
  6.55884597e-01  5.23029431e-01  2.68620754e-02  3.70670159e-01
  3.80132654e-02  3.91569288e-01  4.37119334e-01  8.08324140e-01
  7.33413437e-02  4.70108477e-01 -1.10910037e-01  1.03720278e-01
  1.02982283e-01  4.22789870e-01  3.80021398e-01 -4.23133111e-02
  6.80282601e-02 -1.26107554e-01  5.86565114e-03  6.14684312e-01
  1.39820506e-01  4.81202021e-01 -2.97622643e-01  1.62576965e-01
 -7.33628713e-02  3.48510815e-01  1.63818024e-01 -3.94047082e-01
  2.51884049e-01 -2.52239760e-01 -2.46284285e-01  5.01026896e-01
  1.08006447e-01  2.49455036e-01  7.92404764e-02 -1.12071014e-01
 -1.91852647e-03 -2.63462775e-01  3.24628839e-01  1.33400208e-01
  2.96450156e-01 -8.83474906e-02  2.07872196e-01  5.85852710e-01
  1.37456087e-01  4.48556011e-01 -1.62614552e-01  4.22195796e-01
  2.12878276e-01  5.91032443e-02  8.61263702e-01  4.07217476e-02
 -1.55229029e-02 -2.78030186e-02  6.05490807e-01  2.71144826e-01
  2.16385018e-01  1.28891004e-01 -1.72644080e-01  9.68154879e-02
 -2.04733109e-01  3.36000917e-01 -7.59743886e-02 -4.39928653e-02
  3.56225278e-01 -2.18157610e-01 -2.82258086e-01  1.44989747e-01
 -3.43399405e-01 -6.58440424e-01  5.38183858e-01  3.15032895e-01
 -1.04423184e-01 -2.80288534e-02  2.31144829e-01  2.50543479e-01
  4.94149319e-01 -2.22015327e-01 -2.68587290e-02  3.40454547e-01
  1.42551292e-01  9.12795553e-02  5.23213727e-01  2.82931731e-01
  3.30948551e-01 -5.62597490e-02  2.74369786e-01  3.81349894e-01
 -9.29089250e-02  8.56565585e-01 -8.73988392e-02 -4.10363779e-01
  5.15354170e-01 -6.72836712e-02  9.27790618e-02  3.18908200e-01
  4.17232945e-01 -2.93520003e-01  3.57244275e-01  1.71556995e-01
 -1.30225254e-01  9.66153332e-01 -2.56491865e-01  4.50309255e-01
  4.46750089e-01  3.29031079e-01  1.04406658e-01 -1.96628023e-01
 -1.00813328e-01  4.42306771e-01 -1.00949274e-01  1.14079362e-01
  2.17179265e-01  9.24737062e-01  6.21156083e-01  3.22863768e-02
  1.11659072e-01  6.86170485e-02  6.39239354e-01  4.60369282e-01
  3.32544129e-02  4.57950367e-03  5.39492575e-01  5.64782051e-03
 -6.73869825e-02  1.68591896e-01  8.57389518e-02  1.65764863e-01
 -1.27260869e-01  3.27907862e-01  4.36202298e-01  2.75112814e-01
  3.92281467e-01  1.26117889e-01  5.64667475e-01  1.89493763e-02
  3.68544870e-01  6.86135784e-03  2.78557322e-01  3.10915359e-01
  2.51278719e-01  7.63403083e-02  2.26717771e-01  1.38141428e-01
  3.14882553e-01  3.06588153e-02  2.79028020e-02 -9.15119774e-03
 -3.89974293e-02  5.68071133e-01 -1.91096580e-02 -3.40950516e-02
  4.17911639e-01  2.28463163e-01  6.66494942e-02 -2.43825375e-01
 -2.02055208e-02  1.50047842e-01  4.52562402e-01  1.04924892e-01
  7.94670579e-01  1.29197872e-01 -2.86349742e-01  3.23558761e-01
  4.51225629e-01 -2.08718676e-01 -6.32679394e-01 -1.62464886e-01
 -6.09595844e-02 -4.18365011e-02 -1.08203814e-01  2.04147225e-01
  5.25947620e-01 -3.20476705e-01  5.46121141e-01  6.03992125e-02
  1.50240377e-02  1.51469193e-01 -2.77508329e-02 -7.11704798e-02
  8.05803636e-02  1.65961929e-01  7.30054083e-02  2.29656106e-01
  2.80958229e-01  4.47521629e-01  3.20133691e-01 -2.34564776e-01
  4.19261855e-01  4.11182594e-01  2.12572203e-01  1.32882888e-01
  4.07437594e-01  1.59309091e-01  2.11841199e-01 -6.27116780e-01
  6.90390312e-02  2.57376795e-01 -1.44806849e-01  8.54120092e-01
  6.45831409e-01 -5.66647861e-01 -3.49402737e-02  1.48403325e-01
  7.03196429e-02  7.11241455e-01  1.91892668e-01 -8.86826522e-02
 -1.09701728e-01 -2.82396334e-02 -3.50395611e-01 -3.36706363e-01
  3.39319063e-01  2.36902409e-02  8.46354470e-01  3.83870853e-02
  7.25353603e-01 -3.51632734e-01 -7.52637417e-02  1.72206485e-01
  1.25100050e-02  2.10947087e-01  3.61902302e-01  2.19628740e-01
  1.46370172e-01  1.23071775e-01  2.53829925e-01  4.88059121e-01
  1.67951461e-01 -7.40560983e-02  2.52396462e-01 -1.01209385e-01
 -3.41070267e-01  4.20444305e-01 -1.00278173e-01 -6.14735371e-02
  1.16504610e-01  1.19388697e-01 -9.69696874e-02  1.01199075e+00
 -1.41890797e-01  4.28424003e-01 -4.40473784e-02  3.84565752e-01
  2.46358873e-01  1.09872733e+00 -1.29905780e-01 -1.73791471e-01
  9.43838569e-02  3.47410910e-02 -5.17512725e-02  3.37049580e-01
  5.49544222e-02  5.00219868e-01 -4.14084771e-01  1.88213031e-01
  9.04476376e-02  6.46929705e-01  5.30057717e-02  4.96296622e-02
  9.58249275e-02  3.70450752e-01  1.48133991e-01  1.96740791e-01
  3.39572311e-01  2.08266734e-01  3.12859022e-01  6.20899759e-01
  2.28954044e-01  4.13087044e-01  5.12423368e-01  1.92905963e-01
 -2.40965596e-03  8.52876121e-01 -8.76025555e-02 -6.04585478e-02
  4.05689664e-01  6.00464752e-02 -3.65481991e-03  2.52426444e-01
  1.92121024e-01  4.47811184e-02  1.40570885e-01 -9.22937694e-02
 -7.91651151e-02  1.39771399e-01  1.33923528e-01  2.85431072e-01
 -5.33675414e-01  2.58475441e-01  4.53958825e-01 -3.88380326e-01
  1.88945289e-01 -4.14565022e-02  4.34312756e-01  4.07167687e-01
  4.61932620e-01 -5.21119964e-02  1.76309581e-01  5.39595860e-02
 -2.40752279e-01 -2.52773439e-01  3.82798188e-01  2.31859078e-01
  1.54018473e-01 -1.67755836e-01  3.40842379e-01  8.58323497e-03
  4.13727905e-01 -2.99730307e-01  3.13260314e-02  4.58635047e-01
  2.22913446e-01  3.51109211e-01  8.60924413e-02  9.71905697e-02
 -1.08469789e-01  6.61084700e-01  2.31547606e-01  1.34389578e-01
  3.44612155e-01  3.43815562e-01 -3.97404980e-02  1.45764508e-01
  4.15609063e-01  4.97751004e-01  7.38407821e-01  2.78969021e-01
  4.04091793e-02 -6.56593970e-02  1.46990413e-02  1.51029001e-01
 -2.55634509e-01  2.03068599e-01  1.60093695e-01  1.42237390e-01
  6.84981130e-04 -9.93349403e-03  2.44293157e-01  3.07793901e-02
 -1.05847943e-01 -1.67182266e-01  2.74430890e-01  2.15279872e-01
 -4.00696927e-01  2.90305607e-01  4.24466160e-01 -4.61969941e-02
  1.75978522e-01  4.73950779e-02 -1.93648753e-01  2.83914610e-01
  1.47152748e-01 -1.88047532e-02 -1.90806013e-01 -1.05913765e-02
 -3.53857242e-02  1.99239293e-01  1.29749346e-01  1.36741550e-01
  2.18899085e-01  1.64773305e-01  4.59441398e-02  6.15539160e-01
  5.09585849e-01 -1.13876011e-01  6.77632980e-01  5.23041068e-01
  5.92142784e-02  5.66010681e-02  1.19542272e-02 -1.81294615e-01
 -4.91542914e-01  3.06676466e-01 -2.63458044e-02  3.35137946e-01
 -7.53105568e-02  3.46199803e-01 -1.71485129e-01  3.70903647e-01
  3.50091595e-01  1.66014644e-01  5.47930919e-02  6.06025921e-01
 -1.58041212e-01  5.44016853e-01  2.82675676e-02  6.07964178e-01
  2.83977478e-01  2.10282716e-01  5.03367700e-01 -6.49837307e-02
 -1.04272048e-01  1.06259411e-01  3.37859034e-01  5.93092617e-01
  7.01724050e-02  7.66111470e-01 -4.38726091e-02  5.19366409e-01
 -3.08316633e-01  2.41126251e-02 -6.91969651e-01  4.82806635e-01
 -8.32590633e-02  1.74592032e-01  5.74950672e-01  3.39480673e-01
 -8.43203218e-02  1.30613714e-01 -1.62748214e-01  1.71459724e-01
  7.27402569e-01  1.24687563e-01  3.58287831e-01 -2.70847923e-03
  4.91859330e-02  2.30502651e-01  4.99838454e-02  3.25865661e-01
 -6.04166578e-03  4.64096711e-01  3.32369753e-01 -1.67436727e-02
  1.29821601e-02  4.59715861e-01 -4.20250752e-02  3.12341869e-01
  2.88931426e-01 -8.38784092e-02 -1.20756484e-01  1.88041665e-01
 -8.58277010e-02 -4.18269757e-01  1.75670629e-01  3.39788461e-01
  2.49501306e-01  6.01243806e-02  5.58819459e-01  6.72673955e-02
  7.77252100e-02  3.99456065e-01  1.90686358e-01  7.32319637e-02
 -4.92217957e-01  1.19695365e-01  6.05688405e-02  3.34233609e-01
  1.09885630e-01  2.93627376e-01  6.92065424e-01 -2.34199150e-01
  6.09268827e-01  9.92029807e-02  1.94595715e-01 -7.64305141e-02
  4.75061934e-01  2.83650019e-01  5.37624564e-02  1.73993077e-01
  8.31046500e-02  3.87450910e-03  4.07323641e-01  2.05298556e-02
  1.01989743e+00  4.95003355e-01 -1.95716260e-01  4.67576127e-01
 -2.86307640e-01  3.36421397e-02  1.16731667e-01  7.73931519e-01
 -6.10479765e-02  3.15684759e-01  2.41234992e-01  2.70960212e-01
 -8.65074890e-02 -3.95822682e-01 -7.96423052e-02  5.86020508e-01
 -2.21121691e-01  4.26879839e-02  3.63950960e-01  2.65095869e-01
  1.28317789e-01  1.02684259e-01  6.09761270e-01 -2.64189310e-02
  2.83751413e-01  2.22233328e-01  7.27474548e-01  4.20858477e-02
  2.18355959e-01  7.90344910e-02 -5.01865829e-01  1.13163707e-01
  1.89296525e-01  5.72829477e-01  7.79744769e-01  7.82936851e-01
 -7.51085679e-02  1.12544148e-02  5.31184922e-01  6.80972960e-03
  1.91204749e-01  9.18177867e-02  4.90604177e-01  3.86644713e-01
  2.14657820e-01  2.06197414e-02  8.29535409e-03 -2.24403836e-01
  5.27555470e-02 -8.35090360e-02 -1.56372457e-02  1.31830135e-01
  1.43642624e-01  3.22930928e-01  1.02848285e-01  7.22724383e-02
  6.27476540e-01  3.01238711e-02  6.82375434e-01  1.00262088e-01
  1.91424543e-01 -4.79018838e-01  7.91386575e-02  1.15711367e-01
 -2.12057343e-01  9.99966447e-02  2.38141412e-01  4.30045874e-01
 -2.76630105e-02  8.10875259e-01 -1.26983996e-01 -4.99905925e-02
  4.75906838e-01 -1.51090048e-01 -6.66213981e-03  4.75459649e-02
 -1.11518211e-01  3.89796577e-01  5.14170220e-01  2.43938340e-01
  8.44617389e-01  3.12445060e-01 -3.00881892e-01  1.21380384e-01
 -5.73679392e-03  3.10615879e-01  9.40849795e-01  3.31937882e-01
 -2.50634490e-02  2.24000158e-02 -2.27124475e-01  1.10628299e-02
 -5.20512737e-02  2.93424327e-02 -9.35361647e-02  3.06257100e-01
 -2.23688253e-01  4.11774729e-01  2.88928478e-01  4.32722657e-01
  1.35271337e-01  1.40985872e-01  3.99978770e-01  2.49530114e-01
  1.38537071e-01  4.63527934e-02 -2.15206160e-01 -1.95723936e-01
  4.02385778e-01  3.53155193e-01  3.70629994e-01  1.19135456e-01
  6.08012246e-01  3.64804851e-01  1.28637445e-01  6.27231937e-01
 -1.76621942e-02  4.87946254e-01  6.84626988e-01  3.77003907e-01
  2.56012286e-01  2.07235381e-01 -1.47532731e-01  4.53378647e-03
  5.82578594e-01 -2.32383613e-01 -1.98545532e-02  1.54832364e-01
 -1.69970957e-01 -6.17130458e-02  5.93492605e-01  3.85079107e-01
  2.71532544e-01  1.81294933e-01  9.83796553e-02  1.50119455e-01
 -2.57104309e-02  3.76406753e-01  1.03937354e-01  2.09611486e-01
  1.63455794e-01 -7.93688236e-02  6.20670817e-01  1.40617621e-01
 -3.89310890e-03  1.62228615e-01  8.12601961e-02  3.60268324e-02
  4.07842861e-01 -4.06510572e-02 -2.58699641e-02 -3.87970909e-01
  5.28142240e-02  4.67588430e-01 -3.14306959e-02  2.50155508e-01
 -6.66291085e-02 -1.00099337e-01 -9.15777826e-02 -2.44255656e-01
  1.04671620e-03  1.09104300e-01 -7.30221742e-02 -2.23916914e-01
 -6.63911053e-02  2.12990542e-01 -8.86867495e-02  2.56569960e-02
  5.07624625e-01  2.10987078e-01  3.77836563e-01  3.09112097e-01
  1.34570849e-01  2.65311043e-01  9.83416714e-02  3.05482115e-01
  1.99067582e-01  2.52450957e-01  5.70449846e-01  1.84386858e-01
 -1.47751752e-01  3.70508284e-01 -1.72222730e-01  2.60288459e-01
  1.50503729e-01 -2.50901340e-01 -5.81862278e-01  4.14465037e-02
  1.85707071e-01  3.84614712e-01  2.06658173e-02  1.89918723e-01
  5.97766758e-01  1.50273977e-01  7.10205363e-02  1.40983223e-01
 -7.52769684e-02 -1.08192777e-01  2.28801249e-01 -1.25571693e-01
  1.94758966e-02 -1.94171937e-01 -7.69266377e-01  2.49796410e-02
  6.54796158e-01  4.07085314e-01  1.69372537e-01  6.89515249e-01
  3.91912303e-01  2.15948996e-01  2.89980889e-02  5.01169635e-01
  1.78963219e-01  1.18135814e-01  7.74589004e-02  1.29544600e-01
 -2.67471319e-02 -6.95465720e-02  1.75673921e-01  5.28927286e-01
 -1.40858311e-01  4.20522487e-01  2.16379687e-01 -5.61414605e-02
  1.91332084e-01  6.41970408e-01  4.48008544e-01  2.54506920e-01
  3.60608247e-01  5.44402743e-01  4.33771767e-02  3.04841241e-02
  5.80731851e-01  3.15174906e-01 -2.66953289e-01  1.59844425e-01
  6.90257703e-02  2.98893300e-01  6.84249481e-01  4.74330039e-01
  2.63005661e-02  1.48618226e-01  6.23234396e-02  1.68948448e-01
 -3.74865639e-01  2.25653856e-01  1.94326308e-01  9.89390473e-03
  2.61354694e-01  2.72157274e-01 -1.80482621e-02  1.05531238e-01
 -3.35758468e-01  6.49935433e-01 -1.37190727e-01  2.78436801e-01
 -2.38808348e-02  3.05416172e-01 -1.49902886e-01 -1.15769904e-01
 -8.03504875e-02  3.47346990e-01  7.72192868e-01 -1.74135528e-01
  3.17505752e-01 -8.69968046e-02 -2.24836700e-01  3.92880950e-01
  1.60031342e-01  7.69054901e-02  4.95531488e-02  2.77845132e-01
 -4.10971999e-02  5.20756269e-01  1.24910902e-01  8.79855414e-02
 -5.76402027e-02  1.61426156e-01  1.91142203e-01  4.60746175e-01
  1.92048297e-01  1.64045250e-01  2.42251323e-03  2.70541934e-01
  7.86060008e-01 -1.77581163e-01  3.80272070e-01  1.99536121e-01
  1.52947287e-01  3.84578250e-01  6.22321109e-02  6.26300812e-01
  1.12815673e-01  1.50523935e-01 -2.12477527e-01 -1.87728485e-01
 -1.29671686e-01 -2.26059572e-01 -2.59902324e-01 -2.11979292e-01
 -2.19185564e-01  5.27071638e-01  2.32343336e-01 -6.67876343e-01
 -6.71895788e-01  1.59955618e-01  8.14851229e-01 -4.02513016e-01
  1.27533378e-01  1.59411975e-01 -5.00483355e-01  5.51987358e-01
  6.57446353e-02 -3.45460829e-01  1.31384563e-01  2.78742948e-01
  4.19253377e-01  1.44845959e-01  2.71529687e-01  9.68774897e-02
  1.71709026e-01 -2.44874191e-01  3.86237764e-01  1.06221005e-01]