[ 1.72057246e+01  1.62057246e+01  1.37843566e+01  1.19093026e+01
  1.12164688e+01  1.10801537e+01  4.97828626e+00  3.98679403e+00
  3.45661503e+00  3.12584066e+00  2.96309664e+00  2.77091513e+00
  2.59220951e+00  2.54461503e+00  2.45058782e+00  2.40757640e+00
  2.38207629e+00  2.33212548e+00  2.24064760e+00  2.14311016e+00
  2.03584567e+00  1.97791563e+00  1.84999444e+00  1.79314968e+00
  1.75610035e+00  1.67602299e+00  1.64028236e+00  1.60930879e+00
  1.57708525e+00  1.54683138e+00  1.51110934e+00  1.48898705e+00
  1.41909637e+00  1.38230801e+00  1.33268262e+00  1.32113792e+00
  1.31779067e+00  1.30737824e+00  1.28388961e+00  1.26845649e+00
  1.26094213e+00  1.25523081e+00  1.24828605e+00  1.23993461e+00
  1.22959536e+00  1.20570507e+00  1.20137960e+00  1.20101819e+00
  1.19664183e+00  1.19513177e+00  1.19435137e+00  1.18761162e+00
  1.18579776e+00  1.17838659e+00  1.14818627e+00  1.14459372e+00
  1.14258457e+00  1.13639062e+00  1.13257109e+00  1.13156016e+00
  1.10703014e+00  1.10369196e+00  1.10322131e+00  1.09287757e+00
  1.09204825e+00  1.08781299e+00  1.07850876e+00  1.07472219e+00
  1.07288762e+00  1.07245496e+00  1.07069855e+00  1.05822517e+00
  1.05592724e+00  1.05305374e+00  1.05297246e+00  1.04643691e+00
  1.03014850e+00  1.02404351e+00  1.02121925e+00  1.01959652e+00
  1.01292349e+00  1.01045922e+00  1.00983650e+00  1.00768036e+00
  1.00730693e+00  1.00548398e+00  1.00210426e+00  1.00184932e+00
  1.00070330e+00  9.99959182e-01  9.99380833e-01  9.98871825e-01
  9.96880006e-01  9.96600355e-01  9.96460323e-01  9.96130416e-01
  9.95952399e-01  9.95942569e-01  9.95754115e-01  9.95480509e-01
  9.95411906e-01  9.95385537e-01  9.95367770e-01  9.95136649e-01
  9.94950716e-01  9.94135842e-01  9.93713312e-01  9.93564957e-01
  9.93540827e-01  9.93273554e-01  9.93205945e-01  9.92968814e-01
  9.92642254e-01  9.92248358e-01  9.91833470e-01  9.91751469e-01
  9.91426775e-01  9.91349175e-01  9.90361776e-01  9.90147776e-01
  9.89477607e-01  9.89297025e-01  9.89279020e-01  9.89219046e-01
  9.89190079e-01  9.88786169e-01  9.87368364e-01  9.87333812e-01
  9.87195942e-01  9.85738920e-01  9.85553379e-01  9.85542491e-01
  9.84519404e-01  9.82380683e-01  9.81911242e-01  9.81435852e-01
  9.80576542e-01  9.80416275e-01  9.80290047e-01  9.80066273e-01
  9.77690682e-01  9.76780265e-01  9.76494987e-01  9.76292260e-01
  9.76286616e-01  9.76256595e-01  9.73465651e-01  9.72634991e-01
  9.70331633e-01  9.70273525e-01  9.69892421e-01  9.69860927e-01
  9.69375504e-01  9.69017667e-01  9.65122623e-01  9.64833144e-01
  9.64464147e-01  9.63203686e-01  9.63057163e-01  9.63029717e-01
  9.62018586e-01  9.61311543e-01  9.60061811e-01  9.59720593e-01
  9.59089463e-01  9.58855321e-01  9.58360023e-01  9.57606744e-01
  9.57354909e-01  9.56357009e-01  9.56195400e-01  9.55489249e-01
  9.54499001e-01  9.53913777e-01  9.52584433e-01  9.50630419e-01
  9.48173538e-01  9.48119149e-01  9.47019228e-01  9.45543149e-01
  9.44495553e-01  9.42513246e-01  9.41970968e-01  9.39070248e-01
  9.38681944e-01  9.37018450e-01  9.36483577e-01  9.35204877e-01
  9.34635469e-01  9.34449304e-01  9.33860519e-01  9.33765320e-01
  9.32865098e-01  9.32836172e-01  9.29917083e-01  9.27418544e-01
  9.27401269e-01  9.25931921e-01  9.25010116e-01  9.24838171e-01
  9.24798055e-01  9.22220988e-01  9.21338411e-01  9.20669882e-01
  9.20607973e-01  9.20514239e-01  9.18501878e-01  9.17270802e-01
  9.17111349e-01  9.16030928e-01  9.15251178e-01  9.14950272e-01
  9.11239312e-01  9.10142213e-01  9.09758646e-01  9.06207521e-01
  9.05456180e-01  9.04903191e-01  9.04432907e-01  9.04377308e-01
  9.03375239e-01  9.01694269e-01  9.01547517e-01  9.00366135e-01
  8.97503747e-01  8.96187265e-01  8.95837844e-01  8.95302462e-01
  8.95123521e-01  8.93620393e-01  8.92531080e-01  8.90911909e-01
  8.88832832e-01  8.88156520e-01  8.86451558e-01  8.83713560e-01
  8.83260559e-01  8.82943958e-01  8.79754408e-01  8.79185324e-01
  8.78115324e-01  8.72063568e-01  8.71954262e-01  8.70010412e-01
  8.69920993e-01  8.67241201e-01  8.66394001e-01  8.63656087e-01
  8.63406481e-01  8.63000581e-01  8.62615405e-01  8.62304334e-01
  8.58695582e-01  8.57392879e-01  8.56175522e-01  8.54590400e-01
  8.54215864e-01  8.53197493e-01  8.53176247e-01  8.51636895e-01
  8.51198354e-01  8.50826346e-01  8.50649897e-01  8.49016638e-01
  8.43024602e-01  8.42539240e-01  8.38900077e-01  8.38308939e-01
  8.36851012e-01  8.35707577e-01  8.33890862e-01  8.31508526e-01
  8.29846191e-01  8.29826464e-01  8.27853580e-01  8.27759426e-01
  8.24018576e-01  8.23836093e-01  8.21494354e-01  8.21344140e-01
  8.15538105e-01  8.11658526e-01  8.09874890e-01  8.09395598e-01
  8.08873778e-01  8.08785436e-01  8.07708298e-01  8.07467465e-01
  8.03061454e-01  8.02485433e-01  8.01860578e-01  8.01420095e-01
  8.00872547e-01  7.99848334e-01  7.94108307e-01  7.93746161e-01
  7.86110828e-01  7.81622549e-01  7.74495387e-01  7.71382468e-01
  7.69495362e-01  7.69130995e-01  7.66339207e-01  7.64828010e-01
  7.62037856e-01  7.59711459e-01  7.59552973e-01  7.51411593e-01
  7.45498241e-01  7.43402440e-01  7.40003424e-01  7.38009315e-01
  7.33003231e-01  7.32210764e-01  7.31666389e-01  7.29558898e-01
  7.27472572e-01  7.21858555e-01  7.19614543e-01  7.13520414e-01
  7.12182021e-01  7.11169784e-01  7.11128549e-01  7.08451979e-01
  7.04255033e-01  7.01692669e-01  6.97100896e-01  6.91494306e-01
  6.86070199e-01  6.82234882e-01  6.75438963e-01  6.72882553e-01
  6.67520046e-01  6.64765163e-01  6.61375417e-01  6.51174927e-01
  6.45614364e-01  6.44828133e-01  6.33157743e-01  6.23253241e-01
  6.22388060e-01  6.19787231e-01  6.16613020e-01  6.11438479e-01
  6.10796095e-01  6.07898557e-01  6.05357149e-01  6.03805085e-01
  6.03476950e-01  6.02612455e-01  5.98189873e-01  5.97781411e-01
  5.97574028e-01  5.94951461e-01  5.89959168e-01  5.74513061e-01
  5.62332453e-01  5.61373482e-01  5.60857172e-01  5.58359453e-01
  5.57702017e-01  5.56928575e-01  5.53969467e-01  5.49498670e-01
  5.41888071e-01  5.36956922e-01  5.35920690e-01  5.34406867e-01
  5.33256445e-01  5.33114603e-01  5.30535735e-01  5.28954544e-01
  5.23019248e-01  5.16374115e-01  5.10545052e-01  5.05449210e-01
  5.01904514e-01  4.97937603e-01  4.91336304e-01  4.89195570e-01
  4.79700304e-01  4.69684634e-01  4.61773812e-01  4.41547446e-01
  4.35830030e-01  4.32637327e-01  4.31801666e-01  4.24245009e-01
  4.18458394e-01  4.15904258e-01  4.12057208e-01  4.10881232e-01
  4.06151460e-01  3.95890317e-01  3.94025051e-01  3.83656617e-01
  3.71720447e-01  3.70300418e-01  3.66351144e-01  3.55345993e-01
  3.52365992e-01  3.50551318e-01  3.45436193e-01  3.32169037e-01
  3.14776766e-01  3.11323539e-01  3.04076565e-01  2.88331517e-01
  2.83659175e-01  2.80062083e-01  2.61414910e-01  2.50696420e-01
  2.50660286e-01  2.23761369e-01  2.17385821e-01  1.94442649e-01
  1.91761640e-01  1.91488895e-01  1.86655450e-01  1.80901997e-01
  1.64778766e-01  1.25285495e-01  1.07825121e-01  9.93919653e-02
  9.70073403e-02  9.20771759e-02  8.82958731e-02  8.74327790e-02
  6.07627353e-02  4.25251123e-02  4.16921397e-02  3.88920707e-02
  2.40293156e-02  2.05342536e-02  1.16841652e-02 -3.28232895e-03
 -1.20384245e-02 -2.42136036e-02 -2.57843556e-02 -3.69386775e-02
 -3.80486971e-02 -4.15190124e-02 -9.28092692e-02 -9.68872982e-02
 -1.38273001e-01 -1.45532878e-01 -1.54420644e-01 -1.57468029e-01
 -1.65113037e-01 -1.70465740e-01 -1.76683666e-01 -2.06803015e-01
 -2.50989051e-01 -2.64084397e-01 -3.18510439e-01 -3.28808914e-01
 -3.32889977e-01 -3.38225964e-01 -3.51312979e-01 -3.60328445e-01
 -3.69809491e-01 -3.88407392e-01 -4.23346992e-01 -4.24225333e-01
 -4.35127456e-01 -4.47288362e-01 -4.54885744e-01 -4.59517023e-01
 -4.68939294e-01 -5.27833798e-01 -5.50964636e-01 -5.70777228e-01
 -6.71455774e-01 -6.92276638e-01 -7.08001055e-01 -7.81196737e-01
 -8.15821489e-01 -8.64866967e-01 -9.17568897e-01 -9.73926384e-01
 -9.80026574e-01 -1.01891368e+00 -1.10066225e+00 -1.17007830e+00
 -1.21153635e+00 -1.23659716e+00 -1.25928284e+00 -1.33488644e+00
 -1.33653988e+00 -1.44991509e+00 -1.48789544e+00 -1.55822068e+00
 -1.55960194e+00 -1.83647183e+00 -1.88131618e+00 -1.94523035e+00
 -1.97194499e+00 -2.05584943e+00 -2.16853211e+00 -2.23778756e+00
 -2.25884050e+00 -2.42996844e+00 -2.50837514e+00 -3.36824518e+00
 -3.52842992e+00 -3.77066379e+00 -4.13162548e+00 -5.12948924e+00
 -5.54288723e+00 -5.55397812e+00 -6.04144959e+00 -7.44697670e+00
 -1.11015810e+01]