[0.         0.         0.0019685  0.0019685  0.00393701 0.00393701
 0.01377953 0.01377953 0.01574803 0.01574803 0.02362205 0.02362205
 0.03149606 0.03149606 0.03543307 0.03543307 0.03937008 0.03937008
 0.04330709 0.04330709 0.04527559 0.04527559 0.04724409 0.04724409
 0.0511811  0.0511811  0.05708661 0.05708661 0.05905512 0.05905512
 0.06692913 0.06692913 0.07283465 0.07283465 0.08464567 0.08464567
 0.1023622  0.1023622  0.10629921 0.10629921 0.11023622 0.11023622
 0.11417323 0.11417323 0.11811024 0.11811024 0.12204724 0.12204724
 0.12401575 0.12401575 0.12795276 0.12795276 0.13385827 0.13385827
 0.13976378 0.13976378 0.14173228 0.14173228 0.14566929 0.14566929
 0.1476378  0.1476378  0.15354331 0.15354331 0.15551181 0.15551181
 0.15748031 0.15748031 0.15944882 0.15944882 0.16141732 0.16141732
 0.16535433 0.16535433 0.17125984 0.17125984 0.17322835 0.17322835
 0.17519685 0.17519685 0.20275591 0.20275591 0.21062992 0.21062992
 0.21653543 0.21653543 0.21850394 0.21850394 0.22244094 0.22244094
 0.22637795 0.22637795 0.23425197 0.23425197 0.24212598 0.24212598
 0.24409449 0.24409449 0.24606299 0.24606299 0.2480315  0.2480315
 0.25       0.25       0.2519685  0.2519685  0.25393701 0.25393701
 0.25787402 0.25787402 0.26377953 0.26377953 0.26574803 0.26574803
 0.26968504 0.26968504 0.28149606 0.28149606 0.28346457 0.28346457
 0.29330709 0.29330709 0.29527559 0.29527559 0.2992126  0.2992126
 0.31102362 0.31102362 0.31496063 0.31496063 0.31889764 0.31889764
 0.32086614 0.32086614 0.32283465 0.32283465 0.32677165 0.32677165
 0.32874016 0.32874016 0.33858268 0.33858268 0.34251969 0.34251969
 0.3484252  0.3484252  0.35629921 0.35629921 0.35826772 0.35826772
 0.36023622 0.36023622 0.36811024 0.36811024 0.37007874 0.37007874
 0.37204724 0.37204724 0.37598425 0.37598425 0.37992126 0.37992126
 0.38779528 0.38779528 0.38976378 0.38976378 0.39370079 0.39370079
 0.39566929 0.39566929 0.3976378  0.3976378  0.3996063  0.3996063
 0.40551181 0.40551181 0.40944882 0.40944882 0.41141732 0.41141732
 0.41535433 0.41535433 0.41929134 0.41929134 0.42125984 0.42125984
 0.42519685 0.42519685 0.43307087 0.43307087 0.43700787 0.43700787
 0.44094488 0.44094488 0.44291339 0.44291339 0.44488189 0.44488189
 0.44685039 0.44685039 0.4488189  0.4488189  0.4507874  0.4507874
 0.45275591 0.45275591 0.46062992 0.46062992 0.46653543 0.46653543
 0.46850394 0.46850394 0.48031496 0.48031496 0.48425197 0.48425197
 0.48622047 0.48622047 0.48818898 0.48818898 0.49015748 0.49015748
 0.4980315  0.4980315  0.5019685  0.5019685  0.50984252 0.50984252
 0.51181102 0.51181102 0.51574803 0.51574803 0.51771654 0.51771654
 0.52165354 0.52165354 0.52362205 0.52362205 0.52755906 0.52755906
 0.52952756 0.52952756 0.53149606 0.53149606 0.53543307 0.53543307
 0.53740157 0.53740157 0.54133858 0.54133858 0.54330709 0.54330709
 0.55314961 0.55314961 0.55511811 0.55511811 0.55905512 0.55905512
 0.56496063 0.56496063 0.56889764 0.56889764 0.57086614 0.57086614
 0.57677165 0.57677165 0.58464567 0.58464567 0.6003937  0.6003937
 0.6023622  0.6023622  0.60433071 0.60433071 0.60629921 0.60629921
 0.61023622 0.61023622 0.61417323 0.61417323 0.62204724 0.62204724
 0.62401575 0.62401575 0.62795276 0.62795276 0.62992126 0.62992126
 0.64173228 0.64173228 0.64370079 0.64370079 0.64566929 0.64566929
 0.6496063  0.6496063  0.6515748  0.6515748  0.65354331 0.65354331
 0.65551181 0.65551181 0.66141732 0.66141732 0.66535433 0.66535433
 0.66929134 0.66929134 0.67125984 0.67125984 0.67519685 0.67519685
 0.67716535 0.67716535 0.67913386 0.67913386 0.68110236 0.68110236
 0.68307087 0.68307087 0.68503937 0.68503937 0.68897638 0.68897638
 0.69094488 0.69094488 0.69291339 0.69291339 0.69488189 0.69488189
 0.6988189  0.6988189  0.7007874  0.7007874  0.70275591 0.70275591
 0.70472441 0.70472441 0.70669291 0.70669291 0.70866142 0.70866142
 0.71062992 0.71062992 0.71456693 0.71456693 0.72244094 0.72244094
 0.72440945 0.72440945 0.73818898 0.73818898 0.7480315  0.7480315
 0.75       0.75       0.75393701 0.75393701 0.75590551 0.75590551
 0.75787402 0.75787402 0.75984252 0.75984252 0.76377953 0.76377953
 0.76574803 0.76574803 0.77165354 0.77165354 0.77559055 0.77559055
 0.77952756 0.77952756 0.78346457 0.78346457 0.78543307 0.78543307
 0.79330709 0.79330709 0.79527559 0.79527559 0.8011811  0.8011811
 0.80708661 0.80708661 0.81299213 0.81299213 0.81692913 0.81692913
 0.81889764 0.81889764 0.82086614 0.82086614 0.82283465 0.82283465
 0.82480315 0.82480315 0.82874016 0.82874016 0.83267717 0.83267717
 0.83661417 0.83661417 0.83858268 0.83858268 0.84055118 0.84055118
 0.84251969 0.84251969 0.84448819 0.84448819 0.84645669 0.84645669
 0.8484252  0.8484252  0.8503937  0.8503937  0.8523622  0.8523622
 0.85629921 0.85629921 0.85826772 0.85826772 0.86023622 0.86023622
 0.86220472 0.86220472 0.86417323 0.86417323 0.86811024 0.86811024
 0.87007874 0.87007874 0.87204724 0.87204724 0.87598425 0.87598425
 0.87992126 0.87992126 0.88188976 0.88188976 0.88385827 0.88385827
 0.88582677 0.88582677 0.88976378 0.88976378 0.89173228 0.89173228
 0.90354331 0.90354331 0.90748031 0.90748031 0.91338583 0.91338583
 0.91535433 0.91535433 0.91732283 0.91732283 0.91929134 0.91929134
 0.92125984 0.92125984 0.92519685 0.92519685 0.92716535 0.92716535
 0.92913386 0.92913386 0.93110236 0.93110236 0.93307087 0.93307087
 0.93503937 0.93503937 0.94291339 0.94291339 0.94488189 0.94488189
 0.9488189  0.9488189  0.95275591 0.95275591 0.95472441 0.95472441
 0.95669291 0.95669291 0.95866142 0.95866142 0.96062992 0.96062992
 0.96259843 0.96259843 0.96456693 0.96456693 0.97244094 0.97244094
 0.97440945 0.97440945 0.97637795 0.97637795 0.99015748 0.99015748
 0.99606299 0.99606299 1.        ]