[0.         0.         0.00371747 0.00371747 0.00557621 0.00557621
 0.00743494 0.00743494 0.00929368 0.00929368 0.01301115 0.01301115
 0.01672862 0.01672862 0.01858736 0.01858736 0.02416357 0.02416357
 0.03159851 0.03159851 0.03345725 0.03345725 0.0464684  0.0464684
 0.05018587 0.05018587 0.05390335 0.05390335 0.05762082 0.05762082
 0.06133829 0.06133829 0.0669145  0.0669145  0.07249071 0.07249071
 0.07620818 0.07620818 0.07992565 0.07992565 0.08364312 0.08364312
 0.08736059 0.08736059 0.08921933 0.08921933 0.09479554 0.09479554
 0.09851301 0.09851301 0.10037175 0.10037175 0.10408922 0.10408922
 0.10780669 0.10780669 0.10966543 0.10966543 0.1133829  0.1133829
 0.11524164 0.11524164 0.11895911 0.11895911 0.12639405 0.12639405
 0.12825279 0.12825279 0.13011152 0.13011152 0.14126394 0.14126394
 0.14498141 0.14498141 0.15055762 0.15055762 0.15799257 0.15799257
 0.1598513  0.1598513  0.16542751 0.16542751 0.17472119 0.17472119
 0.17657993 0.17657993 0.1802974  0.1802974  0.18587361 0.18587361
 0.19702602 0.19702602 0.20817844 0.20817844 0.21561338 0.21561338
 0.21747212 0.21747212 0.21933086 0.21933086 0.22490706 0.22490706
 0.22862454 0.22862454 0.23048327 0.23048327 0.23234201 0.23234201
 0.23420074 0.23420074 0.23791822 0.23791822 0.23977695 0.23977695
 0.24535316 0.24535316 0.24907063 0.24907063 0.25092937 0.25092937
 0.2527881  0.2527881  0.25650558 0.25650558 0.25836431 0.25836431
 0.26208178 0.26208178 0.26579926 0.26579926 0.27137546 0.27137546
 0.2732342  0.2732342  0.27881041 0.27881041 0.28252788 0.28252788
 0.28438662 0.28438662 0.28810409 0.28810409 0.28996283 0.28996283
 0.29182156 0.29182156 0.29739777 0.29739777 0.30483271 0.30483271
 0.30855019 0.30855019 0.31412639 0.31412639 0.31598513 0.31598513
 0.31784387 0.31784387 0.3197026  0.3197026  0.32527881 0.32527881
 0.33271375 0.33271375 0.33643123 0.33643123 0.34200743 0.34200743
 0.34572491 0.34572491 0.35315985 0.35315985 0.35501859 0.35501859
 0.36245353 0.36245353 0.36431227 0.36431227 0.36988848 0.36988848
 0.37360595 0.37360595 0.37732342 0.37732342 0.37918216 0.37918216
 0.38104089 0.38104089 0.38289963 0.38289963 0.38847584 0.38847584
 0.39033457 0.39033457 0.39591078 0.39591078 0.39962825 0.39962825
 0.40892193 0.40892193 0.41078067 0.41078067 0.41449814 0.41449814
 0.41821561 0.41821561 0.42007435 0.42007435 0.43494424 0.43494424
 0.43680297 0.43680297 0.44052045 0.44052045 0.44237918 0.44237918
 0.46096654 0.46096654 0.46468401 0.46468401 0.46654275 0.46654275
 0.47769517 0.47769517 0.4795539  0.4795539  0.48141264 0.48141264
 0.49256506 0.49256506 0.5        0.5        0.50185874 0.50185874
 0.50371747 0.50371747 0.50743494 0.50743494 0.51301115 0.51301115
 0.51672862 0.51672862 0.51858736 0.51858736 0.52416357 0.52416357
 0.52788104 0.52788104 0.52973978 0.52973978 0.54460967 0.54460967
 0.54832714 0.54832714 0.55204461 0.55204461 0.55576208 0.55576208
 0.56133829 0.56133829 0.5669145  0.5669145  0.57806691 0.57806691
 0.58364312 0.58364312 0.58550186 0.58550186 0.59479554 0.59479554
 0.59665428 0.59665428 0.59851301 0.59851301 0.60223048 0.60223048
 0.61152416 0.61152416 0.61895911 0.61895911 0.62267658 0.62267658
 0.63197026 0.63197026 0.633829   0.633829   0.63754647 0.63754647
 0.6394052  0.6394052  0.64312268 0.64312268 0.64869888 0.64869888
 0.65427509 0.65427509 0.65613383 0.65613383 0.6598513  0.6598513
 0.66914498 0.66914498 0.67843866 0.67843866 0.68215613 0.68215613
 0.69144981 0.69144981 0.69330855 0.69330855 0.69702602 0.69702602
 0.69888476 0.69888476 0.70260223 0.70260223 0.70446097 0.70446097
 0.7063197  0.7063197  0.71375465 0.71375465 0.71933086 0.71933086
 0.72118959 0.72118959 0.73234201 0.73234201 0.73420074 0.73420074
 0.73977695 0.73977695 0.7472119  0.7472119  0.74907063 0.74907063
 0.76022305 0.76022305 0.76208178 0.76208178 0.76394052 0.76394052
 0.76579926 0.76579926 0.76765799 0.76765799 0.76951673 0.76951673
 0.77695167 0.77695167 0.78438662 0.78438662 0.78624535 0.78624535
 0.78810409 0.78810409 0.78996283 0.78996283 0.79182156 0.79182156
 0.80111524 0.80111524 0.80483271 0.80483271 0.80669145 0.80669145
 0.81040892 0.81040892 0.81412639 0.81412639 0.81784387 0.81784387
 0.82156134 0.82156134 0.83085502 0.83085502 0.83271375 0.83271375
 0.84200743 0.84200743 0.84386617 0.84386617 0.84572491 0.84572491
 0.84758364 0.84758364 0.85501859 0.85501859 0.85687732 0.85687732
 0.85873606 0.85873606 0.8605948  0.8605948  0.866171   0.866171
 0.87360595 0.87360595 0.87732342 0.87732342 0.87918216 0.87918216
 0.88475836 0.88475836 0.89405204 0.89405204 0.89591078 0.89591078
 0.90334572 0.90334572 0.90520446 0.90520446 0.9070632  0.9070632
 0.91078067 0.91078067 0.91263941 0.91263941 0.91449814 0.91449814
 0.91635688 0.91635688 0.92193309 0.92193309 0.92379182 0.92379182
 0.92565056 0.92565056 0.92750929 0.92750929 0.9330855  0.9330855
 0.93494424 0.93494424 0.94237918 0.94237918 0.94423792 0.94423792
 0.94609665 0.94609665 0.9535316  0.9535316  0.95539033 0.95539033
 0.95724907 0.95724907 0.95910781 0.95910781 0.96096654 0.96096654
 0.96282528 0.96282528 0.96468401 0.96468401 0.96840149 0.96840149
 0.9739777  0.9739777  0.97769517 0.97769517 0.9795539  0.9795539
 0.98141264 0.98141264 0.98513011 0.98513011 0.98698885 0.98698885
 0.98884758 0.98884758 0.99256506 0.99256506 0.99814126 0.99814126
 1.         1.        ]