[0.         0.         0.         0.0019685  0.0019685  0.00393701
 0.00393701 0.00590551 0.00590551 0.01377953 0.01377953 0.01968504
 0.01968504 0.02362205 0.02362205 0.02559055 0.02559055 0.02755906
 0.02755906 0.03346457 0.03346457 0.03740157 0.03740157 0.03937008
 0.03937008 0.04330709 0.04330709 0.04527559 0.04527559 0.0492126
 0.0492126  0.07283465 0.07283465 0.07480315 0.07480315 0.07677165
 0.07677165 0.08070866 0.08070866 0.08858268 0.08858268 0.09251969
 0.09251969 0.09645669 0.09645669 0.10433071 0.10433071 0.11023622
 0.11023622 0.11417323 0.11417323 0.11614173 0.11614173 0.11811024
 0.11811024 0.12795276 0.12795276 0.13779528 0.13779528 0.13976378
 0.13976378 0.14173228 0.14173228 0.1496063  0.1496063  0.1515748
 0.1515748  0.15354331 0.15354331 0.15748031 0.15748031 0.15944882
 0.15944882 0.16338583 0.16338583 0.16929134 0.16929134 0.17322835
 0.17322835 0.19094488 0.19094488 0.19488189 0.19488189 0.19685039
 0.19685039 0.1988189  0.1988189  0.2007874  0.2007874  0.20275591
 0.20275591 0.20472441 0.20472441 0.20669291 0.20669291 0.21062992
 0.21062992 0.21850394 0.21850394 0.22047244 0.22047244 0.22244094
 0.22244094 0.22637795 0.22637795 0.22834646 0.22834646 0.23228346
 0.23228346 0.24606299 0.24606299 0.25590551 0.25590551 0.26181102
 0.26181102 0.26377953 0.26377953 0.27165354 0.27165354 0.27362205
 0.27362205 0.27559055 0.27559055 0.27755906 0.27755906 0.29724409
 0.29724409 0.3011811  0.3011811  0.30314961 0.30314961 0.30511811
 0.30511811 0.31299213 0.31299213 0.32677165 0.32677165 0.32874016
 0.32874016 0.33464567 0.33464567 0.33858268 0.33858268 0.34251969
 0.34251969 0.36023622 0.36023622 0.36614173 0.36614173 0.37598425
 0.37598425 0.37992126 0.37992126 0.38779528 0.38779528 0.38976378
 0.38976378 0.39370079 0.39370079 0.41141732 0.41141732 0.41338583
 0.41338583 0.41535433 0.41535433 0.41929134 0.41929134 0.42125984
 0.42125984 0.42519685 0.42519685 0.42716535 0.42716535 0.43110236
 0.43110236 0.43307087 0.43307087 0.43700787 0.43700787 0.43897638
 0.43897638 0.44291339 0.44291339 0.45669291 0.45669291 0.45866142
 0.45866142 0.46456693 0.46456693 0.46850394 0.46850394 0.47047244
 0.47047244 0.47244094 0.47244094 0.47834646 0.47834646 0.48228346
 0.48228346 0.48425197 0.48425197 0.48818898 0.48818898 0.49409449
 0.49409449 0.5        0.5        0.5019685  0.5019685  0.50393701
 0.50393701 0.50590551 0.50590551 0.50984252 0.50984252 0.51181102
 0.51181102 0.51968504 0.51968504 0.52165354 0.52165354 0.52362205
 0.52362205 0.52755906 0.52755906 0.53543307 0.53543307 0.54133858
 0.54133858 0.54330709 0.54330709 0.54724409 0.54724409 0.5492126
 0.5492126  0.55314961 0.55314961 0.56299213 0.56299213 0.56496063
 0.56496063 0.56692913 0.56692913 0.57677165 0.57677165 0.58070866
 0.58070866 0.58267717 0.58267717 0.58661417 0.58661417 0.58858268
 0.58858268 0.59251969 0.59251969 0.59448819 0.59448819 0.59645669
 0.59645669 0.5984252  0.5984252  0.6023622  0.6023622  0.60433071
 0.60433071 0.60826772 0.60826772 0.61023622 0.61023622 0.61220472
 0.61220472 0.61811024 0.61811024 0.62007874 0.62007874 0.62598425
 0.62598425 0.63188976 0.63188976 0.63582677 0.63582677 0.63779528
 0.63779528 0.63976378 0.63976378 0.6496063  0.6496063  0.65354331
 0.65354331 0.65551181 0.65551181 0.65944882 0.65944882 0.66338583
 0.66338583 0.66535433 0.66535433 0.67125984 0.67125984 0.67322835
 0.67322835 0.67716535 0.67716535 0.67913386 0.67913386 0.68110236
 0.68110236 0.68307087 0.68307087 0.68897638 0.68897638 0.69094488
 0.69094488 0.69488189 0.69488189 0.69685039 0.69685039 0.70275591
 0.70275591 0.70669291 0.70669291 0.71062992 0.71062992 0.71259843
 0.71259843 0.71456693 0.71456693 0.71653543 0.71653543 0.72244094
 0.72244094 0.72637795 0.72637795 0.73228346 0.73228346 0.73622047
 0.73622047 0.73818898 0.73818898 0.74409449 0.74409449 0.74606299
 0.74606299 0.7480315  0.7480315  0.7519685  0.7519685  0.75590551
 0.75590551 0.75984252 0.75984252 0.76181102 0.76181102 0.76377953
 0.76377953 0.76771654 0.76771654 0.76968504 0.76968504 0.77559055
 0.77559055 0.78149606 0.78149606 0.78543307 0.78543307 0.78740157
 0.78740157 0.78937008 0.78937008 0.79133858 0.79133858 0.80314961
 0.80314961 0.80511811 0.80511811 0.80708661 0.80708661 0.80905512
 0.80905512 0.81102362 0.81102362 0.81299213 0.81299213 0.81889764
 0.81889764 0.82086614 0.82086614 0.82283465 0.82283465 0.82677165
 0.82677165 0.82874016 0.82874016 0.83070866 0.83070866 0.83267717
 0.83267717 0.83661417 0.83661417 0.84055118 0.84055118 0.84645669
 0.84645669 0.8484252  0.8484252  0.8503937  0.8503937  0.8523622
 0.8523622  0.85629921 0.85629921 0.85826772 0.85826772 0.86023622
 0.86023622 0.86220472 0.86220472 0.86614173 0.86614173 0.86811024
 0.86811024 0.87007874 0.87007874 0.87204724 0.87204724 0.87598425
 0.87598425 0.88188976 0.88188976 0.89173228 0.89173228 0.8996063
 0.8996063  0.9015748  0.9015748  0.90354331 0.90354331 0.90551181
 0.90551181 0.91141732 0.91141732 0.91338583 0.91338583 0.91535433
 0.91535433 0.91732283 0.91732283 0.92716535 0.92716535 0.93110236
 0.93110236 0.93700787 0.93700787 0.94291339 0.94291339 0.94488189
 0.94488189 0.94685039 0.94685039 0.9488189  0.9488189  0.95275591
 0.95275591 0.95669291 0.95669291 0.96062992 0.96062992 0.96259843
 0.96259843 0.96653543 0.96653543 0.96850394 0.96850394 0.97047244
 0.97047244 0.97244094 0.97244094 0.97637795 0.97637795 0.98031496
 0.98031496 0.98425197 0.98425197 0.98818898 0.98818898 0.99015748
 0.99015748 1.         1.        ]