[0.         0.0021978  0.0021978  0.0043956  0.0043956  0.00659341
 0.00659341 0.01098901 0.01098901 0.01978022 0.01978022 0.02197802
 0.02197802 0.02417582 0.02417582 0.02637363 0.02637363 0.02857143
 0.02857143 0.03076923 0.03076923 0.03296703 0.03296703 0.03516484
 0.03516484 0.03736264 0.03736264 0.03956044 0.03956044 0.04175824
 0.04175824 0.04395604 0.04395604 0.04615385 0.04615385 0.04835165
 0.04835165 0.05054945 0.05054945 0.05274725 0.05274725 0.05934066
 0.05934066 0.06373626 0.06373626 0.06813187 0.06813187 0.07032967
 0.07032967 0.07252747 0.07252747 0.07472527 0.07472527 0.07692308
 0.07692308 0.07912088 0.07912088 0.08131868 0.08131868 0.08791209
 0.08791209 0.09230769 0.09230769 0.09450549 0.09450549 0.0989011
 0.0989011  0.1032967  0.1032967  0.10769231 0.10769231 0.10989011
 0.10989011 0.11208791 0.11208791 0.11648352 0.11648352 0.12307692
 0.12307692 0.12527473 0.12527473 0.12747253 0.12747253 0.13186813
 0.13186813 0.13406593 0.13406593 0.13626374 0.13626374 0.13846154
 0.13846154 0.14285714 0.14285714 0.14505495 0.14505495 0.14945055
 0.14945055 0.15384615 0.15384615 0.15604396 0.15604396 0.15824176
 0.15824176 0.16043956 0.16043956 0.16263736 0.16263736 0.16923077
 0.16923077 0.17142857 0.17142857 0.17582418 0.17582418 0.18021978
 0.18021978 0.18241758 0.18241758 0.18461538 0.18461538 0.19120879
 0.19120879 0.19340659 0.19340659 0.1956044  0.1956044  0.1978022
 0.1978022  0.2043956  0.2043956  0.20659341 0.20659341 0.20879121
 0.20879121 0.21098901 0.21098901 0.21318681 0.21318681 0.21758242
 0.21758242 0.21978022 0.21978022 0.22197802 0.22197802 0.22637363
 0.22637363 0.22857143 0.22857143 0.23296703 0.23296703 0.23956044
 0.23956044 0.24175824 0.24175824 0.24395604 0.24395604 0.24835165
 0.24835165 0.25494505 0.25494505 0.25934066 0.25934066 0.26153846
 0.26153846 0.26373626 0.26373626 0.26813187 0.26813187 0.27032967
 0.27032967 0.29010989 0.29010989 0.29230769 0.29230769 0.29450549
 0.29450549 0.2967033  0.2967033  0.2989011  0.2989011  0.3010989
 0.3010989  0.31208791 0.31208791 0.31648352 0.31648352 0.31868132
 0.31868132 0.32307692 0.32307692 0.32527473 0.32527473 0.32747253
 0.32747253 0.33186813 0.33186813 0.33846154 0.33846154 0.34065934
 0.34065934 0.34725275 0.34725275 0.34945055 0.34945055 0.35164835
 0.35164835 0.35824176 0.35824176 0.36043956 0.36043956 0.37142857
 0.37142857 0.38021978 0.38021978 0.38461538 0.38461538 0.38681319
 0.38681319 0.38901099 0.38901099 0.39120879 0.39120879 0.40659341
 0.40659341 0.40879121 0.40879121 0.41098901 0.41098901 0.41318681
 0.41318681 0.42197802 0.42197802 0.42417582 0.42417582 0.42637363
 0.42637363 0.42857143 0.42857143 0.43076923 0.43076923 0.43296703
 0.43296703 0.43736264 0.43736264 0.44395604 0.44395604 0.44615385
 0.44615385 0.44835165 0.44835165 0.45054945 0.45054945 0.45274725
 0.45274725 0.45714286 0.45714286 0.45934066 0.45934066 0.46593407
 0.46593407 0.46813187 0.46813187 0.47032967 0.47032967 0.47912088
 0.47912088 0.48571429 0.48571429 0.49230769 0.49230769 0.4967033
 0.4967033  0.5010989  0.5010989  0.50989011 0.50989011 0.51428571
 0.51428571 0.52747253 0.52747253 0.52967033 0.52967033 0.54505495
 0.54505495 0.54725275 0.54725275 0.55164835 0.55164835 0.55824176
 0.55824176 0.56043956 0.56043956 0.56263736 0.56263736 0.56483516
 0.56483516 0.56703297 0.56703297 0.57142857 0.57142857 0.57582418
 0.57582418 0.58021978 0.58021978 0.58901099 0.58901099 0.59120879
 0.59120879 0.5956044  0.5956044  0.6021978  0.6021978  0.6043956
 0.6043956  0.60879121 0.60879121 0.61318681 0.61318681 0.61538462
 0.61538462 0.61758242 0.61758242 0.62417582 0.62417582 0.63516484
 0.63516484 0.63736264 0.63736264 0.63956044 0.63956044 0.64175824
 0.64175824 0.65054945 0.65054945 0.65274725 0.65274725 0.65714286
 0.65714286 0.66593407 0.66593407 0.66813187 0.66813187 0.67032967
 0.67032967 0.67472527 0.67472527 0.68131868 0.68131868 0.68571429
 0.68571429 0.68791209 0.68791209 0.70549451 0.70549451 0.70989011
 0.70989011 0.71428571 0.71428571 0.72527473 0.72527473 0.72967033
 0.72967033 0.73626374 0.73626374 0.74065934 0.74065934 0.74285714
 0.74285714 0.74505495 0.74505495 0.74725275 0.74725275 0.74945055
 0.74945055 0.75164835 0.75164835 0.75604396 0.75604396 0.75824176
 0.75824176 0.76263736 0.76263736 0.77582418 0.77582418 0.77802198
 0.77802198 0.78241758 0.78241758 0.78461538 0.78461538 0.78681319
 0.78681319 0.79120879 0.79120879 0.79340659 0.79340659 0.7956044
 0.7956044  0.80659341 0.80659341 0.80879121 0.80879121 0.81318681
 0.81318681 0.82417582 0.82417582 0.82637363 0.82637363 0.82857143
 0.82857143 0.83076923 0.83076923 0.83296703 0.83296703 0.83516484
 0.83516484 0.84175824 0.84175824 0.84395604 0.84395604 0.84615385
 0.84615385 0.84835165 0.84835165 0.85054945 0.85054945 0.85274725
 0.85274725 0.85494505 0.85494505 0.85714286 0.85714286 0.86373626
 0.86373626 0.87032967 0.87032967 0.87472527 0.87472527 0.87912088
 0.87912088 0.88131868 0.88131868 0.89230769 0.89230769 0.8989011
 0.8989011  0.9010989  0.9010989  0.9032967  0.9032967  0.90549451
 0.90549451 0.90769231 0.90769231 0.90989011 0.90989011 0.91428571
 0.91428571 0.91868132 0.91868132 0.92087912 0.92087912 0.92747253
 0.92747253 0.93186813 0.93186813 0.93626374 0.93626374 0.93846154
 0.93846154 0.94065934 0.94065934 0.94285714 0.94285714 0.94725275
 0.94725275 0.95164835 0.95164835 0.95384615 0.95384615 0.95604396
 0.95604396 0.95824176 0.95824176 0.96043956 0.96043956 0.96483516
 0.96483516 0.97362637 0.97362637 0.97802198 0.97802198 0.98021978
 0.98021978 0.98241758 0.98241758 0.98681319 0.98681319 0.99120879
 0.99120879 0.9956044  0.9956044  1.        ]