[ 2.56716266e+00  1.56716266e+00  1.51116016e+00  1.50709479e+00
  1.49578487e+00  1.49240774e+00  1.48845145e+00  1.46958592e+00
  1.44978429e+00  1.39453596e+00  1.36699679e+00  1.36682678e+00
  1.36232233e+00  1.34278529e+00  1.34037765e+00  1.33069599e+00
  1.30674634e+00  1.29836273e+00  1.29769259e+00  1.28993810e+00
  1.27975811e+00  1.26146587e+00  1.25641600e+00  1.25132360e+00
  1.25010479e+00  1.23437928e+00  1.22813521e+00  1.21597238e+00
  1.21456206e+00  1.20560907e+00  1.20148631e+00  1.18526612e+00
  1.17890461e+00  1.17577636e+00  1.17558233e+00  1.17237271e+00
  1.17062181e+00  1.16125279e+00  1.15836200e+00  1.15154856e+00
  1.13978482e+00  1.12888373e+00  1.12334756e+00  1.10745726e+00
  1.10713408e+00  1.10427998e+00  1.10399487e+00  1.09007842e+00
  1.08984818e+00  1.07638402e+00  1.06192431e+00  1.05637103e+00
  1.04591034e+00  1.04065489e+00  1.03896765e+00  1.03548128e+00
  1.03250137e+00  1.02596046e+00  1.02426695e+00  1.01118818e+00
  1.00861509e+00  1.00258833e+00  9.98063035e-01  9.78809857e-01
  9.77759579e-01  9.67240173e-01  9.57505360e-01  9.55589254e-01
  9.54639340e-01  9.53450832e-01  9.36192893e-01  9.35886974e-01
  9.35791598e-01  9.31452079e-01  9.30158664e-01  9.27435961e-01
  9.20438400e-01  9.12415946e-01  9.02528139e-01  8.99131222e-01
  8.87428682e-01  8.82165939e-01  8.76966158e-01  8.71255767e-01
  8.68762311e-01  8.64490523e-01  8.63755505e-01  8.62768773e-01
  8.58654280e-01  8.54373896e-01  8.53437809e-01  8.47101119e-01
  8.45753415e-01  8.42635718e-01  8.40563292e-01  8.39471684e-01
  8.35966540e-01  8.35386364e-01  8.34116638e-01  8.33164588e-01
  8.24465301e-01  8.23130543e-01  8.21645758e-01  8.13683856e-01
  8.13064392e-01  8.12319291e-01  8.10409382e-01  8.00546647e-01
  7.99014769e-01  7.95967499e-01  7.95922562e-01  7.88446285e-01
  7.85461686e-01  7.78941007e-01  7.77649417e-01  7.74522554e-01
  7.73388373e-01  7.69977798e-01  7.69637908e-01  7.66649130e-01
  7.64298251e-01  7.56734753e-01  7.56217394e-01  7.54260319e-01
  7.54082340e-01  7.43207258e-01  7.40429514e-01  7.39578002e-01
  7.38209188e-01  7.30917748e-01  7.29031960e-01  7.27566088e-01
  7.25401074e-01  7.23938845e-01  7.21418715e-01  7.14923237e-01
  7.09590276e-01  7.04464197e-01  7.01390206e-01  7.00115025e-01
  6.98785661e-01  6.89314475e-01  6.87624693e-01  6.82297495e-01
  6.81559782e-01  6.81228906e-01  6.75533378e-01  6.75381016e-01
  6.65355188e-01  6.54917314e-01  6.53903586e-01  6.53001854e-01
  6.51375047e-01  6.49778442e-01  6.48950440e-01  6.44020304e-01
  6.42719333e-01  6.37430011e-01  6.34505303e-01  6.33022391e-01
  6.32130827e-01  6.31832333e-01  6.31633742e-01  6.31177493e-01
  6.28264085e-01  6.27806720e-01  6.24101012e-01  6.17310937e-01
  6.17310361e-01  6.13574826e-01  6.13147928e-01  6.12847798e-01
  6.11664206e-01  5.95337389e-01  5.82106702e-01  5.72742415e-01
  5.67117828e-01  5.64633294e-01  5.63959185e-01  5.60592255e-01
  5.55624974e-01  5.44439899e-01  5.43888023e-01  5.42494921e-01
  5.42427100e-01  5.41304858e-01  5.41229620e-01  5.38196178e-01
  5.34254920e-01  5.32809866e-01  5.30267992e-01  5.27067556e-01
  5.24460545e-01  5.23848260e-01  5.23350903e-01  5.17400587e-01
  4.95899173e-01  4.95037222e-01  4.90486324e-01  4.87976495e-01
  4.87810433e-01  4.86023477e-01  4.81882306e-01  4.80775811e-01
  4.78051354e-01  4.73762215e-01  4.73710513e-01  4.72085093e-01
  4.68290170e-01  4.63498451e-01  4.61209290e-01  4.60128847e-01
  4.55971991e-01  4.53033085e-01  4.52282116e-01  4.51436395e-01
  4.50934447e-01  4.42462967e-01  4.40476641e-01  4.34357485e-01
  4.28039826e-01  4.23548864e-01  4.21870279e-01  4.17415416e-01
  4.13892773e-01  4.07801442e-01  4.05028231e-01  4.02827519e-01
  4.01530994e-01  3.99144662e-01  3.99076821e-01  3.96086841e-01
  3.95881436e-01  3.94862075e-01  3.92516240e-01  3.91781317e-01
  3.86731258e-01  3.85431483e-01  3.81448005e-01  3.78340255e-01
  3.73197648e-01  3.72416605e-01  3.71415450e-01  3.67669642e-01
  3.67419904e-01  3.67023329e-01  3.66173246e-01  3.58525926e-01
  3.56993673e-01  3.53831244e-01  3.48539440e-01  3.47977147e-01
  3.47849774e-01  3.43488052e-01  3.36702862e-01  3.35894551e-01
  3.35718599e-01  3.35163030e-01  3.29360545e-01  3.28475427e-01
  3.26522931e-01  3.24611320e-01  3.23266057e-01  3.21084597e-01
  3.20919763e-01  3.19183264e-01  3.12627764e-01  3.09186656e-01
  3.08628601e-01  3.08517883e-01  3.07572307e-01  3.04357142e-01
  3.02928128e-01  2.93916113e-01  2.93362408e-01  2.90942906e-01
  2.83188751e-01  2.70379026e-01  2.68932684e-01  2.68816832e-01
  2.68550369e-01  2.57857970e-01  2.54946621e-01  2.45950171e-01
  2.45652290e-01  2.42033800e-01  2.39018619e-01  2.34608387e-01
  2.33201725e-01  2.30110253e-01  2.23544113e-01  2.22946607e-01
  2.17742616e-01  2.15676692e-01  2.11232844e-01  2.06517380e-01
  2.03511105e-01  2.00732652e-01  1.99365865e-01  1.97892013e-01
  1.93651633e-01  1.90378331e-01  1.88438965e-01  1.85119455e-01
  1.81803064e-01  1.80632152e-01  1.72205967e-01  1.69700756e-01
  1.62869730e-01  1.60738112e-01  1.59850334e-01  1.59068995e-01
  1.56924404e-01  1.51262704e-01  1.49986478e-01  1.47885265e-01
  1.43512797e-01  1.42229075e-01  1.38866354e-01  1.37060252e-01
  1.30343106e-01  1.29498650e-01  1.27384754e-01  1.25997633e-01
  1.24773006e-01  1.23341783e-01  1.22121659e-01  1.20550618e-01
  1.20352862e-01  1.16097653e-01  9.62224453e-02  9.50996944e-02
  8.86324153e-02  8.83762254e-02  8.35815747e-02  8.27450705e-02
  7.91505784e-02  7.87978856e-02  7.75510265e-02  7.74815431e-02
  7.52256758e-02  7.28860717e-02  7.12764630e-02  7.07394402e-02
  6.85323990e-02  6.73931118e-02  6.59363442e-02  6.42331036e-02
  6.22864780e-02  5.74698999e-02  5.47995774e-02  5.22526730e-02
  4.95584362e-02  4.64622154e-02  4.55586161e-02  4.07128168e-02
  3.15255258e-02  2.47297634e-02  1.77893660e-02  1.51676096e-02
  1.51093123e-02  1.09566527e-02  7.46803350e-03  7.38387849e-03
  6.02210645e-03  4.19014531e-03  2.71797536e-03  2.40222497e-03
  2.27858254e-03  2.25331910e-03 -7.27541484e-03 -8.55903267e-03
 -2.19637221e-02 -2.23051426e-02 -2.70671787e-02 -2.71914475e-02
 -3.02753676e-02 -3.56647378e-02 -3.67659015e-02 -4.31419481e-02
 -5.09019928e-02 -5.19943787e-02 -5.89693366e-02 -6.02625274e-02
 -6.23465396e-02 -6.50296843e-02 -6.50859525e-02 -6.80419526e-02
 -7.97674065e-02 -8.68198297e-02 -8.71004173e-02 -9.44888632e-02
 -9.89515368e-02 -1.01136395e-01 -1.03197719e-01 -1.03658984e-01
 -1.07228935e-01 -1.26904880e-01 -1.28245620e-01 -1.33369388e-01
 -1.46352338e-01 -1.55032723e-01 -1.56406150e-01 -1.56694796e-01
 -1.59133774e-01 -1.61903496e-01 -1.62237555e-01 -1.63925458e-01
 -1.69810767e-01 -1.72317569e-01 -1.74699588e-01 -1.84033934e-01
 -2.07892745e-01 -2.08154116e-01 -2.22000026e-01 -2.28204202e-01
 -2.28842572e-01 -2.30171627e-01 -2.36740818e-01 -2.43786219e-01
 -2.58166823e-01 -2.65286370e-01 -2.72025677e-01 -2.74609517e-01
 -2.90747415e-01 -2.91618163e-01 -2.95546035e-01 -2.99610071e-01
 -3.00204686e-01 -3.07473970e-01 -3.08488136e-01 -3.10628704e-01
 -3.23788374e-01 -3.32413878e-01 -3.54695626e-01 -3.55782008e-01
 -3.58522225e-01 -3.60458424e-01 -3.62093914e-01 -3.67598018e-01
 -3.74384742e-01 -3.80972207e-01 -3.88082245e-01 -3.89422711e-01
 -3.95022735e-01 -4.01911750e-01 -4.27671067e-01 -4.36257004e-01
 -4.36734777e-01 -4.43650676e-01 -4.45519248e-01 -4.51792755e-01
 -4.56437482e-01 -4.65120162e-01 -4.97170486e-01 -5.17780206e-01
 -5.19425934e-01 -5.24826948e-01 -5.26996122e-01 -5.27515002e-01
 -5.29658192e-01 -5.30896913e-01 -5.33455009e-01 -5.37676398e-01
 -5.53787368e-01 -5.57704093e-01 -5.64902043e-01 -5.76178997e-01
 -5.91844007e-01 -6.04723886e-01 -6.19609034e-01 -6.28135433e-01
 -6.30421606e-01 -6.42118673e-01 -6.51543344e-01 -6.54711111e-01
 -6.59095697e-01 -6.69435556e-01 -6.98528826e-01 -7.16197379e-01
 -7.25621996e-01 -7.32374011e-01 -7.51841182e-01 -7.66546301e-01
 -7.74038117e-01 -7.84687558e-01 -8.06525304e-01 -8.54742487e-01
 -9.38577707e-01 -9.58709425e-01 -9.83231270e-01 -9.87204415e-01
 -1.03363288e+00 -1.05205295e+00 -1.07478176e+00 -1.11748383e+00
 -1.20049065e+00 -1.35719145e+00 -1.38623611e+00 -1.50841866e+00
 -1.55528861e+00]