[0.         0.         0.00609756 0.00609756 0.01626016 0.01626016
 0.01829268 0.01829268 0.0203252  0.0203252  0.02845528 0.02845528
 0.0304878  0.0304878  0.03658537 0.03658537 0.03861789 0.03861789
 0.04065041 0.04065041 0.04268293 0.04268293 0.04471545 0.04471545
 0.04674797 0.04674797 0.05081301 0.05081301 0.05284553 0.05284553
 0.05487805 0.05487805 0.05691057 0.05691057 0.06504065 0.06504065
 0.06707317 0.06707317 0.07113821 0.07113821 0.07520325 0.07520325
 0.07926829 0.07926829 0.08536585 0.08536585 0.08739837 0.08739837
 0.09349593 0.09349593 0.09552846 0.09552846 0.09756098 0.09756098
 0.0995935  0.0995935  0.10569106 0.10569106 0.10772358 0.10772358
 0.1097561  0.1097561  0.11178862 0.11178862 0.11585366 0.11585366
 0.11788618 0.11788618 0.1199187  0.1199187  0.12195122 0.12195122
 0.12398374 0.12398374 0.12601626 0.12601626 0.12804878 0.12804878
 0.13211382 0.13211382 0.13414634 0.13414634 0.13821138 0.13821138
 0.14430894 0.14430894 0.14634146 0.14634146 0.14837398 0.14837398
 0.1504065  0.1504065  0.15447154 0.15447154 0.15650407 0.15650407
 0.16056911 0.16056911 0.16260163 0.16260163 0.16463415 0.16463415
 0.16666667 0.16666667 0.17073171 0.17073171 0.17276423 0.17276423
 0.17479675 0.17479675 0.17682927 0.17682927 0.18089431 0.18089431
 0.18292683 0.18292683 0.18699187 0.18699187 0.19308943 0.19308943
 0.19715447 0.19715447 0.19918699 0.19918699 0.20934959 0.20934959
 0.21138211 0.21138211 0.21341463 0.21341463 0.21544715 0.21544715
 0.21747967 0.21747967 0.22357724 0.22357724 0.2296748  0.2296748
 0.23170732 0.23170732 0.23577236 0.23577236 0.2398374  0.2398374
 0.24186992 0.24186992 0.24390244 0.24390244 0.24593496 0.24593496
 0.24796748 0.24796748 0.25203252 0.25203252 0.25609756 0.25609756
 0.2601626  0.2601626  0.26219512 0.26219512 0.26422764 0.26422764
 0.27235772 0.27235772 0.27439024 0.27439024 0.27642276 0.27642276
 0.27845528 0.27845528 0.2804878  0.2804878  0.28658537 0.28658537
 0.28861789 0.28861789 0.29065041 0.29065041 0.29268293 0.29268293
 0.29674797 0.29674797 0.30284553 0.30284553 0.30894309 0.30894309
 0.31504065 0.31504065 0.32520325 0.32520325 0.32723577 0.32723577
 0.33130081 0.33130081 0.33333333 0.33333333 0.33536585 0.33536585
 0.33739837 0.33739837 0.34146341 0.34146341 0.34756098 0.34756098
 0.35162602 0.35162602 0.35569106 0.35569106 0.35772358 0.35772358
 0.3597561  0.3597561  0.36178862 0.36178862 0.36585366 0.36585366
 0.37398374 0.37398374 0.37804878 0.37804878 0.3800813  0.3800813
 0.38211382 0.38211382 0.38414634 0.38414634 0.38617886 0.38617886
 0.3902439  0.3902439  0.39634146 0.39634146 0.39837398 0.39837398
 0.40243902 0.40243902 0.40853659 0.40853659 0.41056911 0.41056911
 0.41260163 0.41260163 0.41463415 0.41463415 0.41869919 0.41869919
 0.42682927 0.42682927 0.42886179 0.42886179 0.43292683 0.43292683
 0.43495935 0.43495935 0.44105691 0.44105691 0.44918699 0.44918699
 0.45325203 0.45325203 0.45528455 0.45528455 0.45731707 0.45731707
 0.46138211 0.46138211 0.46341463 0.46341463 0.46544715 0.46544715
 0.4695122  0.4695122  0.47154472 0.47154472 0.47357724 0.47357724
 0.47560976 0.47560976 0.4796748  0.4796748  0.48373984 0.48373984
 0.48577236 0.48577236 0.4898374  0.4898374  0.49390244 0.49390244
 0.49593496 0.49593496 0.5        0.5        0.50203252 0.50203252
 0.50813008 0.50813008 0.51422764 0.51422764 0.51626016 0.51626016
 0.51829268 0.51829268 0.52642276 0.52642276 0.52845528 0.52845528
 0.5304878  0.5304878  0.54065041 0.54065041 0.54268293 0.54268293
 0.54471545 0.54471545 0.54674797 0.54674797 0.55081301 0.55081301
 0.55691057 0.55691057 0.56300813 0.56300813 0.56504065 0.56504065
 0.56910569 0.56910569 0.57317073 0.57317073 0.58130081 0.58130081
 0.58333333 0.58333333 0.59756098 0.59756098 0.5995935  0.5995935
 0.60365854 0.60365854 0.61178862 0.61178862 0.62601626 0.62601626
 0.6300813  0.6300813  0.63211382 0.63211382 0.63617886 0.63617886
 0.6402439  0.6402439  0.64227642 0.64227642 0.64430894 0.64430894
 0.65243902 0.65243902 0.65650407 0.65650407 0.65853659 0.65853659
 0.66463415 0.66463415 0.67276423 0.67276423 0.67682927 0.67682927
 0.68292683 0.68292683 0.69105691 0.69105691 0.69512195 0.69512195
 0.70121951 0.70121951 0.70731707 0.70731707 0.71341463 0.71341463
 0.71544715 0.71544715 0.7195122  0.7195122  0.72154472 0.72154472
 0.72560976 0.72560976 0.72764228 0.72764228 0.7296748  0.7296748
 0.73170732 0.73170732 0.73577236 0.73577236 0.73780488 0.73780488
 0.74186992 0.74186992 0.74796748 0.74796748 0.75203252 0.75203252
 0.75406504 0.75406504 0.75609756 0.75609756 0.76829268 0.76829268
 0.77235772 0.77235772 0.7804878  0.7804878  0.78252033 0.78252033
 0.78658537 0.78658537 0.79268293 0.79268293 0.79878049 0.79878049
 0.80081301 0.80081301 0.80691057 0.80691057 0.81300813 0.81300813
 0.81504065 0.81504065 0.83130081 0.83130081 0.83333333 0.83333333
 0.83536585 0.83536585 0.84146341 0.84146341 0.84756098 0.84756098
 0.8495935  0.8495935  0.85569106 0.85569106 0.86382114 0.86382114
 0.86585366 0.86585366 0.87195122 0.87195122 0.8800813  0.8800813
 0.88414634 0.88414634 0.88617886 0.88617886 0.89227642 0.89227642
 0.89430894 0.89430894 0.89634146 0.89634146 0.9004065  0.9004065
 0.90650407 0.90650407 0.91463415 0.91463415 0.92886179 0.92886179
 0.93292683 0.93292683 0.93902439 0.93902439 0.94105691 0.94105691
 0.94512195 0.94512195 0.95731707 0.95731707 0.95934959 0.95934959
 0.96544715 0.96544715 0.96747967 0.96747967 0.9695122  0.9695122
 0.97560976 0.97560976 0.98373984 0.98373984 0.99390244 0.99390244
 0.99593496 0.99593496 1.        ]