[ 9.47536743e-01  2.05665379e-01  1.35559032e+00  7.22566788e-01
  3.41700769e-01  3.09887413e-01  1.12698234e+00 -1.01296637e-01
 -3.22252679e-01 -2.18713850e-01  5.92963215e-01  5.24484512e-01
  8.58236599e-01  1.62906286e-02  1.30246873e+00 -6.08659859e-02
  4.53881587e-01  1.70837998e-01 -3.21916287e-02  8.52080298e-01
  2.99610649e-01 -1.59169057e-01  5.32234087e-01  9.25645591e-02
  6.12354230e-02  7.50657255e-02  8.33221450e-01  9.67938570e-01
 -2.30587306e-01  6.28698766e-01  1.50286053e-01 -2.62828459e-01
  8.32736977e-01 -4.48488509e-01  1.44196489e-01  7.76557650e-01
  1.59154527e-01  4.99022360e-01  1.43529861e-01  5.15465831e-01
 -5.45550620e-02  7.48553404e-01  5.79266967e-01  6.50724963e-01
 -1.81883463e+00  1.17608531e+00  3.40584568e-01  1.00668649e+00
 -9.11040685e-01 -3.95497281e-01  1.51185621e+00  9.47678475e-01
  6.54970203e-01  1.20030276e+00  2.59580719e-01  1.71414608e-01
  2.42723637e-01  3.93080669e-01  1.48153843e+00  6.80603920e-01
  3.98579915e-01  4.34488739e-01  2.46159098e-01 -1.17418470e-01
 -4.36044653e-01  6.76780109e-01 -3.38389071e-01  1.63205073e-01
 -6.63746853e-01  3.98441287e-01  1.36886404e+00  1.47815140e-01
  1.20979507e+00 -6.17807117e-01 -6.13603450e-01  6.89211185e-01
  2.35450225e-02 -4.28220261e-01 -1.28394204e-01 -3.22024343e-01
  1.93424774e-01  1.17235490e+00 -1.24995285e-01  9.62131319e-01
  7.23116222e-01 -3.35938443e-01  1.24741522e+00 -4.21465213e-02
  7.07280954e-01 -8.64982035e-01  1.26448774e-01  1.32093942e+00
  8.92985920e-01  5.08804436e-01 -7.34835802e-01  3.33287536e-01
  7.43730783e-01  7.87396686e-01  2.59192246e-01  8.35183948e-01
  1.32271197e-01 -4.12770672e-01 -9.81734690e-02 -4.84130933e-01
  6.86729919e-01  2.54493563e-01  9.49466234e-01  5.13689987e-02
  5.58814901e-01  3.88470818e-02  6.91594516e-01  4.22632989e-01
 -8.79423227e-02 -1.33140490e+00  4.69504817e-01  8.34139973e-01
  4.55297466e-01  6.11502899e-01  8.59524945e-01 -4.88283097e-01
 -4.89399241e-01  8.35210451e-01 -3.65980664e-01  3.15332940e-01
  1.20018078e+00 -1.68600525e-01  2.60360831e-01  4.26319185e-03
  6.21417573e-01 -1.12506624e+00  1.19451747e+00  4.90334128e-01
  6.98064670e-01  3.61323699e-01  4.24519160e-01 -1.10952722e+00
  6.18821302e-01 -2.98233892e-01  8.27977443e-01  5.96462871e-01
  8.52366729e-01  3.50147037e-01  1.52786648e-01 -3.88527780e-01
 -5.72627081e-01  8.45388944e-02  7.13484817e-02 -3.81285061e-01
 -3.94044970e-01  1.34395938e-01  4.39537551e-01  6.03767048e-01
  4.92441322e-01  1.12524475e-01 -3.59965460e-01  6.34124163e-02
  1.04756343e+00  4.07421657e-01  2.19218330e-01 -4.74221140e-01
 -6.52237260e-01  1.11721590e-01 -1.08686713e-01  5.55710034e-01
  3.12379493e-01  8.40199441e-01  1.24867765e+00  8.48163130e-01
  1.82594959e-01  6.31176718e-01 -2.05258450e-02 -3.63065197e-01
  7.17815803e-01 -6.34241339e-01  3.21045315e-01  1.05732459e+00
 -1.83334433e-01 -1.75611176e-01 -4.86740055e-01 -4.92331267e-01
 -4.16738143e-02  1.10700092e+00  1.39987314e+00  4.65988977e-01
 -6.83214326e-01  7.03726622e-01  8.56232826e-01  5.51547077e-01
 -1.46556632e-01  4.61741108e-01 -5.24076955e-01  1.47528170e-01
  2.98907744e-01  1.13268543e+00  1.38848920e+00  4.32142588e-01
  1.01132303e+00  1.29143069e+00  2.83242554e-01 -8.29370835e-01
  4.25827726e-01  9.04009537e-01  1.63030690e+00  3.86379224e-01
 -4.23086205e-01  7.76162734e-01  1.32814537e+00  5.13401038e-01
 -2.57781641e-01 -6.57952363e-01  4.20054415e-01  3.95509091e-01
  6.55458600e-01  3.09784712e-01  7.65712308e-02  3.38930343e-01
 -8.27408222e-02  1.08186518e+00 -2.08922990e-01  1.19246093e+00
  9.13020096e-01 -6.40585132e-01  9.40860729e-01  9.84851699e-01
  7.70539829e-01 -3.23411411e-01 -5.00963079e-01 -3.58745710e-02
  1.34586491e+00 -4.29974070e-01 -3.75942034e-01  1.23794512e+00
 -6.07161236e-01 -3.40610165e-01  7.59408956e-01 -7.27690964e-01
 -1.12328252e-01  7.61637117e-01  8.69696930e-01  1.77530150e-01
  1.40144230e+00 -6.28245483e-01 -1.08912436e-01 -6.65527907e-01
 -2.22507535e-02  9.70629847e-01  4.11191690e-01  4.74849763e-01
  1.04778238e+00  8.10724660e-02  1.33343069e+00 -8.11725743e-01
 -1.87960325e-01  1.04626055e+00 -1.98747801e-02  1.19301704e+00
 -2.11372513e-01  4.41202908e-01  5.75322803e-01  4.60738806e-01
 -1.22129241e+00  1.24678958e+00 -1.08558477e+00  5.08655886e-01
 -4.91040441e-01 -5.79621853e-01  3.94476490e-01  7.34285162e-01
  1.38351998e-01  3.30761407e-01 -1.29880579e+00  4.98615431e-01
  1.02103138e+00  1.22686524e+00  2.54136006e-01  8.05369232e-01
 -1.98880950e-01  3.22789467e-01 -2.13633622e-01 -1.60346732e-01
  2.40164806e-01 -1.89420359e-01 -7.43692132e-01  5.98733440e-01
  1.17168443e-01  2.44542806e-01  9.44123034e-01  1.92177628e-01
  1.48748645e-01  1.38402004e-02  2.34578783e-01 -1.95010723e-01
  4.28311278e-01  1.31517675e+00  8.28851271e-01  8.76936358e-01
 -2.13745834e-01 -1.59714682e-02  2.97946746e-01  7.77605279e-01
  3.16115499e-01 -4.45109350e-02  4.75952393e-01  9.72768378e-02
  7.62008927e-01  2.88351822e-01  3.38932181e-01 -2.42493661e-01
 -6.08460297e-01  7.37657700e-01 -3.17165078e-01 -8.95438419e-02
  8.32519127e-01 -1.73163898e-01  9.84292633e-01 -1.04970314e+00
  1.19870821e+00  4.95968568e-01  6.93770305e-02  1.13617020e+00
  3.21176793e-01  4.80937795e-01  4.46054650e-01 -5.47221997e-01
  4.82246513e-01 -1.01516473e+00  7.08989027e-01  3.64164335e-01
  1.49713775e-01 -6.68765712e-01  3.40832058e-01 -5.82747712e-01
  1.57532986e+00  7.73920190e-02  7.46442629e-01  1.08802316e+00
  2.92692683e-02  1.22170248e+00  1.39519894e+00 -2.11325049e-01
 -5.06391118e-01 -9.24583401e-02  2.63167100e-01  1.00460147e+00
  9.16836489e-01  1.30592104e-01  5.27548306e-01  4.49592529e-01
  1.19536573e+00  1.02955260e+00  2.63350645e-01  1.14316853e+00
 -1.48893617e+00  1.69735287e-01  7.95025653e-01 -2.76889965e-01
 -3.21426254e-01 -8.08838672e-01  1.82950409e-01 -6.65761958e-02
  1.15261913e+00 -1.54352033e-01 -9.83955015e-02  1.21815297e+00
  4.26239840e-01  8.34752925e-01  7.62604706e-01  2.89790983e-01
  1.51119316e-01 -5.21403803e-01  5.32082861e-01  1.12908049e-01
 -3.73230505e-02  1.04606713e+00  2.53712851e-01  9.91620781e-01
  6.09916116e-01  2.55513963e-01  5.91501410e-01 -5.68653842e-02
  8.82085969e-01  5.73798872e-01  1.18798111e+00  1.54677169e-01
  7.64333822e-02  3.92418650e-01  3.55523524e-01  1.16871298e+00
  5.47226996e-02  2.86277337e-01  8.66494258e-02 -3.62863546e-02
  1.55308651e-01  3.69398602e-01 -4.66610966e-01 -7.47628092e-01
  1.57109752e-01 -5.15866718e-01 -5.06046515e-01  8.85487801e-01
  2.69169334e-01  8.53722602e-01  2.65124391e-01  1.22280775e+00
  2.39517722e-01 -1.15147613e-01  4.13414916e-01 -3.42337023e-01
 -1.60271002e-01  7.98379595e-01  5.84677529e-03  6.02123337e-01
  3.35401875e-01  1.03578599e+00  2.45197936e-01 -1.08882400e-01
  5.46896739e-01  9.19234740e-01  1.06139026e-01  2.82602965e-03
 -8.86187198e-02  9.69850505e-01 -9.74373132e-02  6.48328781e-01
  9.51834273e-01  3.14739388e-01  5.63770486e-01 -3.64111602e-01
  4.54132177e-01  3.02448730e-01 -6.28362062e-02 -1.05696267e+00
 -8.15046014e-01 -4.88871019e-01  1.00850424e+00  8.76642246e-01
  9.24743375e-01  2.01163933e-01 -9.40176736e-01 -7.29737786e-01
 -1.19859361e-01 -1.00008434e+00  6.04078149e-01  6.77098667e-01
  8.76876619e-01  5.68623455e-01  2.84012283e-01  5.98089012e-01
  1.04666349e+00  4.74011932e-01  4.12255540e-01  6.87570323e-01
  8.89360973e-01  3.37217456e-01 -6.22568461e-01 -7.11958317e-03
  8.41347637e-01  7.80318918e-01  2.59746912e-01  1.01452875e-01
 -7.50010857e-02 -1.40300392e-01  1.17394497e+00  1.07542692e+00
 -1.22223604e+00  6.19683603e-01 -2.04850167e-01  4.10568739e-01
  5.56725253e-01  9.44026967e-01 -1.03242525e+00 -2.80305577e-02
  7.54836129e-01  4.44270197e-02  7.93278257e-01  4.23182502e-01
  4.76441378e-01  6.97076079e-01 -1.03551095e-01  6.18115957e-02
 -3.25934935e-01  8.19939376e-01  2.33650609e-02  8.22358564e-01
  1.86757777e-02  7.56488763e-01 -8.96841696e-01 -5.91932668e-02
  4.85555961e-01  5.97798230e-01 -1.11164505e-01  3.64095853e-01
  7.95449523e-01  7.57209822e-01  1.02425510e+00  2.59286648e-01
  8.40314236e-01  1.07470313e+00 -1.20529937e-01 -1.28440148e-01
  4.92662007e-01 -5.77334518e-01  1.20245821e-01  3.46812757e-01
  6.67015349e-01  2.62987445e-01  6.58952510e-01  2.91987168e-01
  7.51929740e-01 -4.64957914e-01 -2.75151649e-01  4.55542379e-01
  9.84318903e-01 -2.88160033e-01  3.33294578e-02  3.57599955e-01
 -4.36297723e-01  1.46038662e+00  1.19922304e+00 -1.18535480e-01
  9.93092970e-01 -2.90433363e-01  2.09621829e-01  9.64771693e-01
 -5.91838536e-01 -1.11699023e+00  8.62142852e-01 -6.24176019e-01
 -6.34874874e-01  1.26589445e+00 -8.41709032e-01 -2.73279111e-01
 -7.66169519e-01  4.88359738e-01  9.70887690e-01  8.53656697e-02
 -1.04653198e-01 -1.04705040e+00  2.60536291e-01  5.07673083e-01
 -3.55466123e-02  3.01945813e-01  9.11426022e-01  4.70318465e-02
  6.32767096e-01  9.82907836e-02  1.23202821e-01  3.68784576e-01
 -1.67837124e-01  7.61705715e-01  4.26989916e-03  1.16343123e+00
  3.62319818e-01  1.21223603e+00  1.17051639e+00  4.41557920e-01
 -6.26239995e-01 -3.77203570e-01  2.32350873e-01  1.25611447e-03
 -5.66753973e-01 -2.89775445e-01  2.53680047e-01 -1.21739290e+00
  6.48928187e-01  6.95318490e-01  4.17767356e-01 -6.03527254e-01
  4.01134791e-01 -4.02269424e-01 -1.20502909e+00 -8.12859660e-01
  1.20675499e+00  1.29261720e-03 -7.69979365e-01  4.56578520e-01
  8.57402193e-01 -5.85365450e-02  8.57764135e-01 -1.73645192e-01
 -1.12758025e-01 -1.64386344e-01  6.30116621e-02  1.51108101e+00
  2.45646548e-01 -9.41565889e-01  1.04898931e+00  2.29855806e-01
  8.69567070e-01 -7.32271063e-01  2.48309476e-01  2.07455480e-01
  7.38986444e-01  2.50973519e-01  3.49131948e-01  1.79394735e-01
  1.09343067e+00  1.22797081e+00  7.00525599e-01  9.90835916e-01
  1.27875097e+00  8.10328980e-02  4.97457194e-01  2.57498304e-02
  1.50329188e-01  2.40357842e-02  1.04904410e+00  8.32088673e-01
 -2.86862105e-02 -2.35233577e-02  1.85331577e-01  6.68056698e-01
  3.93528543e-01  7.46529639e-01  2.18044604e-01  1.07601728e-01
 -3.05726417e-01  7.76270105e-02  9.74217948e-03  1.40017639e+00
  2.51062548e-02 -5.44747104e-01  3.42745687e-01  5.24798183e-01
  3.12965453e-01  7.71862328e-02 -5.55104059e-01  1.00707507e+00
 -2.61140098e-01  5.71303281e-01  1.59391815e-01 -1.02593936e+00
  6.37461874e-01 -4.48839206e-02 -3.95628490e-01 -9.54685539e-01
  3.29464478e-01 -5.01815576e-01 -9.12745122e-01  5.14314307e-01
 -4.32480886e-01 -8.22627316e-01 -4.56116334e-02 -2.84043635e-01
 -4.77487597e-01 -6.24999270e-01 -6.63275371e-01  7.65371887e-01
  2.52146431e-02 -1.92235795e-01 -4.10714734e-01 -8.21799406e-01
  3.78174905e-01  6.88821483e-01 -3.23212733e-01  4.53470406e-01
 -2.08369889e-02  8.38320692e-01 -6.37896120e-02  4.21520812e-01
  9.64978624e-01  9.50748881e-01  6.87998538e-01 -2.58815467e-01
  5.96590942e-01  8.10792998e-01 -2.05865615e-01 -1.82261197e-01
  9.09559430e-01 -1.21006957e+00  3.01560471e-01  5.68442261e-01
 -2.58740502e-02  1.16754795e+00  1.25201159e+00  3.18616006e-01
 -1.12654713e-01 -9.14538044e-02 -3.39766070e-01 -2.52395464e-01
  3.59903970e-01  5.92323462e-01  7.27933400e-01  1.44435747e-01
  1.29801948e-01  3.15114663e-01 -2.94101349e-01  1.22668884e+00
  1.13840161e+00 -1.16509342e-02  4.34425484e-01  2.50015104e-01
  6.00423952e-01  1.20562974e+00 -8.20700081e-01  1.07772680e+00
  1.29409820e+00 -6.34195307e-01 -9.20697765e-01  7.04125745e-01
  3.75920469e-01  8.53569093e-01  3.36566250e-01 -2.70501607e-01
 -4.31852620e-02 -5.26569040e-02  1.21027912e+00 -5.25944736e-01
  1.85883474e-01  5.58235174e-02  5.98784479e-01  5.48092675e-01
  9.42417483e-01 -6.03545030e-03  7.50006767e-01  1.01715587e+00
 -6.20632435e-01  9.12643508e-01  5.15030402e-01  2.62631328e-01
  8.91752255e-02  1.03928886e+00 -5.41652294e-01 -4.01319101e-01
  7.68479666e-01  6.82905424e-01  1.02594473e+00  7.36683156e-02
 -2.02311127e-01 -4.20087189e-02 -1.41804714e-01 -1.03467049e-01
 -3.84685683e-01 -1.61883079e-01  1.18798080e+00  4.45143420e-01
  1.43909974e+00 -1.26230003e+00 -2.66699313e-01  4.19280572e-01
 -4.62546839e-01 -5.21614795e-03 -2.27559784e-01  9.64324777e-01
  9.87209660e-01  1.07227451e+00  1.60229153e+00  1.99004773e-01
  4.43479153e-01 -2.04768948e-01 -5.19708741e-01 -5.87385902e-01
  1.21014832e+00  3.72509421e-01 -3.71046376e-01 -6.79222686e-01
  6.15751019e-01  6.59487937e-01 -6.98856859e-01  8.30014394e-02
  9.50541515e-02  9.40355035e-01  3.74963022e-01  1.15053546e-01
  4.25573335e-01  8.46907564e-01  2.17255426e-01  8.59212036e-01
  1.22825510e-01  4.73235651e-05  7.71432237e-01  3.65385413e-01
 -8.30420492e-01  3.64334169e-01  3.39790884e-01  4.24979622e-01
  1.61462067e+00 -1.00242092e-02  1.14321716e+00 -6.52752273e-01
 -1.15247628e-01  5.92081732e-01  4.15385004e-01  3.06803422e-01
 -8.89948974e-01  1.83808524e-01  7.90015771e-01  1.46508509e+00
 -9.46364544e-01  6.89536548e-01  2.81211573e-01  3.89277498e-01
  6.74344566e-01  4.99790325e-01 -1.11475414e-01  1.03499421e+00
  4.10992647e-01 -2.99736158e-01 -1.14888908e+00  5.87218559e-01
 -2.72311298e-01 -6.47090065e-01  8.70883315e-01  6.52528117e-01
  2.57994442e-01 -8.23043044e-01  1.80742494e-01 -7.63088480e-01
 -1.21217714e-01  1.44235355e+00  4.02652310e-01  7.65533130e-01
  9.82458357e-01  5.16731166e-01  6.78975192e-01  8.48783615e-01
 -5.57925378e-01  3.35902992e-01  1.72871724e-01  4.17814594e-01
  1.07520217e-02  2.21834802e-01  1.24492922e+00  8.55560012e-01
  1.22563120e+00  6.36803591e-01 -1.41316278e+00  1.09180013e+00
  5.33782169e-01  8.81940019e-01  1.22163744e-01  9.48878290e-01
  1.17969797e+00 -5.92727492e-01  6.52165152e-01  1.62443114e-01
  5.69556038e-01  6.47508872e-02  3.53004660e-01  5.14384141e-01
 -3.37300755e-01  9.15129670e-01 -1.23339434e-01  6.20548863e-01
  6.09862476e-02 -7.62760753e-01 -5.44371253e-02 -2.92383669e-01
 -2.36721077e-01 -5.86101680e-01  1.56436413e-02  6.04976307e-01
  2.60420688e-01 -1.16962394e-01  3.88936692e-01 -3.15083752e-01
  5.75948537e-01  8.29352600e-03  5.04659313e-01  5.34195216e-02
  5.82714930e-01  7.60606766e-01  1.30728658e-01  7.14490553e-01
  1.24948153e+00 -5.88355851e-01 -2.44620254e-01  9.47929559e-01
 -6.71488131e-02  6.62583185e-01  3.53808982e-01  6.38155718e-01
 -5.15831841e-02  9.61637600e-02  3.51616028e-01  2.66102761e-01
 -5.73082294e-01  7.27117933e-01  9.95085953e-01  1.94527159e-01
  6.20142481e-01 -1.03936714e-01  1.37670610e+00  8.54656416e-01
 -1.22748113e-02  1.26589252e-01  2.30077432e-01  9.66568021e-01
 -7.60426229e-01  2.42375960e-01  6.58211111e-01  1.12662677e+00
  7.15394022e-01 -7.11253494e-02 -2.36629437e-01  1.96513437e-01
  7.42435277e-01 -3.22058369e-01 -6.12292642e-01  4.95032167e-01
  6.52492238e-01  4.93271731e-01 -7.28994164e-01  1.19256537e+00
  1.40008163e+00 -1.39675934e+00  1.10158530e+00  2.69357109e-01
 -6.40924479e-02  1.43260297e+00  8.75332661e-01 -5.69717159e-01
  5.48726220e-01  1.01206711e-01 -1.81147018e-01  7.56052009e-01
  5.39748568e-01 -1.13323898e+00 -1.37079949e-02 -7.58479563e-01
 -6.45397720e-01  1.48249288e+00 -1.52729518e-01  1.82469230e-01
  1.18122615e-01  9.26096242e-01  6.22032600e-01  7.90398676e-01
  9.28973147e-01 -6.29129150e-01  4.43717432e-01  1.59338505e+00
  6.67362676e-01 -2.82175505e-01  1.35923267e+00  1.09739364e+00
 -1.69975987e-01 -4.27425300e-01  1.11363244e+00 -7.88201448e-01
  1.25264811e+00  9.16146189e-01 -2.93975427e-01  6.58862391e-01
 -1.69146673e-03  2.16474300e-01 -1.88402774e-02  9.05922026e-01
  8.84805980e-01 -6.31979290e-01  1.16712292e+00 -5.50593466e-01
  4.76402506e-01  7.73933746e-01  6.65744799e-01  1.43928608e+00
 -5.28973118e-01  1.34353392e-02 -4.27817826e-01 -2.10678959e-01
 -2.32736553e-01  1.50690857e-01  8.64756415e-01  2.41014364e-02
  2.77689299e-01 -6.29214417e-01  2.24410788e-01 -4.05070762e-01
  2.99682967e-01 -1.09962419e+00  3.18102286e-01  3.43344807e-01
  1.70524040e-01  1.08378135e+00  2.43084635e-02 -7.51580886e-01
 -7.59685435e-01  3.18247207e-01  3.41811411e-01 -5.91498682e-01
  9.26127832e-01  6.93374910e-01 -1.87468977e-01 -6.19156205e-01
  4.21691954e-02 -6.64646550e-01  1.21584472e-01  1.73458038e+00
  5.87010895e-01  1.09436681e-01  6.95853755e-01  6.35220831e-01
  1.91145143e-01 -8.43245786e-01  4.05768207e-01  1.15805435e+00
  2.94173347e-01  1.83302440e-01  8.27810434e-01  7.64927265e-01]