[ 2.86566442e+00  1.86566442e+00  1.71584743e+00  1.60610560e+00
  1.58804755e+00  1.54114183e+00  1.51341198e+00  1.49812924e+00
  1.44401679e+00  1.42992534e+00  1.42182895e+00  1.40346371e+00
  1.39611553e+00  1.39185764e+00  1.33747032e+00  1.33474614e+00
  1.31761367e+00  1.31578876e+00  1.30690693e+00  1.28219322e+00
  1.27871796e+00  1.27631794e+00  1.27257875e+00  1.24827586e+00
  1.23810506e+00  1.21323010e+00  1.20522355e+00  1.19787124e+00
  1.19393180e+00  1.19252321e+00  1.18892825e+00  1.15723138e+00
  1.14352727e+00  1.14103649e+00  1.12953264e+00  1.12726353e+00
  1.11509404e+00  1.11354566e+00  1.10965974e+00  1.09785154e+00
  1.08458061e+00  1.07614877e+00  1.07326201e+00  1.06710524e+00
  1.05795379e+00  1.04987447e+00  1.04293605e+00  1.02437998e+00
  1.02109473e+00  1.00701083e+00  1.00648725e+00  1.00540561e+00
  9.99785192e-01  9.98414351e-01  9.98240968e-01  9.88490193e-01
  9.80182163e-01  9.69191547e-01  9.68833799e-01  9.68280226e-01
  9.61546195e-01  9.60343830e-01  9.49286288e-01  9.44395437e-01
  9.41178255e-01  9.40625370e-01  9.37678756e-01  9.35712637e-01
  9.33225711e-01  9.29464330e-01  9.27883435e-01  9.25026609e-01
  9.22029934e-01  9.16939972e-01  9.14131475e-01  9.04884301e-01
  9.04170648e-01  8.90523135e-01  8.86525561e-01  8.66345618e-01
  8.65266127e-01  8.64415501e-01  8.57412456e-01  8.56892822e-01
  8.54066340e-01  8.50242178e-01  8.48760518e-01  8.45216879e-01
  8.41572372e-01  8.40977423e-01  8.38609525e-01  8.38549487e-01
  8.38047610e-01  8.36218341e-01  8.34069720e-01  8.25683169e-01
  8.21011682e-01  8.07954055e-01  8.04021192e-01  8.02141256e-01
  8.01516824e-01  7.97241547e-01  7.94225941e-01  7.89598075e-01
  7.87703374e-01  7.86225038e-01  7.85509922e-01  7.80598065e-01
  7.71094623e-01  7.62147254e-01  7.60006363e-01  7.46531544e-01
  7.46023143e-01  7.28919363e-01  7.25675605e-01  7.24779944e-01
  7.20540319e-01  7.16263886e-01  7.12870979e-01  7.12177146e-01
  7.07611129e-01  7.00049713e-01  6.98198758e-01  6.94139175e-01
  6.93496483e-01  6.76373585e-01  6.76219248e-01  6.74112917e-01
  6.67499209e-01  6.63706403e-01  6.62195108e-01  6.62051586e-01
  6.58298842e-01  6.47607199e-01  6.46283860e-01  6.34296939e-01
  6.30026550e-01  6.29954893e-01  6.28947253e-01  6.25563205e-01
  6.25446902e-01  6.24562393e-01  6.23940387e-01  6.19199434e-01
  6.14886350e-01  6.04721810e-01  5.99426829e-01  5.86540046e-01
  5.85191290e-01  5.75165755e-01  5.73487119e-01  5.72914422e-01
  5.70874394e-01  5.67640424e-01  5.60116215e-01  5.59467452e-01
  5.58029082e-01  5.55297365e-01  5.52562125e-01  5.26970626e-01
  5.20172823e-01  5.19934231e-01  5.16931794e-01  5.16539175e-01
  5.05759649e-01  5.04467772e-01  5.04460464e-01  5.03157522e-01
  5.00790169e-01  4.99340811e-01  4.96050893e-01  4.94850927e-01
  4.90981775e-01  4.89729836e-01  4.89478320e-01  4.89143344e-01
  4.85634583e-01  4.81759558e-01  4.81411763e-01  4.80416376e-01
  4.75844512e-01  4.68484765e-01  4.68081790e-01  4.54056798e-01
  4.50003167e-01  4.48225425e-01  4.46753278e-01  4.41085105e-01
  4.36734590e-01  4.34952060e-01  4.34179344e-01  4.33131284e-01
  4.29146584e-01  4.28914801e-01  4.27890715e-01  4.22303997e-01
  4.18321400e-01  4.14949539e-01  4.14859232e-01  4.13915948e-01
  4.10865708e-01  4.09842613e-01  4.06004800e-01  3.96368077e-01
  3.94581159e-01  3.91654021e-01  3.90172971e-01  3.89752496e-01
  3.87248771e-01  3.86248000e-01  3.85910922e-01  3.84097038e-01
  3.84049511e-01  3.77370549e-01  3.73080618e-01  3.73073694e-01
  3.71982176e-01  3.65890135e-01  3.64909323e-01  3.62090912e-01
  3.55984372e-01  3.54308266e-01  3.46801295e-01  3.39349890e-01
  3.36987614e-01  3.22576451e-01  3.20202684e-01  3.18341817e-01
  3.16921443e-01  3.13944994e-01  3.07319159e-01  3.01210997e-01
  2.90417299e-01  2.88675337e-01  2.88120888e-01  2.85241304e-01
  2.82083430e-01  2.80026767e-01  2.75132604e-01  2.72861946e-01
  2.69536104e-01  2.68837886e-01  2.63004425e-01  2.52180778e-01
  2.47047468e-01  2.45309869e-01  2.43265647e-01  2.35143416e-01
  2.34570796e-01  2.32611981e-01  2.32557211e-01  2.29099031e-01
  2.24496333e-01  2.16471414e-01  2.14945750e-01  2.11195051e-01
  2.09034107e-01  2.07903399e-01  2.02351023e-01  2.01357758e-01
  1.97878654e-01  1.96644326e-01  1.69337409e-01  1.64664984e-01
  1.64288655e-01  1.60889426e-01  1.60395374e-01  1.59370217e-01
  1.56054205e-01  1.55421976e-01  1.51111279e-01  1.46730850e-01
  1.45693513e-01  1.44635542e-01  1.39066958e-01  1.29790733e-01
  1.28692163e-01  1.24557077e-01  1.20159804e-01  1.18508456e-01
  1.16632867e-01  1.15633597e-01  1.14939067e-01  1.14247349e-01
  1.12759190e-01  8.77440136e-02  8.41156832e-02  8.20710640e-02
  8.20094330e-02  7.97730250e-02  7.70464020e-02  7.39978029e-02
  7.25291666e-02  7.12514875e-02  5.83507472e-02  5.81940884e-02
  5.81742457e-02  5.08368306e-02  4.87773565e-02  4.60562190e-02
  4.56754150e-02  4.47983467e-02  3.54697822e-02  3.53965206e-02
  3.40969474e-02  3.39093708e-02  2.32869485e-02  2.23874932e-02
  2.22988815e-02  1.79133985e-02  1.76833574e-02  1.58228356e-02
  1.57365558e-02  6.74368383e-03  6.18524859e-03  5.48586272e-03
  1.02085483e-03 -1.44178197e-03 -2.63804216e-03 -5.25995673e-03
 -1.56280534e-02 -1.73659072e-02 -2.63300173e-02 -2.80141518e-02
 -3.98442632e-02 -4.03512789e-02 -4.05333461e-02 -4.42873410e-02
 -4.96628256e-02 -5.35812965e-02 -6.30418458e-02 -6.62679354e-02
 -6.74618972e-02 -7.48975494e-02 -7.49671439e-02 -8.19357550e-02
 -8.44858604e-02 -8.54835810e-02 -8.77474950e-02 -9.62552946e-02
 -9.86892791e-02 -1.00524804e-01 -1.02280389e-01 -1.03476134e-01
 -1.04300899e-01 -1.05164088e-01 -1.16862077e-01 -1.19221848e-01
 -1.22378167e-01 -1.27828225e-01 -1.27955318e-01 -1.29311020e-01
 -1.34144264e-01 -1.36088727e-01 -1.38033343e-01 -1.44369990e-01
 -1.44839212e-01 -1.45878018e-01 -1.45920269e-01 -1.54575082e-01
 -1.55691200e-01 -1.58382101e-01 -1.61420210e-01 -1.65119127e-01
 -1.67390508e-01 -1.70112891e-01 -1.72049980e-01 -1.72465136e-01
 -1.75236061e-01 -1.75738745e-01 -2.01605705e-01 -2.16619653e-01
 -2.17517697e-01 -2.20559232e-01 -2.29269497e-01 -2.31052018e-01
 -2.38265425e-01 -2.41704443e-01 -2.43279349e-01 -2.44542546e-01
 -2.49610607e-01 -2.52225122e-01 -2.53675053e-01 -2.58284403e-01
 -2.58557968e-01 -2.60444906e-01 -2.61168630e-01 -2.62031930e-01
 -2.70113902e-01 -2.83215193e-01 -2.86514662e-01 -2.90154589e-01
 -3.08173359e-01 -3.08444886e-01 -3.09398026e-01 -3.13848935e-01
 -3.16635935e-01 -3.18657451e-01 -3.27221240e-01 -3.31377921e-01
 -3.41599574e-01 -3.45610613e-01 -3.49188794e-01 -3.50484781e-01
 -3.52771723e-01 -3.53124218e-01 -3.55592955e-01 -3.55787676e-01
 -3.60709635e-01 -3.65428595e-01 -3.67885830e-01 -3.68401223e-01
 -3.70816462e-01 -3.70923821e-01 -3.71517087e-01 -3.74606522e-01
 -3.77466770e-01 -3.79929828e-01 -3.86717616e-01 -3.88406742e-01
 -3.94353406e-01 -3.96418541e-01 -3.98069466e-01 -4.01279203e-01
 -4.12342015e-01 -4.13748173e-01 -4.17604274e-01 -4.21813435e-01
 -4.26610649e-01 -4.36231125e-01 -4.40347829e-01 -4.53817695e-01
 -4.55300975e-01 -4.56802793e-01 -4.61383762e-01 -4.61864460e-01
 -4.72511126e-01 -4.72785688e-01 -4.83927759e-01 -4.96684403e-01
 -5.05185963e-01 -5.10691505e-01 -5.21920727e-01 -5.22932500e-01
 -5.38505928e-01 -5.40748072e-01 -5.41884637e-01 -5.64556534e-01
 -5.65784491e-01 -5.75522588e-01 -5.83158021e-01 -5.91764728e-01
 -6.08786228e-01 -6.10000668e-01 -6.22990521e-01 -6.23517185e-01
 -6.23903084e-01 -6.24680542e-01 -6.43353266e-01 -6.44692929e-01
 -7.04472571e-01 -7.15374053e-01 -7.42960938e-01 -7.63615161e-01
 -8.00946240e-01 -8.03124693e-01 -8.25466730e-01 -8.26377336e-01
 -8.39615263e-01 -8.49461460e-01 -8.65278711e-01 -8.83218707e-01
 -9.47313629e-01 -9.51739209e-01 -9.95035249e-01 -1.02774876e+00
 -1.03007298e+00 -1.04710950e+00 -1.05701188e+00 -1.07511005e+00
 -1.08561753e+00 -1.13241703e+00 -1.14629283e+00 -1.16973167e+00
 -1.26082367e+00 -1.27934397e+00 -1.29971010e+00 -1.42664450e+00
 -1.55428816e+00]