[-2.19474936e-01  1.05460109e+00  9.83239744e-01  5.48652602e-01
  5.08798178e-01  2.55484694e-01  1.05733738e-01  4.27261643e-01
  1.31273695e-01  5.22489882e-01  9.71830815e-01  1.28553264e-01
 -4.70919741e-01  1.02511615e+00 -1.78458743e-01  8.42309199e-01
  3.42557721e-01  3.70768058e-01  1.76694304e-01  1.99612666e-01
  3.53847185e-01  2.08942775e-01  1.62215117e+00  8.12830593e-01
  1.38262489e+00  1.09062402e+00  4.21705158e-01  3.13237337e-02
  6.35210247e-01 -1.98518618e-02  7.64570156e-01 -1.61135269e+00
  8.65773981e-02  8.48420239e-01  1.09066450e-01 -6.21459031e-01
  1.33276656e-02 -6.85552615e-02 -7.68067699e-02  5.74204025e-01
  2.44741545e-01  3.41855140e-01  4.30161028e-01  1.90493564e-01
  1.43073094e-01  9.74327790e-01  4.74674292e-01  8.17696624e-01
  6.52841905e-01 -2.42303936e-01 -1.78022674e-01  7.00202622e-01
  1.47640024e-01  3.19482129e-01 -3.10062023e-01  1.81881738e-02
  1.02085151e+00 -2.99085915e-01  3.23034612e-01  3.64696428e-01
 -8.97016214e-04  9.24676616e-01  4.14570190e-01 -1.70814098e-01
  3.45141657e-01 -4.86513648e-01  5.53053058e-01  3.54999773e-01
  3.72651423e-01  1.27854876e+00  8.25230850e-01  2.90876470e-01
  5.67819847e-01 -6.57309700e-01  6.67446170e-01  4.00398304e-01
 -1.86166578e-01  8.47666621e-01  1.06309399e+00  6.01000478e-01
 -1.50238251e-01  9.29791706e-01  5.05492265e-01 -1.39143062e-01
 -5.17781058e-01  8.66920295e-01  1.22100055e+00  1.61582159e-01
  1.09434574e+00  2.02604339e-02  6.59820203e-01  5.22814916e-01
 -2.29051862e-01  1.24336485e+00  8.13654425e-01  1.51725694e-01
 -5.25730446e-01  1.00191526e+00  5.33610814e-01  1.27473840e+00
 -5.94798600e-01  3.54549849e-01 -2.76085845e-01  4.98608824e-01
 -2.37390115e-02  9.91864888e-01 -4.62401268e-01  4.42572169e-01
  9.74882467e-01  2.75595366e-01 -7.60899087e-02  5.38480251e-01
 -4.14873565e-02  4.43133459e-01 -4.05301360e-01  8.13925440e-01
  1.17315208e+00 -8.16110744e-01  1.19211279e-01  3.09319669e-01
  8.51970746e-01  7.26179819e-01  7.29532347e-01  4.73736318e-01
 -6.60740466e-01 -1.14023740e+00  3.84881578e-01  9.11600163e-01
  2.55573975e-01  1.13726494e+00 -8.67847224e-01  8.18364270e-01
 -3.94946321e-01  1.14109616e+00 -5.27839821e-01  8.44753053e-01
 -1.45219512e+00 -1.77883282e-01 -3.09045396e-01  8.51867904e-01
 -2.53013111e-02 -3.51650613e-02  7.45409082e-01  3.43574459e-01
  1.10219882e+00  7.65711702e-01  1.66943551e+00  1.39788650e-01
  3.04703322e-01  1.26229518e+00 -5.40478925e-01  1.22660517e+00
 -3.48825053e-01  1.24697044e+00  7.57521112e-01 -4.30409541e-01
  7.94350004e-01 -2.00926636e-03  6.65137720e-01  3.48403600e-01
 -5.06036244e-01  6.14483995e-02 -7.44315131e-02 -2.49694745e-02
 -3.25705551e-01  6.89581539e-01 -4.48898462e-01 -5.40524306e-01
  5.58462976e-01  2.65088626e-01  1.90500991e-01  4.60452440e-01
  2.50084680e-01  7.75338349e-01  8.42165973e-01  1.13592329e+00
  8.95051354e-01 -1.20082219e-01  1.45560592e+00  1.24655639e-01
  1.26442937e+00 -3.83876155e-01  7.02614458e-01  8.14387752e-02
  2.18124751e-01  1.06551887e+00  1.16090215e+00  2.97096572e-01
  1.13224270e+00  1.10164770e+00  1.78338206e-01  3.64214849e-01
  6.82598647e-01  6.91700897e-01  6.09166480e-01  1.58257959e+00
  6.88335064e-01  2.21960297e-01  7.36911338e-01  5.17724029e-01
  4.43767836e-01  7.64742682e-01  3.46527740e-01  4.30773387e-01
  1.54407460e+00 -5.70598932e-01 -3.76866973e-01  8.42758804e-01
  7.38345411e-01  1.92292625e-01 -2.60548365e-01  3.91223886e-01
  1.19183034e+00  9.36165402e-01 -3.00932103e-01 -6.68767095e-01
 -2.10169142e-01  1.13659183e+00  4.05059205e-01  6.79378950e-01
 -7.13115815e-01  7.02645276e-01 -2.93965009e-01 -8.89671444e-02
  2.10935744e-01  6.04522931e-01  5.48300227e-01 -3.12183037e-01
  6.96059058e-02 -4.48205397e-02 -9.97010312e-01  1.48285397e+00
  4.81539765e-01  8.16311169e-01 -4.59868094e-01 -7.02978515e-02
 -4.24717122e-01  7.76106308e-01  1.08949260e+00 -1.02515741e+00
  3.93984012e-01 -1.15657385e+00 -1.12859243e+00  8.18172209e-01
 -6.54890613e-01  1.25374621e+00 -6.76965447e-01 -1.30524126e-01
 -3.19153155e-01 -1.25755141e+00  7.43207794e-01  3.76472507e-01
  1.40296462e+00 -3.88362368e-01  4.91281635e-01  4.66587158e-01
  9.09218967e-01  8.73678583e-01  1.01969751e+00  1.07382727e+00
  1.06552098e+00 -3.42233225e-01  8.70380673e-01  3.84236042e-01
  6.14013556e-02 -2.12058006e-01  8.75124957e-01  6.30165628e-01
  8.47620121e-01 -2.40591165e-01  5.19459249e-01 -3.30396680e-01
  3.07308431e-01  1.19491475e+00 -1.11412840e+00 -3.70506087e-03
  3.68777923e-01 -3.51016994e-01  4.29836449e-01  8.35355620e-01
 -5.68505000e-01  6.71299499e-02  1.16317318e+00  1.09628038e+00
 -2.82375589e-01 -1.27325177e-01  1.16034275e+00  6.06363591e-01
  9.92976423e-02 -4.13870350e-02 -1.83230855e-01  4.14231874e-01
  1.67450999e-02  7.47952750e-01  6.62667820e-01  5.05532874e-01
  1.26564127e-01 -3.14960201e-01  1.10812644e+00  7.22027717e-01
 -7.71696881e-01  1.02029347e+00 -3.71026828e-01 -3.97694683e-01
  1.00201103e+00 -2.60227485e-01 -4.89638424e-01  4.57471010e-01
  8.76357057e-01 -1.21193632e-01  1.07948327e+00 -1.05631648e-01
 -6.99270732e-01  9.61596422e-01 -3.35896366e-01  1.02148780e+00
  8.29699676e-01 -1.09282494e-01  6.00167498e-01 -4.14807667e-01
  3.84039479e-01  5.63600178e-01 -4.45563237e-01  8.46467746e-01
  2.61475054e-01  1.49810450e+00  1.27027194e+00 -3.02151091e-02
  8.73117434e-01  7.29462388e-01  7.92242065e-01  1.32132925e+00
 -2.68182509e-01  2.12971130e-01  2.59257826e-01  2.34091032e-01
 -1.12058198e+00  4.74291172e-01  1.96166044e-01 -3.59975310e-01
 -3.12919494e-01  1.29529533e+00  8.55134897e-01  1.22068258e+00
  3.48467345e-01  6.69510609e-01  2.11906581e-01  4.90918287e-01
  6.02498401e-01  6.82649790e-02  6.98583314e-01  8.60147571e-01
 -1.73218135e-02  4.36149138e-01  3.64841745e-01  2.59539471e-01
  1.03098443e+00 -6.36840436e-01 -2.25839919e-01  1.16965544e+00
 -1.09946441e-01  1.42837136e+00 -7.10169101e-02  7.14837330e-01
  7.55239220e-01 -5.68905941e-01  3.19434632e-01 -5.55349154e-01
 -1.29341910e-01  1.11310793e-01  8.97993721e-01  5.06334518e-01
  9.54977704e-01  8.85942589e-01 -1.58526981e+00  1.33035969e-01
 -6.64152040e-03  9.56703218e-02  1.22014962e-01 -3.41519632e-01
  6.72362461e-01 -2.08580114e-01 -7.10518965e-01  4.77997157e-01
  5.79258923e-01  7.40794707e-02  6.58179478e-01  9.44154303e-01
  3.14858605e-01  9.80495576e-01 -4.54733620e-01 -4.97347085e-02
  1.72026091e-01  3.17491054e-01 -2.23245084e-01  6.95520342e-01
  3.03150136e-01  3.70589539e-01  2.03749238e-01 -4.72404462e-01
  1.75509198e-01  4.49597863e-02  7.77281926e-01 -1.11662892e-01
  1.18456759e+00 -1.32466984e-01  6.96779757e-01 -1.18890263e+00
 -1.00547938e-01  4.00788370e-01  1.23509462e-01  6.58237901e-01
  8.47337997e-01 -5.91866128e-01 -7.28391715e-01  2.05022415e-01
  4.22406385e-01  1.28779124e+00 -8.97445438e-02  1.22028888e+00
  6.11184344e-01 -4.16522721e-01 -1.43992389e+00  3.14252058e-01
  1.39442131e+00 -9.07474102e-01  8.65806289e-01 -5.52318602e-01
  1.58510456e+00  4.34930301e-01 -1.90868080e-02  1.97527692e-01
 -7.67089258e-02  5.46236826e-01  5.08903199e-02  4.08867387e-01
 -1.49541688e-01 -3.28944505e-01  9.05989227e-01  1.06807191e+00
 -1.26880598e-01  4.51136137e-01  7.90933409e-01  3.77001044e-01
 -7.10101553e-01  1.43701876e+00 -7.38772004e-01 -2.67796480e-01
 -7.00973681e-01  2.51830158e-01  2.37583748e-01  1.04060436e+00
 -7.39554256e-01  5.87265011e-01 -9.41003050e-01  4.04083177e-01
  4.28419818e-02  1.44738873e+00  2.08550148e-01 -3.11691806e-01
  1.20652760e+00  9.52754985e-01 -2.65494285e-01  5.91673642e-01
  8.37647572e-01  6.53737529e-01 -6.61282830e-01  4.65966605e-01
 -8.94191552e-02  9.64598972e-01  1.08479562e-01  4.85530603e-01
  6.70909485e-01  1.00717173e+00 -1.01323757e+00  4.64461758e-01
  1.23655962e+00  4.06893260e-01  4.89069535e-01  1.00936273e+00
  8.26749581e-01  6.71899204e-01  5.09560769e-01  4.80892466e-02
 -9.10507989e-01  1.01785350e+00  4.48012126e-01 -5.59164706e-01
 -2.10271601e-02 -2.23773299e-01  6.73097522e-01  7.22990578e-01
  3.73149980e-01  4.05289476e-01  6.09510805e-02 -4.94607734e-01
  1.03800072e+00  1.54682880e-02  1.43644175e-01  6.79436297e-01
  3.67618546e-01  5.01368855e-01  6.33340748e-01 -2.19053885e-01
  1.55971104e-01 -7.21296343e-01  1.19160549e+00  3.99078208e-01
  1.07522977e+00 -7.23650269e-02  9.58912402e-01 -5.11403210e-01
  4.87663979e-02 -5.47093452e-01  2.24253324e-01  9.86511598e-01
  8.06925694e-02 -1.02961382e+00  6.32271798e-01  5.00197368e-01
  9.42782132e-01 -3.83739448e-01  1.30002641e+00  1.15772147e-01
  7.61275035e-01  5.35257147e-01  2.46782788e-01  8.92074463e-01
 -4.05843717e-01  1.19761032e+00  2.04519483e-01  1.86511464e-01
  4.35368750e-01  3.99216610e-01 -1.63433125e-01 -2.44492737e-01
  6.56153281e-01  1.22330144e+00  1.35278583e+00  3.85262767e-01
 -5.32508914e-01 -8.14202906e-01 -6.01467837e-01  7.47665341e-01
  1.85501223e-01  8.33441274e-01  1.32870317e+00  5.92916839e-01
 -1.85181331e-02 -8.63111574e-01  9.33011058e-01 -3.20922555e-01
 -3.86584762e-01 -4.08074624e-01  6.43886211e-01 -1.44804211e-03
 -6.20372449e-01  5.11654057e-01  2.25218844e-01  6.21218164e-01
 -5.81254356e-01  6.28479086e-02 -5.32014510e-01  4.02279196e-01
  1.15564700e-01 -7.52226347e-01  2.74345097e-01 -1.52840676e+00
 -2.75220402e-02  4.13185112e-01  2.81806503e-01  2.02642464e-01
 -1.36472984e-01  7.30837490e-01  3.95409356e-03  6.91251031e-01
  1.24624128e+00  3.92173383e-01  1.12491605e+00  1.43819845e+00
  6.31697237e-01  4.09501487e-01  6.52245457e-01 -8.45008198e-01
 -3.11930470e-01  8.11269453e-01 -7.78936524e-01  8.86178317e-01
  3.29439253e-01  1.01726672e+00  4.41851636e-01 -2.54935617e-01
  1.19547268e+00 -5.05148784e-02  7.98761350e-02  3.28092780e-01
  4.65708269e-01  9.48233458e-01  1.62354228e-01  7.46423250e-01
  1.28177561e+00  4.71978173e-01  8.19124448e-01  1.45358445e-01
 -8.99293778e-02  7.54057605e-01 -4.08803898e-01  9.36995564e-01
  2.46960961e-01  7.02729060e-01  8.54909880e-02  8.30920372e-01
  7.54873170e-01  6.14602286e-02 -5.25360351e-01  3.83247410e-01
  3.40261113e-01  3.64012481e-01  1.29833641e+00  1.11204027e+00
 -3.03134937e-01  7.90279754e-01  1.66416104e-02  2.50872039e-01
  3.33327514e-01  2.55983665e-01  1.12140632e+00 -4.59732947e-01
 -4.20779359e-01  8.46064782e-01  1.10311712e+00 -5.03322852e-02
 -8.17349605e-01  3.91028227e-01  1.80902311e-01 -1.33886200e-01
 -5.17939035e-01  1.09017366e+00 -1.67711969e-01  2.10351168e-01
  9.36530734e-02 -4.65741786e-02 -2.23850002e-01  4.30553052e-01
 -2.15157533e-01 -2.31866327e-01  3.89960119e-01  3.95813599e-01
 -2.31594616e-01 -7.94359896e-02  7.17287309e-01  1.04579282e-01
  5.72239736e-01  6.32207372e-01  3.61653781e-01 -1.54801539e+00
 -1.55105036e-01  4.62551348e-01 -6.10213648e-01  1.20616321e+00
  8.28117325e-02  2.35835285e-01  1.39898378e+00 -6.28651733e-01
  7.50833232e-01  7.42523582e-01 -2.12416692e-02 -2.86270137e-01
  6.73989469e-01  7.80177453e-02  7.18350582e-01  4.73786096e-01
 -4.18023567e-01  2.70956625e-02  1.14074001e+00 -2.54954027e-02
  1.02934984e+00  7.66095195e-01  3.88758056e-01  5.68454372e-01
  4.84784223e-01  6.29393937e-02 -2.40267864e-01  1.03335579e+00
 -4.73348283e-01  1.22574430e+00  1.42731782e+00 -4.10131114e-01
 -1.94398816e-01 -1.97140818e-01  1.08370387e-01  6.24057636e-01
  2.69678477e-01  9.85163911e-02  1.09950135e+00  6.06240494e-01
  2.36281118e-01  3.04250898e-01  6.79648116e-01  3.36474013e-03
  7.28403401e-01  4.59359974e-01  1.41623281e+00  5.26373102e-01
  7.65797760e-01  2.25617514e-01 -7.98652803e-01 -2.19246665e-01
  4.84858332e-01  7.83677402e-01  6.26813444e-01  1.03273597e+00
  4.98815958e-01  2.63852603e-01  1.22229991e+00  4.22958470e-01
  3.19026102e-01  7.84584674e-01  1.23110728e+00  9.03007358e-01
  2.43084951e-02  4.23525401e-01 -4.63640549e-01 -1.17928265e-01
 -1.71152124e-01 -9.80150672e-01 -6.24722705e-01  1.76270155e-01
 -2.17041318e-01  2.07097222e-01  4.72877661e-01  3.71531408e-01
  1.12529996e+00 -3.85682504e-01  5.81764063e-01 -7.08956981e-02
  9.97617200e-01 -3.95423067e-01 -5.41057927e-01  4.07508945e-01
 -1.10350523e+00  9.77919888e-01  1.10144463e+00  5.50124647e-01
  2.84185238e-01  1.52931532e+00 -2.45789486e-01  6.90547270e-02
  6.14586294e-01 -3.02287485e-02  6.54305551e-01  3.85844758e-01
  1.32159812e-01  7.96722639e-01  6.57919815e-01  3.44929816e-01
  1.44515719e+00  8.02930588e-01 -2.54185754e-01  3.40225479e-01
 -3.60646565e-01  1.05363706e+00  8.82157452e-01  8.81787457e-01
 -6.97863877e-02  2.96666255e-01 -1.22557126e+00 -8.16953971e-02
 -5.39946522e-02  1.34705559e+00 -5.79984742e-01  1.20230193e+00
  3.88220122e-01  6.37004621e-01  2.30839246e-02  1.33211469e+00
 -4.87357502e-01  1.00931481e+00  6.08362925e-01  8.13227520e-01
  2.97443595e-01 -1.81809774e-01  3.10315203e-01  2.16140445e-01
  9.44505017e-01  3.05258332e-01  9.15999927e-01 -5.51999995e-01
  4.81744246e-01  8.87341948e-01  6.61665333e-02  1.48209788e+00
  1.04813766e+00  1.19801392e+00  1.27730720e+00  3.95934197e-01
  9.86428653e-01  7.64710639e-01 -2.87812519e-01 -3.14049323e-01
  1.26201749e+00 -1.98822154e-01  9.04903069e-02  2.49069876e-01
  6.17763260e-01  3.24466962e-01  1.08419680e+00  6.80409841e-01
  2.82140303e-01  8.85424040e-02  4.75328434e-01  3.53854550e-01
  3.64864079e-01  4.58529095e-01  3.48402576e-01  4.70680958e-01
 -1.97149834e-01 -1.36288769e+00  8.85060683e-01  8.98040269e-01
  1.00885832e+00  6.37085442e-01  4.37954998e-01 -7.46560607e-01
  1.17112275e+00  9.89728055e-01 -4.45352429e-01  2.42633414e-01
  6.83473741e-01  1.44662050e+00  1.23778136e-02  7.76049383e-01
  4.25687848e-01  3.94526289e-01  9.29036072e-01  2.68813355e-01
  1.57079855e-01  9.62207342e-01  1.43071752e-01  8.51316212e-02
  5.00580235e-01  4.64932006e-01  6.56181293e-01  2.71606666e-01
  2.81644052e-01  9.86957920e-01 -7.42606569e-02  6.48611238e-02
  1.09337377e+00  5.41511515e-01 -3.41180472e-02  1.36842205e+00
  5.78420524e-01  1.21458758e+00  9.53239678e-01  6.69571797e-01
  7.64073215e-01  9.61971230e-01  6.36037845e-01  3.79547943e-01
  5.36062087e-01 -9.61600496e-01 -1.64093711e-01 -1.39986436e-01
  3.69331321e-02 -2.52053300e-01  4.68939809e-01 -1.28024246e-02
  9.33262281e-01  4.63135220e-01  5.86660488e-01  3.26005459e-01
  8.61515890e-02 -5.41495899e-01 -5.06442828e-01  9.25420024e-01
  2.30024735e-03 -3.54943272e-01 -1.13742093e+00  6.00124557e-02
  1.11084670e+00  1.26456149e-01  1.06867907e+00  3.41669222e-01
  7.74930342e-01 -8.85149246e-02  8.04932991e-04 -7.08405670e-02
  4.09345470e-02  1.62979199e-01 -1.19866068e-01  1.12120027e+00
 -5.63573213e-01 -8.77929177e-01  6.64482450e-01  1.27978487e+00
  2.26844826e-01  4.17007786e-01 -1.53653879e-01  6.01046270e-01
  5.05957167e-01  1.01164564e+00  6.27624572e-01 -8.71482811e-01
  6.83550931e-01  1.01084996e+00  1.90858382e-01 -3.22700890e-01
  1.04390947e+00  3.33791090e-01 -5.73039830e-01  4.47037284e-01
  5.42250369e-01  5.00058990e-01  1.43591403e+00  1.16161518e+00
  1.31541723e-01  6.58642740e-01  2.43588732e-01 -2.98955921e-01
 -1.91285506e-01  6.16123070e-01  1.12334897e+00 -1.90773439e-01
  4.79576936e-01  4.58027769e-01 -4.32773144e-01 -3.53886060e-01
  6.58432511e-01  4.66739244e-01 -5.54207923e-02  4.04745619e-01
  1.94600334e-01  1.07371739e+00  5.07695309e-01  6.19197962e-01
  6.22491082e-01  1.77015318e-01  1.19406421e+00  6.93857701e-02
  8.02880524e-01 -3.14453633e-01 -1.06089326e-01  1.29788562e+00
 -5.57770608e-01 -3.91723352e-01  5.50820449e-01  2.97824035e-01
  4.68126130e-01  1.20537073e+00  3.62537577e-01  4.55187184e-01
  1.41432137e-01 -1.64868130e-01  3.53093189e-01  5.34725341e-01
  6.29374976e-02 -1.55317160e-01  4.07818317e-01  1.68244850e-02
  1.46383929e+00  5.07675924e-01  4.59356109e-01  6.81201801e-01
  1.50536125e-01  3.11461128e-01 -2.57545497e-01  8.42768796e-01
 -2.91201759e-01 -3.68776526e-01  3.74472763e-01 -3.36544129e-02
  5.54030766e-01 -4.36182878e-01  4.11940005e-01 -6.73603814e-01
  7.12274471e-01  8.24219462e-01  8.47075628e-01  2.96998293e-01
 -8.85531061e-01  5.16372687e-01  9.71982587e-01  9.50749249e-02
  6.46792734e-01  6.81938907e-01 -4.45236871e-02  6.76796486e-01
 -2.43105765e-01 -4.39336670e-01 -2.59245461e-01  1.26981687e+00
  5.67509095e-01 -5.95496210e-03  8.92726594e-01 -3.45549797e-02
  7.38371768e-01 -3.33582131e-01  1.48261480e+00  7.01794368e-01]