[0.         0.         0.00396825 0.00396825 0.00793651 0.00793651
 0.00992063 0.00992063 0.01984127 0.01984127 0.02777778 0.02777778
 0.03769841 0.03769841 0.04166667 0.04166667 0.0515873  0.0515873
 0.05555556 0.05555556 0.06150794 0.06150794 0.06349206 0.06349206
 0.06547619 0.06547619 0.06944444 0.06944444 0.07142857 0.07142857
 0.0734127  0.0734127  0.07539683 0.07539683 0.07936508 0.07936508
 0.09722222 0.09722222 0.10119048 0.10119048 0.10714286 0.10714286
 0.10912698 0.10912698 0.11111111 0.11111111 0.11507937 0.11507937
 0.11904762 0.11904762 0.12301587 0.12301587 0.12698413 0.12698413
 0.13095238 0.13095238 0.13293651 0.13293651 0.14285714 0.14285714
 0.14880952 0.14880952 0.15873016 0.15873016 0.16468254 0.16468254
 0.16865079 0.16865079 0.1765873  0.1765873  0.17857143 0.17857143
 0.18650794 0.18650794 0.19246032 0.19246032 0.1984127  0.1984127
 0.20039683 0.20039683 0.20833333 0.20833333 0.21230159 0.21230159
 0.21626984 0.21626984 0.22222222 0.22222222 0.2281746  0.2281746
 0.23015873 0.23015873 0.23214286 0.23214286 0.24801587 0.24801587
 0.25       0.25       0.25396825 0.25396825 0.26190476 0.26190476
 0.26388889 0.26388889 0.2718254  0.2718254  0.27380952 0.27380952
 0.27579365 0.27579365 0.27777778 0.27777778 0.28968254 0.28968254
 0.29365079 0.29365079 0.29563492 0.29563492 0.29761905 0.29761905
 0.30357143 0.30357143 0.30555556 0.30555556 0.31150794 0.31150794
 0.31349206 0.31349206 0.31547619 0.31547619 0.3234127  0.3234127
 0.32539683 0.32539683 0.33134921 0.33134921 0.33531746 0.33531746
 0.3452381  0.3452381  0.34722222 0.34722222 0.35912698 0.35912698
 0.36309524 0.36309524 0.36904762 0.36904762 0.37301587 0.37301587
 0.375      0.375      0.37896825 0.37896825 0.38293651 0.38293651
 0.38888889 0.38888889 0.39087302 0.39087302 0.39880952 0.39880952
 0.40079365 0.40079365 0.41269841 0.41269841 0.41468254 0.41468254
 0.41666667 0.41666667 0.41865079 0.41865079 0.42460317 0.42460317
 0.4265873  0.4265873  0.42857143 0.42857143 0.43055556 0.43055556
 0.43253968 0.43253968 0.43452381 0.43452381 0.43849206 0.43849206
 0.44047619 0.44047619 0.44246032 0.44246032 0.4484127  0.4484127
 0.45039683 0.45039683 0.45238095 0.45238095 0.46031746 0.46031746
 0.46825397 0.46825397 0.47222222 0.47222222 0.48015873 0.48015873
 0.48214286 0.48214286 0.49206349 0.49206349 0.49404762 0.49404762
 0.49603175 0.49603175 0.49801587 0.49801587 0.50595238 0.50595238
 0.50992063 0.50992063 0.51190476 0.51190476 0.51388889 0.51388889
 0.51785714 0.51785714 0.51984127 0.51984127 0.52777778 0.52777778
 0.53174603 0.53174603 0.54563492 0.54563492 0.54761905 0.54761905
 0.54960317 0.54960317 0.5515873  0.5515873  0.55357143 0.55357143
 0.55753968 0.55753968 0.55952381 0.55952381 0.56349206 0.56349206
 0.56944444 0.56944444 0.5734127  0.5734127  0.57539683 0.57539683
 0.57738095 0.57738095 0.57936508 0.57936508 0.58134921 0.58134921
 0.58333333 0.58333333 0.58531746 0.58531746 0.58730159 0.58730159
 0.58928571 0.58928571 0.59126984 0.59126984 0.59325397 0.59325397
 0.59722222 0.59722222 0.60515873 0.60515873 0.60912698 0.60912698
 0.61111111 0.61111111 0.61507937 0.61507937 0.62301587 0.62301587
 0.625      0.625      0.63293651 0.63293651 0.63492063 0.63492063
 0.63690476 0.63690476 0.64087302 0.64087302 0.65079365 0.65079365
 0.65277778 0.65277778 0.6547619  0.6547619  0.65674603 0.65674603
 0.65873016 0.65873016 0.66269841 0.66269841 0.66468254 0.66468254
 0.67063492 0.67063492 0.67261905 0.67261905 0.6765873  0.6765873
 0.67857143 0.67857143 0.68055556 0.68055556 0.68253968 0.68253968
 0.68452381 0.68452381 0.68650794 0.68650794 0.68849206 0.68849206
 0.69047619 0.69047619 0.70039683 0.70039683 0.70833333 0.70833333
 0.71428571 0.71428571 0.71626984 0.71626984 0.71825397 0.71825397
 0.7202381  0.7202381  0.72222222 0.72222222 0.72619048 0.72619048
 0.7281746  0.7281746  0.73214286 0.73214286 0.73412698 0.73412698
 0.73809524 0.73809524 0.74206349 0.74206349 0.75198413 0.75198413
 0.75793651 0.75793651 0.76587302 0.76587302 0.76984127 0.76984127
 0.77380952 0.77380952 0.78373016 0.78373016 0.78968254 0.78968254
 0.79761905 0.79761905 0.80952381 0.80952381 0.81150794 0.81150794
 0.81349206 0.81349206 0.81746032 0.81746032 0.81944444 0.81944444
 0.82539683 0.82539683 0.82738095 0.82738095 0.82936508 0.82936508
 0.83333333 0.83333333 0.83730159 0.83730159 0.83928571 0.83928571
 0.84325397 0.84325397 0.84920635 0.84920635 0.8531746  0.8531746
 0.85515873 0.85515873 0.86507937 0.86507937 0.86706349 0.86706349
 0.87103175 0.87103175 0.87301587 0.87301587 0.87698413 0.87698413
 0.87896825 0.87896825 0.88095238 0.88095238 0.88690476 0.88690476
 0.88888889 0.88888889 0.89087302 0.89087302 0.89484127 0.89484127
 0.8968254  0.8968254  0.89880952 0.89880952 0.90277778 0.90277778
 0.90674603 0.90674603 0.91071429 0.91071429 0.91468254 0.91468254
 0.91865079 0.91865079 0.92261905 0.92261905 0.92460317 0.92460317
 0.92857143 0.92857143 0.93452381 0.93452381 0.94246032 0.94246032
 0.9484127  0.9484127  0.95634921 0.95634921 0.96031746 0.96031746
 0.96230159 0.96230159 0.96825397 0.96825397 0.97420635 0.97420635
 0.97619048 0.97619048 0.98015873 0.98015873 0.98412698 0.98412698
 0.98611111 0.98611111 0.98809524 0.98809524 0.99007937 0.99007937
 0.99603175 0.99603175 1.         1.        ]