[ 2.66943551e+00  1.66943551e+00  1.58510456e+00  1.58257959e+00
  1.52931532e+00  1.49810450e+00  1.48261480e+00  1.46383929e+00
  1.45560592e+00  1.44662050e+00  1.44515719e+00  1.43819845e+00
  1.43701876e+00  1.43591403e+00  1.42731782e+00  1.41623281e+00
  1.38262489e+00  1.36842205e+00  1.34705559e+00  1.29529533e+00
  1.28779124e+00  1.27978487e+00  1.27854876e+00  1.26442937e+00
  1.26229518e+00  1.24697044e+00  1.23655962e+00  1.22330144e+00
  1.22229991e+00  1.22100055e+00  1.22068258e+00  1.20537073e+00
  1.20230193e+00  1.19183034e+00  1.19160549e+00  1.16161518e+00
  1.16034275e+00  1.14109616e+00  1.14074001e+00  1.13592329e+00
  1.13224270e+00  1.12491605e+00  1.12120027e+00  1.11204027e+00
  1.11084670e+00  1.09062402e+00  1.09017366e+00  1.08419680e+00
  1.07948327e+00  1.07371739e+00  1.06807191e+00  1.06309399e+00
  1.05460109e+00  1.05363706e+00  1.04390947e+00  1.03800072e+00
  1.03335579e+00  1.02934984e+00  1.02511615e+00  1.02029347e+00
  1.01785350e+00  1.01726672e+00  1.01164564e+00  1.01084996e+00
  1.00936273e+00  1.00885832e+00  1.00201103e+00  1.00191526e+00
  9.97617200e-01  9.89728055e-01  9.86428653e-01  9.80495576e-01
  9.77919888e-01  9.74327790e-01  9.71982587e-01  9.71830815e-01
  9.61971230e-01  9.58912402e-01  9.54977704e-01  9.36995564e-01
  9.36165402e-01  9.29036072e-01  9.25420024e-01  9.15999927e-01
  9.05989227e-01  8.92726594e-01  8.92074463e-01  8.85942589e-01
  8.82157452e-01  8.81787457e-01  8.76357057e-01  8.66920295e-01
  8.60147571e-01  8.55134897e-01  8.48420239e-01  8.47620121e-01
  8.47337997e-01  8.46064782e-01  8.44753053e-01  8.30920372e-01
  8.29699676e-01  8.25230850e-01  8.24219462e-01  8.18172209e-01
  8.17696624e-01  8.13654425e-01  8.11269453e-01  8.02930588e-01
  8.02880524e-01  7.92242065e-01  7.90933409e-01  7.90279754e-01
  7.83677402e-01  7.77281926e-01  7.76106308e-01  7.76049383e-01
  7.75338349e-01  7.65797760e-01  7.65711702e-01  7.64742682e-01
  7.64710639e-01  7.64570156e-01  7.55239220e-01  7.54057605e-01
  7.50833232e-01  7.47952750e-01  7.47665341e-01  7.45409082e-01
  7.38345411e-01  7.36911338e-01  7.30837490e-01  7.22990578e-01
  7.22027717e-01  7.17287309e-01  7.02729060e-01  7.01794368e-01
  7.00202622e-01  6.95520342e-01  6.91700897e-01  6.91251031e-01
  6.83550931e-01  6.83473741e-01  6.81938907e-01  6.80409841e-01
  6.79648116e-01  6.76796486e-01  6.73989469e-01  6.73097522e-01
  6.72362461e-01  6.71899204e-01  6.70909485e-01  6.69571797e-01
  6.69510609e-01  6.65137720e-01  6.64482450e-01  6.59820203e-01
  6.58642740e-01  6.58237901e-01  6.56181293e-01  6.54305551e-01
  6.52841905e-01  6.43886211e-01  6.36037845e-01  6.32271798e-01
  6.27624572e-01  6.26813444e-01  6.22491082e-01  6.21218164e-01
  6.19197962e-01  6.16123070e-01  6.14586294e-01  5.92916839e-01
  5.86660488e-01  5.78420524e-01  5.68454372e-01  5.67819847e-01
  5.63600178e-01  5.50124647e-01  5.46236826e-01  5.38480251e-01
  5.36062087e-01  5.33610814e-01  5.22814916e-01  5.19459249e-01
  5.17724029e-01  5.16372687e-01  5.08798178e-01  5.07695309e-01
  5.06334518e-01  5.05957167e-01  5.01368855e-01  4.91281635e-01
  4.90918287e-01  4.84784223e-01  4.81744246e-01  4.79576936e-01
  4.77997157e-01  4.75328434e-01  4.74674292e-01  4.73786096e-01
  4.73736318e-01  4.72877661e-01  4.71978173e-01  4.70680958e-01
  4.68126130e-01  4.66739244e-01  4.63135220e-01  4.59356109e-01
  4.58529095e-01  4.58027769e-01  4.57471010e-01  4.48012126e-01
  4.43133459e-01  4.42572169e-01  4.36149138e-01  4.34930301e-01
  4.30553052e-01  4.30161028e-01  4.22958470e-01  4.22406385e-01
  4.21705158e-01  4.17007786e-01  4.14231874e-01  4.13185112e-01
  4.11940005e-01  4.08867387e-01  4.06893260e-01  4.04083177e-01
  4.02279196e-01  4.00788370e-01  4.00398304e-01  3.95813599e-01
  3.94526289e-01  3.93984012e-01  3.92173383e-01  3.88758056e-01
  3.84236042e-01  3.77001044e-01  3.74472763e-01  3.71531408e-01
  3.70768058e-01  3.70589539e-01  3.68777923e-01  3.67618546e-01
  3.64864079e-01  3.64841745e-01  3.64012481e-01  3.61653781e-01
  3.54999773e-01  3.54549849e-01  3.53854550e-01  3.53847185e-01
  3.53093189e-01  3.48467345e-01  3.48403600e-01  3.46527740e-01
  3.44929816e-01  3.42557721e-01  3.41855140e-01  3.29439253e-01
  3.28092780e-01  3.24466962e-01  3.19482129e-01  3.14858605e-01
  3.14252058e-01  3.10315203e-01  3.07308431e-01  3.04703322e-01
  2.97824035e-01  2.90876470e-01  2.84185238e-01  2.81806503e-01
  2.65088626e-01  2.63852603e-01  2.61475054e-01  2.59539471e-01
  2.59257826e-01  2.55983665e-01  2.55484694e-01  2.49069876e-01
  2.46960961e-01  2.46782788e-01  2.43588732e-01  2.35835285e-01
  2.25617514e-01  2.25218844e-01  2.24253324e-01  2.21960297e-01
  2.18124751e-01  2.16140445e-01  2.12971130e-01  2.10351168e-01
  2.08942775e-01  2.08550148e-01  2.05022415e-01  2.02642464e-01
  1.99612666e-01  1.97527692e-01  1.96166044e-01  1.94600334e-01
  1.90500991e-01  1.86511464e-01  1.85501223e-01  1.80902311e-01
  1.72026091e-01  1.62354228e-01  1.61582159e-01  1.55971104e-01
  1.50536125e-01  1.47640024e-01  1.43644175e-01  1.41432137e-01
  1.39788650e-01  1.33035969e-01  1.32159812e-01  1.31273695e-01
  1.28553264e-01  1.23509462e-01  1.19211279e-01  1.15564700e-01
  1.11310793e-01  1.09066450e-01  1.05733738e-01  1.04579282e-01
  9.85163911e-02  9.50749249e-02  8.51316212e-02  8.28117325e-02
  8.14387752e-02  8.06925694e-02  6.96059058e-02  6.90547270e-02
  6.82649790e-02  6.71299499e-02  6.14483995e-02  6.00124557e-02
  4.28419818e-02  4.09345470e-02  2.70956625e-02  2.43084951e-02
  2.30839246e-02  2.02604339e-02  1.23778136e-02  3.95409356e-03
  2.30024735e-03  8.04932991e-04 -2.00926636e-03 -5.95496210e-03
 -1.28024246e-02 -1.73218135e-02 -1.85181331e-02 -1.90868080e-02
 -1.98518618e-02 -2.10271601e-02 -2.54954027e-02 -2.75220402e-02
 -3.02287485e-02 -3.36544129e-02 -3.45549797e-02 -3.51650613e-02
 -4.65741786e-02 -4.97347085e-02 -5.39946522e-02 -5.54207923e-02
 -6.97863877e-02 -7.08405670e-02 -7.08956981e-02 -7.10169101e-02
 -7.23650269e-02 -8.16953971e-02 -8.89671444e-02 -8.99293778e-02
 -1.00547938e-01 -1.05631648e-01 -1.11662892e-01 -1.21193632e-01
 -1.27325177e-01 -1.29341910e-01 -1.32466984e-01 -1.39986436e-01
 -1.53653879e-01 -1.55105036e-01 -1.67711969e-01 -1.70814098e-01
 -1.71152124e-01 -1.77883282e-01 -1.78022674e-01 -1.81809774e-01
 -1.91285506e-01 -1.94398816e-01 -1.97149834e-01 -1.98822154e-01
 -2.12058006e-01 -2.17041318e-01 -2.19246665e-01 -2.23245084e-01
 -2.23773299e-01 -2.40267864e-01 -2.42303936e-01 -2.43105765e-01
 -2.59245461e-01 -2.60227485e-01 -2.60548365e-01 -2.65494285e-01
 -2.67796480e-01 -2.68182509e-01 -2.87812519e-01 -2.91201759e-01
 -2.99085915e-01 -3.03134937e-01 -3.09045396e-01 -3.10062023e-01
 -3.11691806e-01 -3.12183037e-01 -3.20922555e-01 -3.22700890e-01
 -3.28944505e-01 -3.30396680e-01 -3.33582131e-01 -3.35896366e-01
 -3.41519632e-01 -3.51016994e-01 -3.59975310e-01 -3.60646565e-01
 -3.68776526e-01 -3.71026828e-01 -3.76866973e-01 -3.83739448e-01
 -3.83876155e-01 -3.88362368e-01 -3.95423067e-01 -3.97694683e-01
 -4.08803898e-01 -4.10131114e-01 -4.14807667e-01 -4.16522721e-01
 -4.20779359e-01 -4.24717122e-01 -4.32773144e-01 -4.39336670e-01
 -4.54733620e-01 -4.59732947e-01 -4.59868094e-01 -4.62401268e-01
 -4.70919741e-01 -4.73348283e-01 -4.86513648e-01 -4.89638424e-01
 -4.94607734e-01 -5.06442828e-01 -5.11403210e-01 -5.17781058e-01
 -5.25360351e-01 -5.25730446e-01 -5.41057927e-01 -5.41495899e-01
 -5.63573213e-01 -5.68505000e-01 -5.81254356e-01 -6.10213648e-01
 -6.21459031e-01 -6.36840436e-01 -6.54890613e-01 -6.68767095e-01
 -6.76965447e-01 -7.10518965e-01 -7.21296343e-01 -7.28391715e-01
 -7.71696881e-01 -7.78936524e-01 -8.17349605e-01 -8.45008198e-01
 -8.71482811e-01 -8.85531061e-01 -9.10507989e-01 -9.61600496e-01
 -9.97010312e-01 -1.02961382e+00 -1.15657385e+00 -1.18890263e+00
 -1.36288769e+00 -1.45219512e+00 -1.58526981e+00 -1.61135269e+00]