[-2.06691486e-01  1.63548897e-02  4.49306666e-01  9.41442330e-01
  2.55340884e-01  1.33904038e+00  1.13505800e-01 -6.43020542e-01
 -1.17872963e-01  9.08805443e-01  7.05281009e-01  4.71717019e-01
  8.88280606e-01 -4.60147812e-01  2.78308511e-02  1.27619484e+00
 -2.50014032e-01 -6.65489061e-01 -5.12320620e-01  8.07844322e-01
  3.78743316e-03  5.85481326e-01 -5.97537421e-01  8.95358367e-01
  3.95976492e-01 -7.11855350e-01  4.69639130e-01 -1.68504734e-02
  7.12779910e-02 -1.75262649e-01  8.40240766e-01 -9.77778729e-02
  1.36053053e-01  4.66033027e-02  8.72377244e-01  1.95753365e-01
 -6.58728891e-03  1.60790134e+00  7.62046067e-01  4.22521707e-01
 -1.65575811e-01  7.27269943e-01  1.00080405e+00 -3.05847972e-01
  8.58639099e-01  5.28412259e-01  1.04267016e+00  1.03820485e+00
  5.20827679e-02  9.76424886e-01  3.02473291e-01  4.45241037e-01
  9.05329720e-01  3.33303265e-02  4.30750020e-01  1.09508240e+00
  5.90199697e-02  5.42324636e-01  2.88601525e-01  5.17679446e-01
  5.89473297e-01  9.35645224e-01  3.34873243e-01  1.34727690e-01
  1.18114107e+00  2.57261353e-01  7.23235742e-02  1.02472270e+00
 -1.21167672e-01  2.17525274e-01 -3.34738973e-01  2.89785250e-01
  7.90608512e-01 -1.31367630e-01  9.61277581e-01  6.88814905e-01
  1.79434121e-01  3.03339242e-01 -1.30176120e-01 -3.26820056e-01
  1.01742920e+00  1.89202243e-01  5.59738361e-01  7.34305391e-01
  4.28518643e-01  5.66814485e-02 -8.58349926e-01  1.12208692e+00
  3.19378491e-01  3.55694320e-01 -2.76462766e-01  1.24651178e+00
  4.68760221e-01  1.24349688e+00  6.45674932e-01  7.69742345e-01
  1.01074576e+00 -7.06184468e-01 -6.90281886e-01  1.03039675e+00
  4.96225134e-01 -3.48937228e-01  1.22748822e+00 -3.63952621e-01
  7.64408227e-01  2.30520862e-02  6.06631046e-01  9.61244740e-01
  1.50539679e+00  1.02100597e+00  9.45365282e-01 -3.19376177e-01
  4.91452689e-01  3.80658223e-02  1.09575486e+00  5.52444195e-01
 -1.65546739e+00 -3.16705732e-01  8.11033233e-01  1.00625756e+00
  4.86793950e-01 -4.34574468e-01  1.22778674e+00 -4.66553887e-02
  7.41290194e-01  6.94015657e-01 -6.12859004e-01 -5.25068427e-01
  2.00805444e-01  2.93886100e-01  8.44052030e-01  8.48500251e-02
 -2.59015217e-01  9.76381460e-03  6.64660834e-01  7.38997941e-01
 -1.48622969e-01 -3.75679400e-01  4.37120156e-01  4.58494957e-01
  4.79502956e-01  4.95131814e-02  5.60550836e-01  5.74806371e-01
 -4.80133193e-01  7.91059481e-01  1.07918113e+00  9.56021328e-01
  1.11283792e+00  3.62076946e-01  6.50164214e-01 -8.03451918e-01
  3.38087508e-01  9.74594468e-01  4.40686078e-01  1.34126058e-01
  4.81805208e-01 -1.13056468e+00 -6.80832639e-01  8.12157550e-01
  1.55284029e-01  5.36649705e-01 -8.40065264e-02  9.23626246e-01
  9.75784377e-01  1.10602605e+00  1.15300333e+00 -2.35468809e-01
  9.49493307e-01  2.57382378e-01  5.87482020e-01  9.75083951e-01
  6.54319081e-01  1.00612300e+00  2.12932688e-01  1.01175135e+00
  4.70607246e-01 -1.03676868e+00 -1.16639682e+00  1.04287733e+00
 -2.62115284e-01 -1.05234340e-01  2.83052276e-01  8.06080926e-01
  2.70043617e-01 -6.60013082e-01  8.74813480e-01  3.20192981e-01
  7.28614677e-01  9.35155243e-01  7.62201734e-01 -5.24969287e-02
  2.34241816e-01  8.93008507e-02  5.22852667e-01  9.18153185e-01
  4.78292458e-01  1.42136153e-02 -3.14135055e-01  3.20499915e-01
  1.72248460e-01 -4.51734156e-01  8.92988767e-01  3.54944613e-01
  7.60618980e-01 -4.20051694e-01 -3.52041513e-03  9.76879345e-01
  6.14503661e-01 -1.01335022e+00 -4.52064774e-01 -2.54970152e-01
  5.82728070e-01 -2.22017407e-01  3.87578430e-01  8.17558931e-01
  4.89451830e-01  7.16321658e-02 -2.66781469e-01  1.13972701e+00
 -3.37691481e-01  3.58183236e-01  8.24612873e-02 -3.65214355e-01
  6.29818544e-01  1.11723487e+00 -7.35476098e-02 -1.42721915e+00
  1.04484403e+00  1.64285681e-02  8.32664767e-01 -4.35113040e-02
  2.01384779e-01  6.87504921e-01  5.75260626e-01  4.96504011e-01
  1.31399413e+00 -8.12439291e-01  1.09923993e+00  2.56485382e-01
  1.49176192e+00  8.25315755e-01  3.13615809e-01  2.72229468e-02
  9.70214342e-01 -1.86546560e-01  2.36681669e-01 -1.36808686e-01
  1.14965714e+00  8.26089102e-01 -4.12688113e-01 -2.08632886e-01
  4.55296267e-01  5.87976776e-01  1.54965547e-01  4.20142448e-01
  8.45599387e-01  4.79727779e-01  6.77328086e-01  1.15761040e+00
 -9.14720668e-01  1.07732383e+00  3.89112314e-01  3.33673623e-01
  1.82738402e-01  1.07028842e+00  9.03149481e-01 -3.68111979e-01
  9.91161441e-01  2.29278127e-01 -7.83091287e-02  5.98105766e-01
  5.83950831e-01  6.63566420e-01  1.19379944e-01  8.49094580e-01
  2.75912736e-01  5.14898411e-01  3.90293347e-01  7.00759697e-01
  1.12966619e+00  9.65056848e-01  6.64428810e-01  5.46059914e-01
  4.79476324e-01 -2.15072696e-01  9.48172499e-01  6.80250219e-01
 -7.70752787e-02 -6.61273913e-03  5.30252805e-01 -4.10074624e-01
  6.16500419e-01 -2.37096428e-01 -5.72137501e-01  2.62649442e-01
  1.12737812e+00  3.67151639e-01  1.14694070e+00 -1.28955186e+00
  9.53489258e-01 -1.09513826e+00 -8.60246291e-02 -4.00670428e-01
  8.45431194e-01  1.95406394e-01  4.18218874e-01 -3.98718452e-01
  5.88180553e-01  1.11005771e+00 -7.03963845e-02  1.27848438e+00
  7.11739105e-02 -5.99093821e-01  2.98321814e-01  4.11772764e-02
 -5.92589033e-02 -1.14117097e-01  4.61086587e-01  1.54352552e-01
 -3.13518701e-02 -1.15797672e-01 -3.62172130e-01 -1.64608996e-01
  1.12270642e-01  2.05450767e-01 -6.52290997e-01  6.79583029e-01
 -6.27623403e-01 -3.91889062e-01  1.19456656e+00  8.03792717e-01
  1.48976863e-01  6.08482940e-01  1.80892973e-01 -1.32180454e-01
 -3.15594908e-01  1.02421877e+00  1.31226459e-01 -4.69952532e-01
  5.25538865e-01  1.05031548e+00  9.68989857e-01  1.01263518e+00
 -5.03598839e-01  4.87289538e-01  3.61886856e-01  1.52136363e-02
 -2.17842606e-01  4.38856403e-01  4.12811047e-01  2.89323520e-01
  4.65615415e-01  6.64171124e-02 -6.89630391e-01  7.46916863e-01
  6.78738291e-01  2.68321952e-01  5.62028831e-01  8.69542141e-01
 -3.05914073e-01  5.17511462e-01  9.32038390e-01  1.99096146e-01
 -3.07677821e-01  6.20895184e-01  7.64653591e-01 -5.20410635e-01
  1.15060693e+00  7.35875750e-01  8.95191541e-01  1.08819373e+00
  6.53447183e-01  9.42669764e-01  9.05996245e-01  3.06899483e-01
  9.05733240e-01  6.16227167e-01  3.56874804e-01  9.45613864e-01
  3.52948336e-01  9.62879440e-01  3.18554046e-01 -8.29677877e-01
  5.12192774e-01 -5.40962031e-01  6.59033076e-01  5.59853042e-01
  6.30055008e-01  1.80696192e-01  7.31703176e-01  6.39684935e-01
  7.55954993e-01 -8.71495731e-01 -3.79573109e-01 -6.49212770e-01
  3.43072282e-01  9.19892844e-01  1.10946352e+00  2.63822262e-02
 -6.72656661e-02  1.04881161e+00  7.36236376e-01  1.88492190e-01
  9.17708787e-02 -4.29946930e-01  7.90583764e-01 -1.53737606e-01
 -9.07800391e-01  5.05638307e-01  4.58815449e-01 -5.24385745e-01
  1.68222251e-02  4.59896046e-01  6.94724054e-01 -2.67679604e-01
 -6.55937873e-01 -3.98940357e-01  5.10272657e-01  6.03082460e-01
  4.44190674e-01 -4.55595309e-01  1.33082161e+00  6.75447990e-01
 -6.61523102e-01  6.89305299e-01  7.72443162e-01  7.15596653e-01
  8.99382021e-01 -9.14702085e-01  3.39465219e-01  1.46038085e+00
 -3.74205863e-01  1.23025940e+00 -6.80031398e-01  5.75363951e-02
  4.59654303e-01  5.09534186e-01  1.20265736e+00  1.14341231e+00
 -7.99689865e-02  1.00440803e+00  3.01109558e-01  1.04188255e+00
 -2.86174465e-01  3.33228593e-01  1.27545597e+00  1.20223261e+00
  4.50467345e-01  9.70809744e-01  8.97998711e-01  8.96119082e-01
  6.93580240e-01  2.03121894e-01  1.01323083e+00 -5.39690125e-02
 -4.78069425e-01  1.20229919e+00  6.57408698e-01  1.33084098e-01
  1.46902932e+00  8.57220200e-01  9.11883005e-01  3.62331767e-01
  1.92821457e-01  3.94939412e-01  3.02070208e-01  1.01048152e+00
  7.02887193e-01  4.29240643e-01 -1.05202971e+00  4.46494216e-01
  7.79232402e-02 -7.96304522e-01  4.99207865e-01  8.16067717e-01
 -3.78046288e-02  5.81794383e-01  9.93019254e-01  1.53571530e-01
 -2.25724136e-01  1.70572263e-01  2.98682435e-01  4.54088051e-01
 -6.85023689e-01  6.32420377e-01 -7.90247587e-02  2.33012017e-01
  1.22664317e+00  4.46524098e-01 -1.59847899e+00 -5.93105099e-01
 -1.14976740e-01  5.12676880e-01  2.26952807e-01 -2.11707700e-01
  4.19240130e-01  4.85649973e-02  3.39219930e-01  4.79651530e-01
  1.10662226e+00  1.58984343e-01  7.71227619e-01  9.09791742e-01
  1.27649458e+00  5.11663748e-01  1.51529206e-01 -2.48855923e-01
 -4.18468187e-01  1.29615204e+00  3.10547791e-01 -1.13961034e-01
  1.20965493e+00  6.02789109e-01  4.05468895e-01  6.47893768e-01
  9.87493412e-01 -1.66147395e-01  3.85962296e-01 -4.25623858e-01
 -3.10999675e-01  4.12679687e-01  5.64454080e-01 -2.02883755e-01
  5.47833880e-01  1.22527955e+00  8.35946581e-01  2.97610659e-01
 -3.38145680e-02  2.64511805e-01  6.68212738e-01 -3.75773298e-01
  8.23397787e-01  5.31407822e-01 -6.69824500e-02  7.63599565e-01
  3.72646470e-01  3.30342342e-01 -2.28102418e-01  7.56645992e-01
  2.56506364e-01 -9.71800051e-01  1.19917783e+00  6.26229280e-02
 -7.29524075e-01  2.55215113e-01 -6.15339841e-01  9.61561401e-01
  4.69582354e-01  6.46495231e-01  6.01123396e-01  4.00824144e-01
 -3.15987134e-01  1.00701609e-01  1.56991082e+00 -1.16886432e+00
  1.28064450e-01  1.09768455e+00  1.53427114e+00  1.36932875e+00
 -2.12239719e-02  7.01732639e-01  6.67420055e-01  4.54420376e-01
 -1.08493958e+00  5.65302697e-01  4.10735393e-01  5.48389059e-01
 -1.54890465e-01  3.27945556e-01 -2.52244863e-03  6.35420399e-01
 -3.20380572e-01  1.27743150e+00 -2.37283997e-01  3.17252202e-01
  6.70594888e-01  5.38044919e-01  5.88930695e-01  7.74939341e-01
 -7.91632174e-01  5.38700006e-01 -2.95530429e-01  9.87978023e-01
 -6.08419941e-01  6.82563242e-01  1.25345113e-01 -2.30159190e-01
  1.71376925e-01 -5.47048166e-01  7.13404596e-01  9.88809305e-01
  1.47383932e+00  3.27354848e-01  4.09588580e-01  4.35231541e-01
  6.57783388e-01  6.17907555e-02  1.35324528e-01  1.74366312e-03
  1.20406589e+00  3.36113529e-01  6.01997685e-02  2.87026390e-02
  7.68013293e-01 -3.22086312e-01 -2.63996999e-01 -4.43752053e-02
 -5.23266615e-01  4.96226431e-02  4.78666371e-01  5.06840881e-01
  8.49089887e-01  6.36167881e-01  1.21057517e+00 -6.14237157e-01
  3.67460035e-01  7.55590980e-02 -1.96511302e-01  5.17494851e-03
 -5.23672621e-01  1.54414965e-01 -2.69999422e-01  7.84698998e-01
  8.09121712e-01  3.47988507e-01  6.98316160e-01  2.47795429e-01
  9.05090114e-01 -2.07759554e-01  7.49533658e-01  1.13871063e+00
  1.85784036e-01  6.04772797e-01  4.05624573e-01 -9.94717488e-01
  5.35120508e-01  9.45805939e-01  1.72398687e-01  1.12538666e+00
  1.36736397e-01  9.10500513e-01  5.16209457e-01  1.85875422e-04
  3.06913743e-01 -2.96021963e-01  1.75663544e-01 -5.49719950e-01
 -2.79568311e-01  3.71074070e-01 -8.19058611e-01 -1.13273928e-01
 -1.26622818e+00  2.95541984e-01  1.08443155e+00 -6.98583898e-01
  7.44888726e-01 -3.62615623e-01  2.79914096e-01 -4.48592654e-02
  6.66548935e-01  3.43753831e-02  7.60596910e-01  1.01954516e+00
  3.42183173e-01  6.59058691e-01  1.50685059e+00 -2.21799308e-01
  6.14369937e-01  3.18622024e-01  7.02465750e-02  4.16562060e-01
  8.64228529e-02  1.21020339e+00 -1.37753530e-01  5.80402584e-02
 -5.78022817e-01  1.47113490e+00  1.15650489e-01  4.82264446e-01
  8.16926081e-01  2.02585186e-01 -2.43805236e-01  1.17591000e+00
  1.38258074e-02  1.18314574e+00  1.22072677e-02  4.43515264e-01
  1.73874364e-01  2.47023373e-01  1.28450161e+00  3.66817618e-01
 -3.58159110e-01 -1.64635375e-01  1.50519666e+00 -2.40640797e-02
  3.71393030e-01 -3.92348947e-01  1.21664417e+00  1.42485105e-01
 -5.59880438e-01  7.57002491e-01  9.14480846e-01 -2.20472968e-01
 -9.49321100e-02  4.83477998e-01 -8.94324721e-01 -3.40435486e-01
  2.65318476e-02  1.47475492e-01  3.60222210e-01  1.10389032e+00
  1.69188233e-01  9.82491795e-01  6.63023059e-01  9.44686194e-01
 -1.14775508e-01  8.87075712e-01  8.40037199e-01  7.31507218e-01
  1.48581161e-01  6.53675547e-01  7.03991499e-01  3.31330533e-01
 -3.14821714e-01  6.88919245e-01 -1.20271509e+00 -1.39731219e-01
  7.96966060e-01  1.63716366e-01  5.99287571e-01 -6.08115126e-01
  7.71997539e-01  3.03670260e-01  2.15683765e-01  5.27616433e-01
  8.14997614e-03  5.56550992e-01  4.22428780e-01 -2.74277222e-01
  6.61452399e-01  1.47635748e+00  7.01496794e-01  1.32198125e+00
 -5.48597526e-01  1.58115290e-01 -8.62422987e-01  4.20223359e-01
  1.04525021e+00  5.56297381e-02  7.54963708e-01 -5.36313372e-01
  3.10963115e-01 -2.75043072e-01  2.79445846e-01  2.62501280e-01
  9.60745520e-01  2.87260096e-01  5.05916270e-01  4.88619267e-01
  1.16150379e+00  1.06109933e+00  9.40220607e-01  3.10939747e-01
  6.42137104e-01 -1.27717721e-01 -2.86180100e-01 -4.64327345e-02
  2.63393731e-01  5.41783172e-01  3.53164668e-01  7.61794632e-01
  2.56864335e-02  8.76067636e-01  2.39731245e-01  3.73997240e-01
  9.87077373e-02  5.74482971e-01  1.09799950e-01  9.17802322e-01
 -9.40938005e-01  6.66574158e-01  6.61554506e-01 -6.13321143e-01
  8.51975908e-01  2.95704724e-01  1.91851028e-01  1.34095775e+00
  3.52303306e-01  6.57664754e-01 -2.55125077e-02  8.07786751e-01
 -6.60458038e-02  5.38628654e-01 -5.88734873e-02 -2.55442556e-01
  5.96785379e-01  1.48301797e+00 -2.43459861e-01  5.31190239e-01
  1.22717701e+00 -8.24958026e-02  7.90109479e-01 -9.15240339e-01
  5.66170853e-01 -4.16358148e-01  1.34241926e+00  9.20002307e-01
  8.80427378e-01  4.65874287e-01 -8.77692825e-01  1.03955284e+00
  3.50974106e-01  1.31432512e+00  7.10138776e-01  8.79764286e-01
 -4.44005686e-01 -1.67913417e-01  6.27112576e-01 -2.12269411e-02
  5.82383269e-01 -4.87539668e-01  2.68386174e-01  8.47247660e-01
  7.78395466e-01  6.69009419e-01  1.38263112e-01  1.99564925e-01
  7.94736785e-01  7.06166059e-01  1.02802142e-01 -2.16789491e-01
  5.61032492e-01  1.22766548e+00  1.38097994e-01  2.34529151e-01
  5.87028616e-01 -5.00584659e-01  8.41803127e-01  9.02950423e-01
  1.21840594e+00  5.87611123e-01  1.01361976e+00  7.91227766e-01
  1.39926411e+00 -4.64265751e-01  6.89382549e-01  1.08514904e+00
 -1.53974374e-01  2.16336613e-01  5.62257806e-01  5.56286683e-01
  1.25050776e-01  5.15443758e-01  4.55340682e-01  1.30574689e+00
  1.51706947e+00 -3.62287135e-01  9.67621273e-01  9.29407094e-01
  1.53786616e+00  8.35393842e-01  9.70001550e-01  9.32047488e-01
 -4.38038966e-01  8.87672290e-01 -6.06310602e-02  1.18339273e+00
  7.26559775e-01  1.07336836e-03 -7.30080980e-01  3.92568411e-01
 -1.16086359e+00  7.41736103e-01  5.97672034e-01  9.51125491e-01
  7.05934420e-01 -6.09956451e-02  7.57968046e-01  2.45487604e-01
  5.20787202e-01  1.00892973e+00 -1.26298076e-01  1.25863997e+00
  1.13781780e+00  1.10107153e+00  1.10026460e+00  1.05841720e+00
  1.18047055e+00  6.68014150e-01 -1.12769224e+00  1.21614343e-01
  8.48544599e-01  5.05026302e-01  6.79917891e-01  7.59727320e-02
  7.93923686e-01  3.95159061e-01  1.18379767e+00  1.01242707e+00
 -5.42792872e-01  7.49200109e-01 -3.35707566e-01  6.49438779e-01
 -8.68436503e-01  4.95736780e-01  1.04642382e+00 -3.34096334e-01
  2.68221572e-01  1.24275776e+00 -1.25006213e+00  9.53290477e-01
 -1.79023601e-01 -1.21418727e+00 -4.11174152e-01  4.82662640e-01
  5.73107925e-01  4.54039291e-02  3.86772102e-01 -9.83317369e-01
  8.85309747e-01  1.26040350e+00 -8.75561798e-01  1.37460547e+00
  1.06365407e+00 -1.64232484e-01  1.24760910e+00  1.12026797e+00
  2.03441034e-01  7.06516956e-01  3.71567724e-02 -7.65836436e-02
  5.16601087e-01 -3.94220831e-01 -3.91197972e-04  4.34567563e-01
  2.93797957e-01  2.76440846e-01  2.78662923e-01  3.64080082e-01
  1.19054853e+00 -4.86835160e-02  5.97217605e-01  1.15145866e+00
  4.50741694e-01  1.03735114e+00  6.79035174e-01  5.37417666e-01
  9.81686868e-01  6.01978904e-02  1.57631699e+00  9.86357614e-02
  1.87521580e-01  1.35223306e+00 -8.19900162e-01  3.11863410e-01
 -1.33539889e-01 -1.04908645e+00 -1.29277134e+00  6.78901200e-02
 -2.14412554e-01  9.88118435e-01 -1.00279696e+00 -3.54658172e-01
  7.65430085e-01  8.39915324e-01  1.32747649e+00 -2.96223947e-01
  5.31039761e-01  1.01840099e+00 -5.96431753e-04  1.40990414e-02
  5.32506687e-01  4.75071561e-01  9.81377973e-01  1.12074808e-01
  9.23554787e-01  6.79279861e-02  5.90585410e-01 -4.40179035e-01
 -7.51990447e-01  1.13112637e+00  8.09139912e-01  8.31914177e-01
  1.50675131e+00  8.97750792e-01  8.46219120e-01  4.35135213e-02
  6.49574010e-01  3.73653582e-01 -3.35860879e-01  3.99844067e-01
  1.00838884e+00  1.01929383e+00  6.15049960e-01  1.81839977e-01
  9.77848162e-02  4.23781534e-02  7.21132524e-01 -9.04501096e-01]