[2.12987196 1.12987196 1.1046068  1.10424574 1.10129014 1.09922865
 1.09098788 1.08550579 1.07922715 1.07786866 1.07550939 1.06903471
 1.06559573 1.06092468 1.05607503 1.05213423 1.05209256 1.05003025
 1.04945532 1.04808807 1.04611886 1.04601823 1.04371627 1.04097169
 1.04028246 1.03906266 1.03629373 1.03456756 1.03247335 1.03233478
 1.0319709  1.02888508 1.02660624 1.02642609 1.02455874 1.02356877
 1.02314633 1.02230369 1.02128659 1.02100209 1.01640234 1.01625841
 1.01618047 1.01581613 1.0157494  1.01530021 1.01444862 1.01376688
 1.01326471 1.01223221 1.01170102 1.01084292 1.00942677 1.00909257
 1.00599145 1.00253008 1.00178284 0.99854056 0.9982249  0.99811495
 0.99724103 0.99636977 0.99503382 0.99498171 0.99408952 0.99213206
 0.99189075 0.99169031 0.99156927 0.99071193 0.99033287 0.98964567
 0.98852142 0.98702541 0.98656347 0.98511096 0.98444008 0.98325683
 0.98254187 0.98180348 0.97808121 0.97791801 0.97726101 0.97708861
 0.97425958 0.97401643 0.97362511 0.97287282 0.97146617 0.97111756
 0.97043549 0.96937498 0.96930255 0.9691424  0.96793479 0.96785825
 0.96657637 0.96616814 0.96529326 0.96341643 0.96320079 0.96247212
 0.96192537 0.96166155 0.96075743 0.96041787 0.96015722 0.96005992
 0.96002948 0.95982014 0.95828079 0.95702522 0.95640038 0.9556446
 0.9546092  0.95457195 0.95360455 0.95238977 0.95233001 0.95068977
 0.94910956 0.94906897 0.947501   0.94501926 0.94462546 0.9404084
 0.93967987 0.93934285 0.93911179 0.93892619 0.93892222 0.93871192
 0.93702402 0.93613267 0.93567865 0.93523171 0.93320052 0.93281444
 0.9318286  0.93138025 0.92993449 0.92932184 0.92908578 0.92907607
 0.92842474 0.92714291 0.92571405 0.92566699 0.92558104 0.92539346
 0.92491546 0.92362052 0.92242604 0.92163437 0.92039429 0.92001977
 0.91916087 0.91728614 0.91678707 0.91624991 0.91366312 0.91218229
 0.91178464 0.91174417 0.91115734 0.91074461 0.90978876 0.90710289
 0.90694057 0.90641323 0.90449136 0.90415816 0.90402087 0.90379816
 0.90318473 0.90271058 0.90228875 0.90170623 0.90162544 0.89994522
 0.89835866 0.89794042 0.89744674 0.89713201 0.89690889 0.89657133
 0.8965416  0.89359124 0.89344235 0.89296266 0.89266014 0.89251512
 0.89237202 0.89211102 0.89112297 0.88847529 0.88832574 0.88830737
 0.88791925 0.88706864 0.88442283 0.88429078 0.88330187 0.88306725
 0.88107266 0.88023104 0.87805054 0.87784347 0.8771818  0.87614916
 0.87592559 0.8752718  0.87509719 0.87509613 0.87323387 0.87279356
 0.87174382 0.87119501 0.87050892 0.86871926 0.86815304 0.86785201
 0.86738875 0.86675933 0.86657572 0.86533568 0.86522135 0.86358128
 0.86319531 0.86290962 0.86238753 0.86230107 0.86045156 0.85971052
 0.85931603 0.85767464 0.85763831 0.85760459 0.85716304 0.85617471
 0.85462817 0.85445108 0.85374539 0.85350971 0.85314865 0.84999655
 0.84888751 0.84848659 0.84675618 0.84650322 0.84508129 0.84485842
 0.84179294 0.84103432 0.84094046 0.83913186 0.83757446 0.83642331
 0.83640268 0.83506975 0.83451965 0.8343442  0.83344082 0.83322932
 0.83280762 0.83257447 0.83184725 0.83164811 0.8291457  0.82910816
 0.82874377 0.82799914 0.82660705 0.82388612 0.82361628 0.82225854
 0.82156197 0.82038488 0.8200906  0.81845258 0.81838519 0.81790851
 0.81776458 0.81716655 0.81680036 0.81613314 0.8154164  0.81476815
 0.81464628 0.81457377 0.81407858 0.81235692 0.81105654 0.81004617
 0.80866045 0.80851726 0.80837761 0.80815392 0.80813271 0.8076894
 0.80718129 0.80714136 0.80676287 0.8067365  0.8064675  0.80636884
 0.80619435 0.80601498 0.80545051 0.8049573  0.80429631 0.80312695
 0.80266734 0.80214921 0.80183127 0.7995858  0.7992193  0.79880092
 0.79552543 0.79540367 0.79536571 0.79445521 0.79377019 0.79365479
 0.79325886 0.79295156 0.79144777 0.79060828 0.79055933 0.79044104
 0.7875389  0.78706197 0.78535382 0.78468353 0.78363648 0.78168353
 0.78131665 0.77986814 0.77867148 0.77748198 0.77679624 0.77571166
 0.77491742 0.773595   0.77341828 0.7728182  0.77192852 0.77071938
 0.76790105 0.76740249 0.76727163 0.76709917 0.76675292 0.76561891
 0.76456057 0.76244141 0.75986558 0.75915409 0.75892145 0.75886815
 0.75769843 0.75748783 0.75688014 0.75657531 0.75519815 0.75450047
 0.75438722 0.75363901 0.74856693 0.74794382 0.74763081 0.74593502
 0.74539696 0.74172899 0.74114316 0.73915878 0.73578297 0.73508904
 0.73481587 0.73362179 0.73351829 0.73262756 0.72839592 0.72838551
 0.72830086 0.72790809 0.72783094 0.7276618  0.72588567 0.72384128
 0.72347813 0.72320975 0.72187125 0.72175899 0.72025399 0.71548691
 0.71514992 0.71217632 0.71198233 0.70955267 0.70579695 0.70473634
 0.70374719 0.70320664 0.70176517 0.70100788 0.70098396 0.70074655
 0.69976972 0.69932975 0.69527062 0.69396267 0.69381815 0.69339743
 0.69329381 0.6885903  0.688315   0.68624089 0.68584735 0.68533613
 0.68517293 0.68306571 0.68194783 0.67947138 0.67544666 0.67174165
 0.66959175 0.66692904 0.666471   0.6633266  0.66266859 0.66261346
 0.65795022 0.6554669  0.65391128 0.65349474 0.65109532 0.65046437
 0.64720701 0.64556523 0.64344629 0.64274908 0.64062708 0.63928255
 0.63816166 0.63752617 0.63739394 0.63589149 0.62958581 0.61959572
 0.61906435 0.61304929 0.60818136 0.60633365 0.60145022 0.60106364
 0.59675481 0.59044237 0.58827658 0.58385348 0.58351043 0.58014782
 0.57826114 0.57506007 0.57474849 0.56101476 0.55933914 0.55841857
 0.55813898 0.53641703 0.52952656 0.50983883 0.50857807 0.50030372
 0.49797303 0.4902236  0.4892461  0.48800076 0.48199117 0.48189091
 0.47195287 0.4692995  0.4682068  0.46421708 0.46075686 0.46026169
 0.45643194 0.44192871 0.43077917 0.4287428  0.42384288 0.41948944
 0.41317001 0.3635773  0.34471599 0.33995594 0.32010747 0.24615753
 0.24607207 0.13917826]