[-4.95572188e-02  1.19781451e+00  5.20174924e-01  4.76772833e-02
  9.80463447e-02 -1.20570790e-01 -2.15338585e-01 -4.43714121e-01
 -4.00396850e-02  2.79248191e-01  5.35878400e-01 -4.13135967e-01
 -7.45217092e-01  4.52669081e-01 -8.08977308e-01 -1.38152690e-01
  4.12648990e-01  4.73542639e-01  4.15903597e-01 -4.11642346e-01
  1.30144670e-01 -2.92744862e-01  8.28623957e-01  8.55614786e-01
  2.12711254e-01  9.59885479e-01  2.77288691e-01  5.06983571e-01
  1.26669250e-01  1.10633263e-01  4.32878636e-01 -9.58214446e-01
  4.26304998e-02  3.11179681e-01  4.94409188e-01 -1.78602166e-01
 -2.12480972e-01 -2.35827095e-01 -3.97371774e-01  2.38690092e-01
 -1.68803037e-01 -4.96823994e-01  2.58616538e-01 -4.09718639e-01
  4.57432825e-01  7.67704362e-01  2.16724711e-01  4.16973459e-01
  5.92264067e-01 -9.19250292e-03 -1.78254227e-01  3.88814049e-01
  2.17611407e-02  4.42182400e-01 -2.29961141e-01  1.59557620e-01
  5.69815968e-01  8.81851521e-02 -4.03254791e-01  2.05861433e-01
 -2.67568357e-01  3.35005344e-01 -1.26006076e-01 -2.82766588e-01
 -3.13134899e-01 -2.50059983e-01  3.64425003e-01 -1.61463669e-01
  4.63239874e-01  1.07890122e+00  1.67215248e-01  1.59043453e-01
  1.03719651e-01 -5.98342976e-01  1.77846340e-01  4.01121201e-03
  1.31472084e-01  7.25165547e-01  8.27468590e-01 -2.86521967e-01
 -2.56187426e-01  8.38263054e-01 -2.50618207e-02 -1.57342122e-01
 -2.07267314e-01  8.42033491e-01  9.17586635e-01 -1.80871410e-01
  6.31065136e-01 -1.92794889e-01  2.21103190e-01  3.33686490e-01
 -5.01414277e-02  9.37288021e-01  2.58609389e-01  6.74659592e-01
 -1.10686870e-02  8.16330230e-01  4.67359945e-01  1.24137133e+00
 -3.71941771e-01  3.73144022e-01  5.88522864e-01  2.50921070e-01
  2.16659905e-01  5.07775449e-02 -1.20967801e-01  3.54364997e-01
  3.60319565e-01  3.55297776e-01 -2.42445305e-02 -8.85626890e-03
  9.88020110e-02 -3.50269446e-01 -3.14425670e-01  1.50370383e-01
  3.59788949e-01 -4.46974101e-02 -1.23626880e-02  4.52792578e-01
  3.41045934e-01  4.28058307e-01  4.31313733e-01  3.55924948e-01
 -6.01014647e-01 -1.97129343e-02  1.57831761e-01  6.70413875e-01
  4.05482617e-01  6.93908242e-01 -1.47602642e-01  4.33157871e-01
 -1.33777212e-01  6.09701665e-01 -5.16847564e-01  6.98055815e-01
 -2.83031582e-01  7.56018604e-02  9.43096728e-02  5.47698615e-01
 -4.43201705e-01 -1.29101233e-01  8.01595728e-01  1.55409770e-01
  4.17782640e-01  1.93718781e-01  9.39820379e-01 -2.47756185e-01
  2.11173298e-01  1.53260032e+00 -1.64709944e-01  6.96744912e-01
  1.92797537e-01  3.95043093e-01  2.28942416e-01 -2.18757815e-01
  3.74420827e-01  1.66265062e-01  3.22514130e-01  3.49396667e-01
 -4.86031750e-01  9.85578772e-02  8.40284768e-02  4.65192015e-02
  2.34098512e-01 -1.86180395e-01 -2.87983211e-01 -7.43614633e-02
  2.67381751e-01 -2.36183302e-01  1.50050464e-01  1.20525812e-01
 -7.00913946e-01  1.92077185e-01  7.38386342e-01  1.96887088e-03
  5.73649143e-01 -7.98464718e-01  2.80494177e-01 -1.04955137e-01
  1.04958082e+00  5.83612029e-01  4.73539604e-01 -2.43102116e-01
 -9.76315680e-02  7.15443852e-01  3.32900913e-03  2.29030389e-01
  6.34825804e-01  5.28623197e-01 -5.85095876e-01  7.06382143e-01
  3.96854293e-01  3.51125762e-01 -5.22490438e-02  7.04058208e-01
 -8.91769912e-02 -9.26564363e-01 -1.31652033e-01  4.99054369e-01
  1.51135260e-01  6.64784193e-02  4.69245791e-02  7.41958944e-02
  9.79849583e-01 -4.04736921e-01 -4.18942502e-01  7.93181596e-01
  1.89316447e-01  3.92633085e-01 -5.66571470e-01  6.09798709e-01
  8.26284018e-01  7.85915885e-01 -2.11390331e-02  4.98437660e-01
 -1.42718201e-01  5.96250668e-01  5.46638132e-01  9.94118627e-01
 -6.47316926e-02  7.85829560e-01 -3.70451761e-01 -7.14273968e-02
  1.45286317e-01  5.00014801e-01  4.54271215e-01 -2.40574290e-01
  9.48977973e-02 -2.96728784e-01 -2.20850006e-01  8.16290783e-01
  2.55259730e-01  8.31069332e-01 -5.75974231e-01  1.13707850e-01
 -2.65104760e-01  4.98553359e-01  3.78011996e-01 -8.12372474e-01
  2.96558493e-01 -6.07762985e-01 -5.29529515e-01  7.48626978e-01
 -2.05253050e-02  4.92669229e-01 -3.67668684e-02 -3.72968196e-01
 -1.83940119e-01 -6.71487912e-01  4.82344755e-01 -4.59225619e-02
  5.41764866e-01 -2.38331873e-01  1.03226401e-01  8.53073937e-01
  9.81468124e-02  6.05647707e-01 -6.59686295e-02  5.09723913e-01
  3.42058627e-01 -1.21231877e-02  1.07638478e+00  1.78696470e-02
 -5.69266360e-02 -1.35024140e-01  8.03166085e-01  3.45371952e-01
  2.80777055e-01  2.73660057e-01 -1.78803413e-01 -5.42398706e-02
 -4.35931261e-01  5.11608244e-01 -3.83819738e-01 -3.10817169e-02
  3.95378551e-01 -3.30167060e-01 -3.60971248e-01  2.27220558e-01
 -8.02558895e-01 -8.80605675e-01  7.31151443e-01  4.87507805e-01
 -3.13417194e-01 -2.05790907e-01  3.77800155e-01  3.95776948e-01
  5.69825509e-01 -3.19906143e-01 -1.98482979e-01  1.83272572e-01
  1.03750584e-01  1.71392943e-01  6.31937197e-01  4.16945991e-01
  3.18761413e-01 -2.82683352e-01  3.15074922e-01  5.31053226e-01
 -3.94132361e-01  1.20901529e+00 -2.42077645e-01 -6.55927506e-01
  6.53803105e-01 -1.73852850e-01 -3.42048127e-02  4.31659213e-01
  6.64624928e-01 -4.19431156e-01  6.47173413e-01  1.19847371e-01
 -3.29833518e-01  1.17099455e+00 -4.69416077e-01  6.83995556e-01
  5.79896079e-01  4.92225206e-01  2.12784591e-01 -4.03293980e-01
  7.27131522e-02  7.03768314e-01 -1.69417158e-01  6.94251720e-02
  4.04879469e-01  1.25986131e+00  8.16308016e-01 -7.21964266e-02
  2.47243358e-01  9.83997478e-02  7.99842669e-01  8.77674765e-01
 -5.04434736e-02 -6.90004515e-02  5.76866275e-01 -1.17897665e-02
 -3.44508939e-01  8.35858877e-02 -3.01736500e-03  9.19861140e-04
 -1.83554792e-01  5.77649723e-01  8.11225737e-01  7.01801674e-01
  2.35962106e-01  1.84918840e-01  7.55032814e-01 -4.25309435e-02
  5.90055017e-01 -7.58688232e-02  4.51518268e-01  5.12508390e-01
  4.01782476e-01  4.83132373e-02  1.28218931e-01  2.56798415e-01
  5.50510974e-01 -2.37684145e-01 -1.63608348e-01  2.04411085e-02
 -1.99569426e-01  8.88421483e-01 -1.96170162e-02 -1.07459063e-01
  7.38330015e-01 -5.61445375e-02  1.51712035e-01 -5.80888407e-01
 -8.88014639e-02  1.81481310e-01  5.55670518e-01  1.02001676e-01
  1.15162365e+00  1.51232233e-01 -7.87818685e-01  4.60245960e-01
  6.69209647e-01 -3.62219491e-01 -7.97655919e-01 -2.40869357e-01
 -7.08141926e-02 -8.28072896e-02 -4.45435329e-01  2.56821349e-01
  8.25961610e-01 -6.47866043e-01  8.38305817e-01  1.54754442e-01
 -2.28197713e-02  4.81818962e-02 -1.74763699e-01 -3.18602998e-01
  9.22926947e-02  2.54979515e-01 -1.97041348e-01  3.22323616e-01
  2.13524190e-01  6.37888213e-01  4.84732323e-01 -4.31457278e-01
  5.07947746e-01  4.39374115e-01  3.52917009e-01  8.90318450e-02
  6.21421622e-01  1.46702130e-01  3.08802885e-01 -1.04769573e+00
  7.57260253e-02  3.27074740e-01 -3.47104312e-01  8.48856356e-01
  6.72349973e-01 -8.40190210e-01 -1.52406398e-01  1.75779793e-01
 -7.37708211e-02  9.09960556e-01  1.86807565e-01 -6.89094161e-02
  5.19665208e-03 -2.38412378e-01 -8.74215801e-01 -3.91315293e-01
  3.83150186e-01 -9.97903780e-02  1.19709396e+00 -5.96197446e-02
  1.27809224e+00 -5.70968493e-01 -2.02528345e-01  2.04218305e-01
 -3.63399125e-02  3.60781040e-01  3.26766355e-01  1.68345671e-01
  1.91058193e-01  1.29022243e-01  3.88886982e-01  5.81321195e-01
  3.18823200e-01 -1.47247387e-01  4.59151347e-01 -1.90564837e-01
 -6.75911004e-01  7.50046992e-01 -2.64662239e-01 -3.26597865e-01
  7.19375515e-02  3.97021337e-02 -1.49400748e-01  1.38432710e+00
 -4.87438123e-01  6.41942362e-01 -2.17909747e-01  3.35039107e-01
  2.58455912e-01  1.26916453e+00 -2.95504603e-01 -2.97866107e-01
  3.02238997e-01  1.36739291e-01 -1.30819625e-01  6.78689262e-01
  2.54266842e-01  6.75854419e-01 -9.53188681e-01  2.86049713e-01
  1.18266851e-01  6.54163558e-01 -4.28266491e-02  3.43675474e-02
  1.89679029e-01  5.16723936e-01  8.17463447e-02  3.73281612e-01
  4.01786406e-01  2.56260439e-01  4.73591940e-01  8.83599623e-01
  4.11540429e-01  6.93835314e-01  6.95224883e-01  2.73891293e-01
 -2.38032970e-01  9.30400883e-01 -1.66377310e-01 -1.92139107e-01
  4.88384998e-01  3.33268824e-02  2.03878133e-02  4.28996529e-01
  2.36393759e-01  8.12378099e-02  1.44083073e-01 -3.33837493e-01
 -5.67413450e-02  2.47320919e-01  2.05921976e-02  4.22394385e-01
 -5.56461277e-01  3.81645336e-01  6.58166053e-01 -5.66183282e-01
  2.23537962e-01 -2.38931374e-01  4.79759323e-01  5.57964430e-01
  6.58151500e-01 -2.71390212e-01  2.95608838e-01 -1.34041460e-01
 -3.95811734e-01 -5.00833392e-01  4.32059052e-01  1.69075424e-01
  9.33958486e-03 -5.53661486e-01  6.33389673e-01 -6.94189270e-02
  6.07244601e-01 -4.67633956e-01  2.68700492e-01  5.57010291e-01
  2.38988317e-01  4.83778245e-01  1.14978300e-01  3.42953971e-01
 -4.25653048e-01  7.39947074e-01  2.52182140e-01  1.09346258e-02
  4.22048834e-01  2.70762280e-01 -2.03753059e-01  1.11763147e-01
  6.51071607e-01  6.75574167e-01  9.50354240e-01  3.78882099e-01
 -3.65070982e-02 -2.19725484e-01 -1.47237759e-01  3.18379265e-01
 -2.71844165e-01  3.14664913e-01  4.11571321e-01  3.06333931e-01
 -2.73780023e-01 -1.35628645e-01  3.57594927e-01 -1.39914583e-01
 -3.83215179e-01 -4.58316907e-01  4.10750464e-01  3.45848007e-01
 -6.42402124e-01  3.81678053e-01  4.72122780e-01 -3.53316393e-02
  6.40698491e-02 -4.47081875e-03 -5.39171213e-01  1.26229883e-01
  1.14942676e-01 -1.09236410e-01 -3.52862001e-01 -1.95420520e-01
 -1.92510179e-01  1.07257451e-01  1.22249897e-01  6.87810091e-02
  1.21992286e-01  1.63133383e-01 -5.57053826e-02  8.36867473e-01
  6.37220451e-01 -2.73829192e-01  1.05402391e+00  7.58720107e-01
  1.95703770e-03  5.44617511e-02  2.30915093e-01 -4.92713549e-01
 -7.36637715e-01  4.94470127e-01 -3.33235084e-01  4.70632174e-01
 -1.03456027e-01  7.04003637e-01 -3.16480807e-01  3.99758562e-01
  5.83382377e-01  2.47661292e-01 -3.10990676e-02  7.69072851e-01
 -2.01950622e-01  7.62728467e-01 -6.57121856e-02  7.27889782e-01
  6.04178924e-01  2.82945652e-01  8.71176624e-01 -2.55100776e-01
 -2.12096167e-01  1.52906077e-01  5.38771833e-01  8.02572418e-01
  2.64237927e-02  9.78062501e-01 -1.21830000e-01  5.91017898e-01
 -2.58385846e-01  2.53282775e-03 -8.94873283e-01  6.42554799e-01
 -1.19575450e-01  9.95050870e-02  8.03710232e-01  4.65631586e-01
 -3.46427481e-01  1.89974290e-01 -1.32216013e-01  2.41035368e-01
  8.96794981e-01 -5.49308551e-02  6.89213745e-01 -1.54489673e-01
  4.27121784e-02  3.94773740e-01  3.24016432e-02  3.05086861e-01
 -2.25826751e-01  3.28166570e-01  4.69843625e-01 -1.26775132e-01
 -1.24398030e-01  7.30735881e-01 -3.02478835e-01  4.28570577e-01
  3.68529978e-01 -3.52519235e-01 -3.41639258e-01  3.54264785e-01
 -1.67784540e-01 -7.83176338e-01  1.34202865e-01  4.81625321e-01
  3.09728701e-01 -2.53691218e-03  7.20551326e-01 -2.61115457e-02
  4.39273570e-02  4.69962545e-01  3.38183022e-01 -1.21533543e-01
 -7.04884688e-01  5.15187880e-02 -9.19908030e-02  3.34463745e-01
  1.33523776e-01  3.49351039e-01  8.70209160e-01 -4.85860544e-01
  7.21540755e-01  1.85620970e-01  2.44286005e-01 -2.57877080e-01
  6.75610994e-01  1.91838069e-01  1.21928121e-01  2.10448326e-01
  6.74291348e-03 -1.59633698e-01  5.58381790e-01 -3.90948954e-02
  1.34454504e+00  7.25665798e-01 -3.26447540e-01  5.35601538e-01
 -4.49350891e-01  1.46525673e-01 -3.56711592e-02  9.95899076e-01
 -2.50405630e-01  4.62389758e-01  4.52084990e-01  2.28015938e-01
 -3.46999188e-01 -5.08987467e-01 -2.12597264e-01  5.50043718e-01
 -2.83375810e-01 -1.52120302e-01  5.93368665e-01  4.83236210e-01
  1.48273966e-01  3.99379099e-02  7.49575828e-01 -1.96755259e-01
  5.00763680e-01  2.65627445e-01  1.07279610e+00 -2.35664559e-02
  3.08988148e-01  9.92691658e-03 -8.95695982e-01 -7.45302436e-02
  2.38302865e-01  7.39287748e-01  8.80192186e-01  9.35405379e-01
  4.96631871e-02 -1.59053121e-02  9.56805645e-01  2.18036271e-01
  4.43814768e-01  2.42736208e-01  6.77151946e-01  4.29892804e-01
  2.55647340e-01  7.07888074e-02 -3.26213243e-01 -3.39537340e-01
  5.53893699e-02 -3.90220354e-01 -7.72945232e-02  6.93450363e-02
  1.98813134e-01  5.20341791e-01  1.14397366e-01  1.88487964e-04
  1.01304061e+00  3.78631757e-03  9.94093191e-01  4.94969635e-02
  3.78341975e-01 -6.50523161e-01  1.33222769e-02  1.30878545e-01
 -6.61303664e-01  2.58587631e-01  6.05862359e-01  5.60673065e-01
  2.97039862e-02  1.10709954e+00 -2.73673628e-01 -2.62069752e-01
  3.87219733e-01 -5.22078999e-01  6.43706457e-02  8.89857093e-02
 -2.06315818e-01  4.50018834e-01  5.27163041e-01  2.93740221e-01
  1.10703507e+00  5.54089944e-01 -6.00115927e-01  2.88089581e-01
 -1.08977380e-01  6.71960531e-01  1.37350722e+00  3.55459895e-01
 -6.98049364e-02 -9.56426419e-02 -4.98621139e-01 -1.51591067e-01
 -2.01352392e-01  1.36668468e-01 -3.47148423e-01  6.02781146e-01
 -2.60814245e-01  7.11435687e-01  4.31227082e-01  8.25913966e-01
  4.55899438e-02  2.83811047e-01  4.75043514e-01  4.48340873e-01
 -1.17216197e-01 -1.18546362e-02 -2.71512474e-01 -4.15968407e-01
  4.47134585e-01  3.40618383e-01  6.10935668e-01  7.41893241e-02
  7.28966087e-01  5.22055523e-01  1.13739224e-01  9.65974502e-01
 -8.61846158e-02  7.16063105e-01  1.00989204e+00  4.77559357e-01
  4.72527835e-01  3.12739333e-01 -4.20779625e-01 -9.65938770e-02
  8.49678322e-01 -1.97480669e-01 -2.95086332e-01  4.62539557e-02
 -3.28600519e-01 -1.09203348e-01  8.56662948e-01  6.50837803e-01
  2.62996651e-01  5.06498974e-02  1.19455587e-01  2.00955581e-01
 -4.63584228e-02  4.27401263e-01  1.77686663e-01  3.01717314e-01
  1.11946611e-01 -3.52670085e-01  7.89027628e-01  3.60439593e-01
  3.16209001e-02  1.88322999e-01  1.95826361e-01 -1.66428050e-01
  5.94585345e-01  1.09022500e-01 -1.01879385e-01 -5.82728920e-01
  6.88301050e-02  7.94334670e-01 -1.83670873e-01  3.37051752e-01
 -6.91013138e-02 -2.02853466e-01 -1.98225672e-02 -5.72591256e-01
 -6.73191605e-02  3.56810637e-01 -3.10664515e-01 -4.47145417e-01
 -1.89565862e-01  4.25160367e-01  1.78308455e-01  5.33139058e-02
  7.11172398e-01  2.34824585e-01  5.90588125e-01  4.45603617e-01
  2.64899930e-01  1.98133129e-01  2.19070631e-02  5.04588604e-01
  3.72050191e-01  4.18842883e-01  8.50446245e-01  2.38052124e-01
  1.23769793e-02  5.13654256e-01 -2.07700671e-01  4.87882669e-01
  1.86310952e-01 -6.80637608e-01 -1.00186387e+00 -1.63380196e-01
  3.31324400e-01  3.77869534e-01  6.73558281e-03  1.12646099e-01
  7.85267584e-01  2.64040016e-01  8.43783625e-02  9.81652951e-02
 -7.67418936e-02 -3.16016050e-01 -5.65667922e-02  2.03595388e-01
  3.31311408e-02 -3.89322547e-01 -9.01254625e-01 -7.70716393e-02
  9.74918188e-01  5.61279065e-01  2.42710504e-01  7.86597865e-01
  5.99154354e-01  2.45723788e-01 -7.15187336e-02  6.91530959e-01
  1.93248761e-01  4.39672273e-02 -4.08219765e-03  2.58078075e-01
 -1.66237679e-01 -2.63302677e-01  3.36942529e-01  9.40874170e-01
 -2.11035819e-01  6.03993650e-01  2.51860932e-01 -5.90694783e-02
  3.65314237e-01  8.95130015e-01  5.51503888e-01 -4.85379579e-02
  3.34987631e-01  6.07575901e-01 -6.20557745e-02  5.81907331e-02
  9.76381809e-01  4.28072258e-01 -7.28702342e-01  2.94800069e-01
  1.23853220e-01  6.25853042e-01  1.01419706e+00  7.33798337e-01
 -9.18396657e-02  2.41317012e-01 -3.56908954e-03  1.21764362e-01
 -4.90538917e-01  4.55401814e-01  4.78284251e-01 -2.17332895e-02
  2.41364780e-01  3.93385823e-01 -1.69636102e-01  4.73529570e-02
 -3.28479835e-01  8.95683072e-01 -3.18736815e-01  1.93723956e-01
 -2.00573404e-01  4.17841101e-01 -1.46288578e-01 -1.59378613e-01
 -9.92748431e-02  5.30530004e-01  1.01993558e+00 -3.29957383e-01
  5.52308727e-01 -1.87367053e-01 -4.54977072e-01  6.52302444e-01
  3.58003078e-03  1.67691888e-02  1.27198672e-01  2.73472152e-01
  9.98770710e-03  7.87805938e-01  2.49946001e-01  1.48211358e-01
 -1.51902086e-01  1.20530407e-01  3.32603692e-01  5.77550474e-01
  2.70517670e-01  5.48665181e-02 -1.72283023e-01  3.00355952e-01
  1.20553893e+00 -2.12647501e-01  4.76660268e-01  2.94450259e-01
  1.08804588e-01  5.76683697e-01 -1.70117266e-02  7.06565017e-01
  6.57839659e-02  9.62131058e-02 -2.42692151e-01 -2.84027241e-01
 -2.08859002e-01 -4.11558137e-01 -4.64739938e-01 -5.06586733e-01
 -2.69051237e-01  7.08743231e-01  3.54459621e-01 -6.47606602e-01
 -1.04656963e+00  3.94543445e-01  1.03196987e+00 -5.67134560e-01
  2.54901953e-01  1.90426493e-01 -4.22982423e-01  8.13265023e-01
 -5.92320437e-02 -6.69816047e-01  2.18918923e-02  5.67662139e-01
  5.20304477e-01  1.16014059e-01  4.73687605e-01  1.08916540e-01
  4.21648429e-01 -4.93955463e-01  7.60478855e-01  6.60284547e-02]