[0.         0.00203252 0.00203252 0.00406504 0.00406504 0.00609756
 0.00609756 0.0101626  0.0101626  0.01829268 0.01829268 0.0203252
 0.0203252  0.02235772 0.02235772 0.0304878  0.0304878  0.03455285
 0.03455285 0.03658537 0.03658537 0.03861789 0.03861789 0.04065041
 0.04065041 0.04674797 0.04674797 0.04878049 0.04878049 0.05284553
 0.05284553 0.05487805 0.05487805 0.05691057 0.05691057 0.05894309
 0.05894309 0.06097561 0.06097561 0.06300813 0.06300813 0.06504065
 0.06504065 0.06707317 0.06707317 0.07113821 0.07113821 0.07317073
 0.07317073 0.07520325 0.07520325 0.07926829 0.07926829 0.08130081
 0.08130081 0.08739837 0.08739837 0.08943089 0.08943089 0.09552846
 0.09552846 0.09756098 0.09756098 0.0995935  0.0995935  0.10162602
 0.10162602 0.10569106 0.10569106 0.1097561  0.1097561  0.11585366
 0.11585366 0.1199187  0.1199187  0.12195122 0.12195122 0.12398374
 0.12398374 0.12804878 0.12804878 0.1300813  0.1300813  0.13211382
 0.13211382 0.13617886 0.13617886 0.1402439  0.1402439  0.14227642
 0.14227642 0.14430894 0.14430894 0.14634146 0.14634146 0.1504065
 0.1504065  0.15447154 0.15447154 0.15853659 0.15853659 0.16463415
 0.16463415 0.16666667 0.16666667 0.17073171 0.17073171 0.17682927
 0.17682927 0.18089431 0.18089431 0.18495935 0.18495935 0.18699187
 0.18699187 0.18902439 0.18902439 0.19105691 0.19105691 0.19512195
 0.19512195 0.19715447 0.19715447 0.19918699 0.19918699 0.20121951
 0.20121951 0.20325203 0.20325203 0.21138211 0.21138211 0.21341463
 0.21341463 0.21544715 0.21544715 0.2195122  0.2195122  0.22357724
 0.22357724 0.22560976 0.22560976 0.2296748  0.2296748  0.23170732
 0.23170732 0.23780488 0.23780488 0.24390244 0.24390244 0.24796748
 0.24796748 0.25       0.25       0.26829268 0.26829268 0.27235772
 0.27235772 0.27439024 0.27439024 0.27642276 0.27642276 0.27845528
 0.27845528 0.28252033 0.28252033 0.28455285 0.28455285 0.28658537
 0.28658537 0.29065041 0.29065041 0.29674797 0.29674797 0.29878049
 0.29878049 0.30081301 0.30081301 0.30284553 0.30284553 0.30894309
 0.30894309 0.31097561 0.31097561 0.31300813 0.31300813 0.31504065
 0.31504065 0.31910569 0.31910569 0.32113821 0.32113821 0.32317073
 0.32317073 0.32520325 0.32520325 0.32723577 0.32723577 0.32926829
 0.32926829 0.33130081 0.33130081 0.33333333 0.33333333 0.34146341
 0.34146341 0.34349593 0.34349593 0.34552846 0.34552846 0.35365854
 0.35365854 0.35569106 0.35569106 0.35772358 0.35772358 0.36178862
 0.36178862 0.3699187  0.3699187  0.37195122 0.37195122 0.37601626
 0.37601626 0.3800813  0.3800813  0.38211382 0.38211382 0.3902439
 0.3902439  0.39227642 0.39227642 0.39430894 0.39430894 0.39837398
 0.39837398 0.4004065  0.4004065  0.40243902 0.40243902 0.41056911
 0.41056911 0.41666667 0.41666667 0.42886179 0.42886179 0.43089431
 0.43089431 0.43292683 0.43292683 0.43902439 0.43902439 0.44105691
 0.44105691 0.44308943 0.44308943 0.44512195 0.44512195 0.44918699
 0.44918699 0.45121951 0.45121951 0.45528455 0.45528455 0.45731707
 0.45731707 0.45934959 0.45934959 0.46341463 0.46341463 0.46544715
 0.46544715 0.47357724 0.47357724 0.47764228 0.47764228 0.4796748
 0.4796748  0.48780488 0.48780488 0.50813008 0.50813008 0.5101626
 0.5101626  0.51422764 0.51422764 0.51626016 0.51626016 0.51829268
 0.51829268 0.5203252  0.5203252  0.52439024 0.52439024 0.52642276
 0.52642276 0.52845528 0.52845528 0.53252033 0.53252033 0.53658537
 0.53658537 0.53861789 0.53861789 0.54674797 0.54674797 0.55081301
 0.55081301 0.55894309 0.55894309 0.56097561 0.56097561 0.56910569
 0.56910569 0.57317073 0.57317073 0.57723577 0.57723577 0.57926829
 0.57926829 0.58536585 0.58536585 0.58943089 0.58943089 0.59349593
 0.59349593 0.59552846 0.59552846 0.59756098 0.59756098 0.5995935
 0.5995935  0.60162602 0.60162602 0.60365854 0.60365854 0.60569106
 0.60569106 0.60772358 0.60772358 0.6097561  0.6097561  0.61178862
 0.61178862 0.61382114 0.61382114 0.61585366 0.61585366 0.62195122
 0.62195122 0.63414634 0.63414634 0.63617886 0.63617886 0.64227642
 0.64227642 0.64430894 0.64430894 0.64837398 0.64837398 0.65447154
 0.65447154 0.65650407 0.65650407 0.66463415 0.66463415 0.66869919
 0.66869919 0.67073171 0.67073171 0.68089431 0.68089431 0.68292683
 0.68292683 0.68495935 0.68495935 0.68699187 0.68699187 0.69512195
 0.69512195 0.70528455 0.70528455 0.70934959 0.70934959 0.71138211
 0.71138211 0.71341463 0.71341463 0.7195122  0.7195122  0.72357724
 0.72357724 0.72560976 0.72560976 0.73373984 0.73373984 0.7398374
 0.7398374  0.75203252 0.75203252 0.75406504 0.75406504 0.75813008
 0.75813008 0.76219512 0.76219512 0.76626016 0.76626016 0.77439024
 0.77439024 0.77642276 0.77642276 0.77845528 0.77845528 0.78658537
 0.78658537 0.79471545 0.79471545 0.79878049 0.79878049 0.80081301
 0.80081301 0.80284553 0.80284553 0.80487805 0.80487805 0.81300813
 0.81300813 0.81910569 0.81910569 0.82113821 0.82113821 0.82317073
 0.82317073 0.82926829 0.82926829 0.83943089 0.83943089 0.84146341
 0.84146341 0.84756098 0.84756098 0.85365854 0.85365854 0.8597561
 0.8597561  0.86178862 0.86178862 0.86585366 0.86585366 0.86788618
 0.86788618 0.8699187  0.8699187  0.87195122 0.87195122 0.88414634
 0.88414634 0.88617886 0.88617886 0.88821138 0.88821138 0.9004065
 0.9004065  0.90650407 0.90650407 0.91056911 0.91056911 0.91260163
 0.91260163 0.91869919 0.91869919 0.92479675 0.92479675 0.92682927
 0.92682927 0.93292683 0.93292683 0.93699187 0.93699187 0.95731707
 0.95731707 0.96138211 0.96138211 0.96747967 0.96747967 0.9695122
 0.9695122  0.97154472 0.97154472 0.97560976 0.97560976 0.9796748
 0.9796748  0.98170732 0.98170732 0.98373984 0.98373984 0.98577236
 0.98577236 0.98780488 0.98780488 0.99186992 0.99186992 0.99796748
 0.99796748 1.         1.        ]