[-8.54835810e-02  1.21165800e+00  7.51721877e-01  2.82083430e-01
  1.15282277e-01  3.89659888e-03 -1.16862077e-01 -3.97992830e-01
 -1.54575082e-01  3.77370549e-01  6.47607199e-01 -3.38651253e-01
 -1.04870340e+00  1.04293605e+00 -8.49461460e-01  2.35143416e-01
  4.89143344e-01  4.76869521e-01  3.51509574e-01 -4.99956238e-01
  4.23928793e-01 -2.17108567e-01  1.42182895e+00  1.27353899e+00
  9.49286288e-01  1.18374563e+00  4.75844512e-01  4.18737740e-01
  2.62307584e-01  6.57101093e-02  5.55297365e-01 -1.38726773e+00
 -3.98442632e-02  4.10865708e-01  5.82299181e-01 -3.97654441e-01
 -1.67390508e-01 -5.41884637e-01 -3.88406742e-01  5.14564582e-01
  5.85226382e-02 -2.61168630e-01  1.07709354e-01 -1.57873590e-01
  3.31606272e-01  9.45512148e-01  4.81411763e-01  6.30026550e-01
  6.46951263e-01 -2.01605705e-01 -1.84776185e-01  8.54184782e-01
 -1.43371415e-01  3.16921443e-01 -4.13663312e-01  1.69337409e-01
  7.53632423e-01 -5.42734533e-02 -1.38033343e-01  2.95456880e-01
  3.29649874e-02  5.79290315e-01 -1.91131826e-02 -3.50484781e-01
 -3.14315550e-01 -4.12342015e-01  7.28919363e-01 -1.98137766e-01
  3.62090912e-01  1.23810506e+00  2.86103690e-01  3.19313815e-01
  1.96644326e-01 -1.04710950e+00  4.09842613e-01  3.61902744e-02
  2.27791224e-01  8.70497512e-01  1.09785154e+00 -3.17969133e-01
 -3.86717616e-01  1.07965166e+00  3.57418799e-01 -3.13848935e-01
 -2.83215193e-01  1.10334873e+00  1.16299201e+00 -1.32040203e-01
  9.08277300e-01 -2.44542546e-01  6.86725795e-01  3.60484550e-01
 -4.35209485e-01  1.27871796e+00  5.16539175e-01  6.76219248e-01
 -2.20559232e-01  1.28981533e+00  3.89752496e-01  1.21502041e+00
 -7.63615161e-01  3.39349890e-01  4.06004800e-01  7.00049713e-01
  3.42516680e-02  7.16263886e-01 -4.01279203e-01  5.33982838e-01
  8.40977423e-01  1.64449231e-01 -1.03476134e-01  2.01357758e-01
  3.21489395e-02 -2.86514662e-01 -6.11528228e-01  3.93767159e-01
  9.05126613e-01 -6.08786228e-01  4.16828862e-02  5.52562125e-01
  5.74970985e-01  6.89915842e-01  6.63706403e-01  6.02396644e-01
 -9.51739209e-01 -1.71874133e-01  2.04942587e-01  8.24675619e-01
  3.59133714e-01  1.03881393e+00 -6.11516187e-01  8.45216879e-01
 -3.14919900e-01  7.68749418e-01 -7.82902775e-01  8.41572372e-01
 -1.13241703e+00  4.56184835e-02  4.87773565e-02  5.16931794e-01
 -4.61383762e-01 -1.65119127e-01  1.07277026e+00  1.79133985e-02
  7.68582353e-01  5.04460464e-01  1.31578876e+00 -7.49671439e-02
  2.68837886e-01  1.71584743e+00 -3.09398026e-01  1.15723138e+00
 -1.31983411e-03  1.07614877e+00  7.08332606e-01 -5.32577765e-01
  7.39130780e-01  1.43613089e-01  3.04855354e-01  4.34749736e-01
 -8.26377336e-01  3.51141586e-02  1.29790733e-01  1.41820474e-01
  2.63563814e-01  1.14939067e-01 -3.16635935e-01 -2.25771857e-01
  4.54056798e-01 -3.55592955e-01 -3.56374980e-02  2.59027378e-01
 -4.33790521e-01  3.22443220e-01  1.03310169e+00  7.36763285e-01
  1.04987447e+00 -4.96684403e-01  8.58422578e-01 -7.29150927e-02
  1.16922633e+00  3.59581383e-01  7.93321754e-01 -8.56681254e-02
 -1.45920269e-01  1.18688187e+00  5.60116215e-01  3.68474243e-01
  9.33225711e-01  8.66345618e-01 -4.72511126e-01  6.23940387e-01
  4.50695969e-01  9.61546195e-01  2.54772190e-01  1.28219322e+00
  1.20159804e-01 -7.48589916e-01  2.81281676e-01  4.47713092e-01
  1.51111279e-01  1.14247349e-01  4.60562190e-02  1.16632867e-01
  1.51341198e+00 -8.25466730e-01 -9.47313629e-01  8.83774191e-01
  2.97062713e-01  2.14945750e-01 -7.99341843e-01  5.86540046e-01
  1.00701083e+00  1.07326201e+00 -2.60444906e-01  3.18978207e-01
 -1.59724654e-01  9.69191547e-01  6.78985450e-01  1.02437998e+00
 -3.09331338e-01  9.45314317e-01 -6.23903084e-01 -3.71517087e-01
  3.54308266e-01  4.35740464e-01  4.98842565e-01 -3.96418541e-01
  2.26203370e-01 -1.44839212e-01 -5.92931700e-01  1.27257875e+00
  5.75165755e-01  1.06710524e+00 -6.67900499e-01 -9.75582083e-05
 -5.42353262e-01  6.67499209e-01  8.95310665e-01 -1.16973167e+00
  4.05249080e-01 -1.03007298e+00 -8.34631573e-01  9.90712488e-01
 -3.94353406e-01  9.60343830e-01 -3.32441599e-01 -3.25697256e-01
 -4.83927759e-01 -1.20881168e+00  6.33497957e-01 -1.34144264e-01
  1.14352727e+00 -2.54125385e-01  2.81166889e-01  6.15595671e-01
  3.59613694e-01  7.63286326e-01  5.20172823e-01  7.17358475e-01
  8.66443915e-01 -2.90154589e-01  1.11354566e+00  2.24496333e-01
 -4.03512789e-02 -4.96628256e-02  9.91518206e-01  5.25418714e-01
  3.22576451e-01  2.94442024e-01  2.45309869e-01 -4.18927213e-01
 -2.85728023e-01  8.72687956e-01 -9.95035249e-01  5.31408586e-02
  3.85910922e-01 -3.45610613e-01  1.39474158e-01  4.99340811e-01
 -1.06355158e+00 -5.89050453e-01  9.94475803e-01  7.86225038e-01
 -5.13071641e-01 -2.47801722e-01  8.34069720e-01  6.07164821e-01
  4.50530159e-01 -2.32942318e-01 -4.55300975e-01  1.02085483e-03
  1.29591963e-01  4.16715187e-01  6.06492616e-01  3.46801295e-01
  1.48476903e-01 -6.25683243e-01  6.11283218e-01  8.04021192e-01
 -8.65278711e-01  1.10446728e+00 -3.79929828e-01 -8.03124693e-01
  8.57412456e-01 -2.56912939e-01 -4.13748173e-01  6.03472761e-01
  1.08458061e+00 -3.68401223e-01  1.05818469e+00 -2.05289397e-01
 -7.15374053e-01  1.21323010e+00 -5.48193665e-01  8.50242178e-01
  9.80182163e-01  3.55984372e-01  4.22303997e-01 -4.17604274e-01
  5.93482234e-01  8.48760518e-01 -3.33967202e-01  4.64944829e-01
  6.93843730e-01  1.42992534e+00  1.27831978e+00 -2.43279349e-01
  6.82632394e-01  3.79013851e-01  8.74320647e-01  1.39185764e+00
 -1.05164088e-01 -2.64694282e-01  1.58770927e-01 -3.61373975e-02
 -8.92678547e-01  1.60889426e-01  3.54697822e-02 -4.68513466e-01
 -8.44858604e-02  1.16306294e+00  1.29895155e+00  1.39611553e+00
  8.20710640e-02  4.30040805e-01  7.62878136e-01  1.56453388e-01
  6.42708052e-01 -2.29269497e-01  6.49694868e-01  6.93496483e-01
  5.05655107e-01  2.63004425e-01 -7.60843606e-02  2.07903399e-01
  1.11454490e+00 -6.09121267e-01 -3.43523636e-01  6.85903812e-01
 -3.24097913e-01  1.30690693e+00  1.54231527e-02  3.36987614e-01
  9.55883811e-01 -5.65784491e-01  4.73703822e-01 -8.24945865e-01
 -3.08444886e-01  1.12759190e-01  6.62051586e-01  2.27851452e-01
  1.38052607e+00  3.42394287e-01 -1.55428816e+00  6.23763026e-01
  5.00790169e-01 -3.18657451e-01 -6.17104372e-01 -1.72049980e-01
  1.60395374e-01 -1.75236061e-01 -8.40436923e-01  3.94581159e-01
  9.40625370e-01 -7.84542037e-01  9.68833799e-01  5.72914422e-01
  5.81940884e-02  2.46275555e-01 -4.10544330e-01 -4.30643144e-01
  1.41660589e-01  5.68983741e-01 -5.40748072e-01  4.26167847e-01
  1.56054205e-01  8.20422968e-01  3.96368077e-01 -6.09320504e-01
  4.50003167e-01  2.44128329e-01  5.34276239e-01 -1.04300899e-01
  9.04884301e-01  4.38374535e-03  4.81759558e-01 -1.42664450e+00
  6.69881235e-02  3.30624826e-01 -1.27828225e-01  6.28067252e-01
  6.25446902e-01 -1.27934397e+00 -5.83510509e-01  2.75132604e-01
  2.08469950e-02  1.12953264e+00 -1.44178197e-03  5.51270849e-01
  4.64422101e-01 -5.10691505e-01 -1.40765650e+00 -1.78505008e-01
  6.14985160e-01 -4.58339265e-01  1.36002326e+00 -1.73038660e-01
  1.86566442e+00 -4.53817695e-01 -3.53124218e-01  2.60157771e-01
 -1.73659072e-02  5.58066919e-01  1.28692163e-01  1.33504978e-01
  6.91648866e-02 -1.46354020e-03  6.30122158e-01  1.04315157e+00
  5.20445752e-01  5.79668903e-02  7.23364320e-01 -1.36088727e-01
 -1.12973482e+00  1.19393180e+00 -4.71009595e-01 -5.16493344e-01
 -4.42873410e-02 -1.00524804e-01 -1.19221848e-01  1.49812924e+00
 -1.07591072e+00  8.55462155e-01 -5.75522588e-01  2.11195051e-01
  2.25649661e-01  1.43156943e+00 -2.02306251e-01 -2.37929656e-01
  8.56892822e-01  6.25125335e-01 -1.58382101e-01  9.27883435e-01
  6.36518572e-01  5.73487119e-01 -1.37514172e+00  4.36734590e-01
 -5.03158885e-02  7.25675605e-01 -2.70113902e-01  9.34352620e-02
  4.09054360e-01  7.46023143e-01 -4.40372764e-01  7.07611129e-01
  4.79647155e-01  3.95470371e-01  7.62147254e-01  9.98240968e-01
  8.65110744e-01  7.19858432e-01  8.54066340e-01  2.88120888e-01
 -5.93890781e-01  9.29237308e-01 -5.35812965e-02 -3.51860382e-01
  7.22413827e-02  5.81742457e-02  4.41085105e-01  6.74112917e-01
  5.08368306e-02  3.13944994e-01  1.59370217e-01 -6.92811990e-01
  4.44368551e-01  3.77315164e-01 -3.27221240e-01  6.88887189e-01
 -2.05676647e-01  3.53339200e-01  6.54915521e-01 -5.21081321e-01
 -5.21115679e-03 -6.35909256e-01  8.01516824e-01  6.08709817e-01
  8.36218341e-01 -5.37107832e-01  4.80416376e-01 -4.74815668e-01
 -3.70816462e-01 -9.24764726e-01  2.79895659e-01  4.27890715e-01
 -1.45878018e-01 -1.14891265e+00  6.35204835e-01  1.46730850e-01
  8.79076598e-01 -6.23517185e-01  8.25683169e-01  4.48225425e-01
  3.64909323e-01  5.75483868e-01  3.66341594e-01  8.65266127e-01
 -7.63868523e-01  1.17558508e+00  1.61059359e-01 -8.19357550e-02
  5.19934231e-01  2.16471414e-01 -3.25320033e-01 -2.17517697e-01
  9.29464330e-01  9.25026609e-01  1.05795379e+00  3.73080618e-01
 -2.62718543e-01 -3.60709635e-01 -3.79674136e-01  6.02756952e-01
 -1.19372666e-01  7.67901233e-01  9.69597989e-01  4.84452510e-01
 -6.98127246e-01 -4.40347829e-01  6.24562393e-01 -6.70046807e-01
 -5.64556534e-01 -7.42534783e-01  6.37713299e-01  3.87248771e-01
 -6.88232648e-01  4.29146584e-01  2.80380418e-01  3.18341817e-01
 -3.21777330e-01  2.98606179e-02 -7.97494213e-01  1.64288655e-01
  2.29099031e-01 -3.77466770e-01 -3.49188794e-01 -6.17489261e-01
 -3.65428595e-01  1.96935621e-01  3.71819462e-01  2.23874932e-02
 -2.62031930e-01  4.18321400e-01 -1.62445392e-01  9.45493988e-01
  8.86525561e-01 -1.22378167e-01  1.41176836e+00  1.19252321e+00
  1.89181571e-01  1.55421976e-01  7.52687647e-01 -1.02774876e+00
 -5.91764728e-01  7.87703374e-01 -8.83218707e-01  6.94139175e-01
 -9.62552946e-02  1.18545635e+00 -2.53412643e-01  1.39066958e-01
  1.17964574e+00  2.02512945e-01 -1.02280389e-01  5.70874394e-01
 -6.74618972e-02  9.44395437e-01 -7.48975494e-02  4.10501370e-01
  1.15755018e+00  2.66574332e-01  1.05761674e+00 -5.83158021e-01
 -2.41704443e-01  4.34952060e-01  4.46753278e-01  8.10406118e-01
  1.81509855e-01  7.24137162e-01 -1.61420210e-01  6.05000444e-01
  2.21937229e-01  8.41156832e-02 -1.05701188e+00  5.04467772e-01
  1.24557077e-01  6.18524859e-03  9.79532664e-01  7.80598065e-01
 -7.10552663e-01  6.88858698e-01  1.76833574e-02  3.91864097e-01
  7.12177146e-01 -3.61755449e-01  1.04968616e+00 -4.36086640e-01
  2.56696183e-02  5.68603198e-01  3.86248000e-01 -5.83199776e-02
 -5.27476521e-01 -9.04455648e-02  5.29540763e-01 -1.50453087e-01
 -5.21920727e-01  1.09266502e+00 -4.99048081e-01  4.28914801e-01
  2.49057433e-01 -5.05185963e-01 -3.70923821e-01  4.96050893e-01
 -3.27553313e-01 -8.01928244e-01  5.48586272e-03  3.01210997e-01
  8.77440136e-02  1.88895414e-02  7.89598075e-01  3.53965206e-02
 -1.56280534e-02  5.53100348e-01  5.48677007e-01 -8.00946240e-01
 -5.63917250e-01  9.86709172e-02 -4.43859546e-01  4.64048599e-01
  7.97730250e-02  1.48272955e-01  1.18892825e+00 -5.60805055e-01
  5.99426829e-01  3.07319159e-01  5.83507472e-02 -4.66598626e-01
  7.71094623e-01 -2.21249831e-01  4.14949539e-01  3.84097038e-01
 -2.58557968e-01 -3.41599574e-01  8.21011682e-01 -1.32750853e-01
  1.41591895e+00  9.32742964e-01 -2.04729052e-01  4.96785652e-01
 -2.58284403e-01  1.97878654e-01 -4.21755033e-01  9.54890534e-01
 -5.72619939e-01  8.64415501e-01  1.00648725e+00 -2.31052018e-01
 -4.96481114e-01 -5.23028384e-01 -3.87561052e-02  5.85191290e-01
 -2.50282777e-02 -2.38265425e-01  9.88490193e-01  7.97241547e-01
  1.64664984e-01 -2.63300173e-02  6.58298842e-01 -2.85012284e-01
  8.38549487e-01  5.52386485e-01  1.40346371e+00  3.46451471e-02
  4.45375006e-01  2.26958539e-01 -1.29971010e+00 -5.05174086e-01
  4.56615954e-01  8.38609525e-01  5.00732141e-01  1.00905915e+00
  2.85241304e-01 -1.19039303e-01  1.31761367e+00  5.67623930e-01
  6.89537831e-01  7.12870979e-01  1.00540561e+00  6.27855127e-01
  3.39093708e-02  2.63465490e-01 -7.42960938e-01 -2.52225122e-01
  1.57413509e-01 -9.22006778e-01 -4.61864460e-01 -2.63804216e-03
  1.19947812e-01  6.46283860e-01  7.39978029e-02 -1.63832705e-02
  1.39491494e+00 -1.70112891e-01  8.14595536e-01 -2.63589319e-01
  9.04170648e-01 -8.39615263e-01 -2.49610607e-01  3.88186992e-01
 -1.26082367e+00  6.60810188e-01  1.18505375e+00  4.89729836e-01
  2.47047468e-01  1.58804755e+00 -3.98069466e-01 -4.36231125e-01
  1.45693513e-01 -6.11175606e-01  4.13915948e-01  3.13768930e-01
 -3.52771723e-01  5.57282174e-01  6.04526720e-01  3.90172971e-01
  1.33747032e+00  9.68280226e-01 -7.69577835e-01  6.74282955e-01
 -6.94184604e-02  1.17774329e+00  1.36113377e+00  5.03157522e-01
 -6.30418458e-02  6.74368383e-03 -6.54104561e-01 -2.16619653e-01
 -4.77493539e-01  7.94225941e-01 -6.43353266e-01  1.10965974e+00
 -8.77474950e-02  1.02109473e+00  4.14859232e-01  1.33474614e+00
 -2.76737232e-01  6.55321394e-01  5.73119864e-01  5.21974278e-01
 -2.10877353e-01 -9.31239146e-02 -1.48871028e-01 -4.56802793e-01
  5.59467452e-01  1.18508456e-01  1.05650127e+00 -2.99031213e-01
  6.30980979e-01  6.39589775e-01  7.70464020e-02  1.54114183e+00
  2.83179532e-01  1.05602437e+00  1.19787124e+00  4.01996384e-01
  9.14131475e-01  5.05759649e-01 -6.22990521e-01 -1.19923686e-01
  9.80117665e-01 -1.05039766e-01 -5.38505928e-01 -5.25995673e-03
 -1.55850504e-01  1.44635542e-01  1.27631794e+00  6.04721810e-01
  1.25461399e-01 -1.83892309e-01  3.32585541e-01  4.90981775e-01
  3.40969474e-02  4.85634583e-01  2.52180778e-01  4.62623273e-01
 -2.38188701e-01 -8.13934840e-01  8.34471632e-01  9.35712637e-01
  4.67557040e-01  6.14886350e-01  2.50549869e-01 -7.04472571e-01
  8.07954055e-01  6.76373585e-01 -9.86892791e-02 -4.72785688e-01
  3.65890135e-01  1.12726353e+00 -2.53675053e-01  8.71485414e-01
  2.02351023e-01 -2.04746886e-02  4.33131284e-01 -6.04936944e-01
  1.34817789e-01  8.89503837e-01 -3.31377921e-01 -3.46895547e-01
  8.23489686e-02  6.01608379e-01  6.28947253e-01 -4.05333461e-02
  6.62195108e-01  7.28894242e-01  5.84256192e-01  4.89478320e-01
  6.45823407e-01  1.02120914e-01 -1.55691200e-01  9.78065630e-01
  7.24779944e-01  8.33177063e-01  9.16939972e-01  5.67640424e-01
  4.34179344e-01  7.85509922e-01  6.42095903e-02  3.91654021e-01
  3.71982176e-01 -1.07511005e+00 -1.08561753e+00 -3.74606522e-01
  5.64060178e-01  3.20202684e-01  8.20094330e-02  6.46474645e-02
  8.90523135e-01  3.74917248e-01  2.43265647e-01  7.70214652e-02
  7.25291666e-02 -6.10000668e-01 -5.22932500e-01  9.37678756e-01
  2.09034107e-01 -5.28752331e-01 -1.04727778e+00 -1.24145333e-01
  1.20522355e+00  6.11610016e-01  6.98198758e-01  7.55992697e-01
  8.02141256e-01  2.32557211e-01 -1.29311020e-01  6.29954893e-01
  2.88675337e-01  7.12514875e-02 -5.00557744e-02  7.20540319e-01
 -4.58391838e-01 -6.44692929e-01  7.11299470e-01  1.43011436e+00
 -3.96496066e-02  6.13261666e-01  2.34570796e-01  3.73073694e-01
  6.34296939e-01  1.11509404e+00  4.68081790e-01 -6.01618191e-01
  6.24232623e-01  6.92533452e-01  6.73686048e-02 -1.44369990e-01
  1.44401679e+00  4.68484765e-01 -1.14629283e+00  3.84087302e-01
  2.72861946e-01  9.18355735e-01  1.43110430e+00  9.96842037e-01
 -2.80141518e-02  3.84049511e-01 -1.08341723e-01  2.32869485e-02
 -4.26610649e-01  6.25563205e-01  9.99785192e-01  2.22988815e-02
  2.81751159e-01  5.38830292e-01 -3.00806240e-01 -2.97004345e-02
  2.32611981e-01  9.98414351e-01 -4.48231328e-01  1.15633597e-01
 -1.72465136e-01  7.83040636e-01  1.58228356e-02  2.50840128e-01
  1.86885758e-01  5.11989241e-01  1.14103649e+00 -4.21813435e-01
  8.38047610e-01 -3.40646640e-01 -5.19165301e-01  1.24827586e+00
 -3.23451691e-01 -1.90883169e-01  4.94850927e-01  2.69536104e-01
  2.90417299e-01  1.10014319e+00  6.06948804e-01  2.80026767e-01
 -1.75738745e-01  3.80222695e-02  5.58029082e-01  5.69797605e-01
  1.78344493e-01 -1.93550499e-01 -3.67885830e-01  6.37355493e-02
  1.60610560e+00  2.15393687e-01  5.26970626e-01  5.29152970e-01
 -3.19826132e-02  4.90892796e-01 -2.58334395e-01  7.68111398e-01
 -6.62679354e-02 -1.27955318e-01  4.56754150e-02  4.47983467e-02
  1.27457449e-01 -6.24680542e-01 -3.00938601e-01 -9.02904551e-01
 -8.80329099e-03  7.60006363e-01  6.19199434e-01 -3.42053344e-01
 -1.41865009e+00  7.46531544e-01  9.22029934e-01 -4.84782093e-01
  5.95511535e-01  2.93901565e-01 -3.23163631e-01  8.84606611e-01
 -3.55787676e-01 -1.03999823e+00 -3.08173359e-01  1.19268256e+00
  5.01824055e-01 -6.52535510e-02  7.16846811e-01  1.57365558e-02
  9.41178255e-01 -9.39019963e-01  1.48769563e+00  2.33114964e-01]