[-2.07177579e-01  1.00619881e+00  9.52668991e-01  5.50527654e-01
  4.97503123e-01  3.09251260e-01  1.88289751e-01  5.01353856e-01
  3.01603659e-01  5.45718650e-01  9.52027170e-01  1.70048422e-01
 -3.64620355e-01  8.49492972e-01 -8.50530247e-02  8.72433396e-01
  2.33168937e-01  4.28655833e-01  2.04079052e-01  3.19919458e-01
  2.86337853e-01  2.97395658e-01  1.59011293e+00  7.32379084e-01
  1.44183503e+00  1.00386234e+00  3.89450049e-01  6.55491840e-02
  6.65538986e-01  1.02818001e-01  7.16750472e-01 -1.50000915e+00
  1.51257409e-01  8.87483383e-01  4.72518729e-02 -5.77688721e-01
  1.64882942e-01 -2.80583838e-02  6.10144045e-03  6.06057032e-01
  2.68161080e-01  3.81823416e-01  5.04194713e-01  1.50363522e-01
  1.92854836e-01  1.02367397e+00  4.88476812e-01  7.99779635e-01
  7.46685889e-01 -3.31232045e-01 -6.61628699e-02  6.42344866e-01
  2.65858820e-01  3.98839616e-01 -2.31445248e-01  5.53924345e-02
  9.56343163e-01 -4.32614635e-01  3.68446872e-01  3.68501025e-01
 -7.91708695e-02  9.55618237e-01  3.53177570e-01 -1.93268280e-01
  4.32696174e-01 -5.02499188e-01  4.02431667e-01  4.25432973e-01
  4.57854691e-01  1.21574436e+00  8.39628659e-01  2.19023209e-01
  5.74283525e-01 -4.75493920e-01  6.97426203e-01  4.80721272e-01
 -2.53537592e-01  8.31175338e-01  1.08394822e+00  7.59425924e-01
 -1.54226398e-01  8.63810182e-01  5.43355610e-01 -8.02788352e-02
 -4.69576813e-01  8.24784966e-01  1.21041994e+00  9.30917527e-02
  1.03271106e+00 -4.22938225e-02  6.21458162e-01  5.76179179e-01
 -1.01823308e-01  1.17510837e+00  8.46157514e-01  3.75717451e-02
 -5.12678975e-01  9.59704803e-01  5.56220243e-01  1.28080803e+00
 -4.96304419e-01  3.84477536e-01 -3.04349431e-01  4.44510485e-01
  2.80396241e-02  1.03285009e+00 -3.80502483e-01  4.35336565e-01
  9.40371977e-01  2.28016874e-01  4.90085688e-02  5.59718690e-01
 -7.12150561e-03  5.04843192e-01 -2.94356125e-01  7.50528042e-01
  1.09671484e+00 -6.95586489e-01  1.60281627e-01  2.70574333e-01
  8.40137511e-01  7.87997308e-01  6.79785283e-01  5.50163727e-01
 -6.17908674e-01 -1.24932537e+00  3.97414134e-01  8.73141996e-01
  1.48686765e-01  1.10266150e+00 -8.05841693e-01  6.73274974e-01
 -2.49210640e-01  1.23468331e+00 -4.66949650e-01  8.62939275e-01
 -1.47044593e+00 -1.98018700e-01 -3.09610753e-01  8.95623582e-01
 -2.49803161e-02 -1.12717804e-01  6.83429765e-01  5.06085264e-01
  9.78371123e-01  8.75748597e-01  1.62441456e+00  1.88134633e-01
  3.00669153e-01  1.21499300e+00 -7.02569912e-01  1.22168133e+00
 -3.78232427e-01  1.17283849e+00  6.31437703e-01 -3.60598060e-01
  6.89397861e-01  1.05102500e-02  6.76674412e-01  3.66907562e-01
 -4.24178424e-01  4.20701685e-02 -9.93231018e-02  3.73198052e-02
 -2.98661695e-01  8.11614704e-01 -3.43416714e-01 -5.71091997e-01
  5.85782797e-01  3.11773751e-01  1.58531215e-01  4.80008637e-01
  4.12799793e-01  7.22669981e-01  8.37826855e-01  1.11516285e+00
  9.33953794e-01 -1.28828237e-01  1.42115442e+00  1.50380638e-01
  1.27702474e+00 -3.03920270e-01  6.75747238e-01 -3.28120948e-02
  2.51330214e-01  1.01016149e+00  1.20166486e+00  3.29655917e-01
  1.12612670e+00  1.11700444e+00  2.70107789e-01  4.86057023e-01
  7.04115109e-01  4.47660201e-01  6.88125790e-01  1.49523156e+00
  6.97131260e-01  3.79571841e-01  8.04038916e-01  5.29328315e-01
  4.88255967e-01  8.94754291e-01  3.77377984e-01  4.66710693e-01
  1.52039485e+00 -5.34612558e-01 -1.73791596e-01  8.34730927e-01
  7.26286790e-01  2.52598047e-01 -3.95724481e-02  5.31389695e-01
  1.21142905e+00  8.56116768e-01 -2.94403016e-01 -9.03481891e-01
 -2.19571500e-01  1.13539591e+00  3.91947163e-01  6.73323899e-01
 -7.84774312e-01  6.56586774e-01 -1.98602751e-01 -7.55889758e-02
  1.44207369e-01  5.94421573e-01  5.39666361e-01 -3.42640933e-01
  6.98263479e-02 -6.82546727e-03 -9.74031171e-01  1.48099237e+00
  4.36082713e-01  8.27239874e-01 -4.86781751e-01  9.38160216e-03
 -3.03522821e-01  8.23628834e-01  1.03931668e+00 -9.33898916e-01
  4.17328784e-01 -1.07033824e+00 -1.09369151e+00  8.07805902e-01
 -6.42118324e-01  1.21088679e+00 -7.00068651e-01 -6.37790552e-02
 -2.38744002e-01 -1.35973085e+00  7.07290477e-01  4.52894761e-01
  1.43870929e+00 -2.42590353e-01  4.70230771e-01  5.52852045e-01
  9.10283762e-01  7.71475142e-01  9.90832388e-01  1.13389822e+00
  1.03000058e+00 -2.53760373e-01  7.78943134e-01  4.83837497e-01
  1.01270731e-01 -3.07613254e-01  8.51788480e-01  6.59616604e-01
  9.76930128e-01 -2.03744452e-01  5.19831704e-01 -2.97259539e-01
  3.16390365e-01  1.20077062e+00 -1.06400193e+00  4.88635971e-02
  3.97767879e-01 -3.24969060e-01  4.71318811e-01  8.94689802e-01
 -4.04430585e-01  1.57231842e-01  1.14132832e+00  1.07447024e+00
 -3.59590758e-01 -7.34745180e-02  1.18278726e+00  6.34375540e-01
  5.08564193e-02  2.42958532e-02 -2.25059683e-02  4.51127448e-01
 -2.43588136e-03  8.12969238e-01  6.08822531e-01  6.10268439e-01
  1.51725399e-01 -2.54933358e-01  1.09179219e+00  7.35124966e-01
 -6.15541501e-01  1.02734732e+00 -3.33614054e-01 -3.90849846e-01
  9.95518402e-01 -1.97086858e-01 -5.13468553e-01  3.99890429e-01
  8.82454816e-01  8.72485018e-02  1.07494301e+00 -1.51398087e-01
 -6.96484166e-01  9.05357346e-01 -2.16413806e-01  1.05210533e+00
  8.54487173e-01 -1.27778687e-01  7.06244841e-01 -4.49504537e-01
  3.10028267e-01  5.51506739e-01 -5.23236439e-01  8.80158692e-01
  1.11597267e-01  1.43902859e+00  1.23792873e+00 -2.64038687e-02
  7.78280222e-01  7.98241087e-01  8.54688281e-01  1.26522596e+00
 -3.89288578e-01  3.35961017e-01  3.21140064e-01  3.15338311e-01
 -1.07318764e+00  4.34797518e-01  1.09954309e-01 -3.21726207e-01
 -3.70812006e-01  1.28581714e+00  7.26661670e-01  1.12955203e+00
  3.76921569e-01  6.14426421e-01  1.62631310e-01  5.78182503e-01
  6.41943127e-01  1.76786764e-01  7.16532571e-01  9.43139794e-01
 -1.01706833e-01  4.56086561e-01  4.60963727e-01  3.56577667e-01
  9.85302356e-01 -6.19585475e-01 -8.82019630e-02  1.19462085e+00
 -1.24462428e-01  1.40472742e+00 -4.02795349e-03  7.05737457e-01
  7.57246617e-01 -5.17958835e-01  2.94996373e-01 -6.05396221e-01
 -6.13028220e-02  1.94385168e-01  9.23132172e-01  5.82508932e-01
  9.33285138e-01  8.67459600e-01 -1.37558926e+00  6.21445591e-02
 -6.99780219e-03  2.35209313e-01  3.02541392e-01 -3.93651298e-01
  7.61883531e-01 -1.23976464e-01 -6.28088160e-01  5.38135328e-01
  5.84259442e-01  1.89180851e-01  6.29372459e-01  9.69463374e-01
  4.36469236e-01  1.10899485e+00 -4.76903214e-01 -4.88351298e-02
  1.33885918e-01  2.20263418e-01 -1.21086084e-01  7.15053248e-01
  2.95301913e-01  2.80672388e-01  1.84136887e-01 -4.06464033e-01
  1.97018306e-01 -3.07557345e-02  7.46401702e-01 -6.28134778e-02
  1.25174120e+00 -2.01230971e-01  6.34317126e-01 -1.10068597e+00
  1.64905695e-02  4.82364240e-01  7.67907546e-02  7.02368572e-01
  8.98451733e-01 -3.72231179e-01 -7.48139767e-01  2.18127927e-01
  4.87218497e-01  1.35002108e+00 -1.33112040e-01  1.21501917e+00
  5.98410588e-01 -4.03570293e-01 -1.40078135e+00  3.58501164e-01
  1.37930206e+00 -9.50139800e-01  7.90088748e-01 -6.73322647e-01
  1.48499114e+00  5.76457485e-01  6.40940480e-02  1.72596644e-01
 -3.10672094e-02  5.38939609e-01  1.01205307e-01  4.64437796e-01
 -1.83878806e-01 -4.13888828e-01  9.63037986e-01  1.05932197e+00
 -2.19219653e-01  4.65414229e-01  8.17275172e-01  4.39084844e-01
 -6.58253092e-01  1.39802807e+00 -8.56731829e-01 -1.90072781e-01
 -7.30513744e-01  3.28119787e-01  3.14082949e-01  9.87275007e-01
 -6.17790408e-01  5.55587550e-01 -9.14916539e-01  4.74500426e-01
 -1.73576909e-02  1.39153812e+00  2.01919871e-01 -3.59755303e-01
  1.15636419e+00  1.00305927e+00 -2.00559496e-01  5.92274845e-01
  8.42724615e-01  7.11427575e-01 -4.62685058e-01  4.35579935e-01
  2.55366561e-02  1.00204263e+00  1.57651514e-01  5.53705002e-01
  7.71568338e-01  9.58610370e-01 -1.01058754e+00  4.12897422e-01
  1.25692043e+00  3.79890035e-01  3.69197837e-01  1.02048141e+00
  7.02263622e-01  6.57137090e-01  4.66604970e-01  6.51319493e-02
 -9.58679689e-01  1.01778872e+00  5.11628929e-01 -6.62929098e-01
 -5.85489455e-02 -1.87607094e-01  7.38742834e-01  7.53594427e-01
  4.96498840e-01  3.88222385e-01  3.40334683e-02 -4.61205522e-01
  1.07253769e+00 -8.71539644e-02  2.61892239e-01  5.80097252e-01
  4.08230725e-01  5.08077663e-01  6.99980847e-01 -1.56268608e-01
  2.68334748e-01 -7.56043531e-01  1.16271752e+00  3.98177306e-01
  1.14935601e+00  7.25803319e-02  9.88269917e-01 -4.20402325e-01
  1.09519801e-01 -4.58946558e-01  2.28318446e-01  9.96050689e-01
  1.67990797e-01 -8.10027629e-01  6.06266076e-01  4.92501207e-01
  9.83064977e-01 -3.29710830e-01  1.34675714e+00  4.84260652e-02
  8.40483942e-01  5.11068130e-01  2.09621125e-01  8.86712364e-01
 -3.94112480e-01  1.15837309e+00  2.07046452e-01  2.23029966e-01
  4.76056053e-01  4.20169387e-01 -6.34630580e-02 -2.05925849e-01
  6.26763927e-01  1.26209038e+00  1.39238212e+00  3.74197096e-01
 -6.77515530e-01 -8.77428278e-01 -5.30169066e-01  7.51655418e-01
  1.87911196e-01  8.42934735e-01  1.38750147e+00  4.81863673e-01
  1.50154371e-01 -9.61027278e-01  9.77724785e-01 -3.13360263e-01
 -4.04931361e-01 -3.20135803e-01  5.86047042e-01 -8.02127586e-03
 -5.20526720e-01  5.52729379e-01  2.11145196e-01  6.65623120e-01
 -5.50010702e-01  7.91688766e-02 -4.68815749e-01  4.28710037e-01
  1.12576345e-01 -7.78076301e-01  4.39097586e-01 -1.64016933e+00
  1.13030385e-02  4.58434787e-01  1.24503816e-01  2.68520664e-01
 -9.46157515e-02  7.30040278e-01 -3.10320963e-02  6.67442641e-01
  1.17301559e+00  5.02790953e-01  1.11677565e+00  1.38074455e+00
  6.78900346e-01  4.30915881e-01  6.28908128e-01 -8.25405989e-01
 -2.84270501e-01  7.69330128e-01 -5.73588159e-01  9.22392256e-01
  4.83283068e-01  9.25625882e-01  5.45499782e-01 -2.70356878e-01
  1.22607499e+00  4.05749650e-02  1.66758201e-01  4.09987171e-01
  5.32543120e-01  9.22831737e-01  2.08798212e-01  8.80580888e-01
  1.26642958e+00  5.74818458e-01  7.46770920e-01  3.54780698e-01
 -1.29817688e-02  7.83908791e-01 -4.37537751e-01  8.97740611e-01
  3.56839226e-01  6.45161668e-01  1.55207708e-01  7.66795142e-01
  7.18399761e-01  1.10866579e-01 -4.13954104e-01  4.63864210e-01
  4.73718803e-01  3.43983934e-01  1.20288700e+00  1.12142190e+00
 -1.23677531e-01  7.91443867e-01  9.92051432e-03  5.82962059e-02
  2.66184451e-01  3.00426868e-01  1.12305227e+00 -5.17968751e-01
 -6.43079739e-01  8.82678183e-01  1.16482121e+00  4.86835258e-02
 -7.87265878e-01  4.15730007e-01  5.58422381e-02 -1.13575474e-01
 -4.21886034e-01  1.02411558e+00 -1.04952314e-01  3.15859875e-01
 -1.61901834e-02 -3.21729716e-02 -1.10211680e-02  4.06448786e-01
 -6.61745640e-02 -1.75593003e-01  4.74627934e-01  4.23145814e-01
 -2.53010059e-01 -1.19031014e-01  7.48089962e-01  4.57892988e-02
  5.83031694e-01  6.91716813e-01  4.03774359e-01 -1.60608388e+00
 -2.17197290e-01  5.24565242e-01 -5.33161235e-01  1.17409250e+00
  2.56265777e-02  2.91858666e-01  1.40841792e+00 -4.99992546e-01
  7.80085025e-01  7.13394579e-01  1.70880132e-02 -2.33137392e-01
  6.10198778e-01  1.56566695e-01  6.29703365e-01  5.01247024e-01
 -3.76262786e-01  1.07610459e-01  1.08451896e+00  8.67705832e-02
  9.17335450e-01  7.89475101e-01  3.87144545e-01  6.39416763e-01
  5.05987359e-01  1.27298514e-02 -1.27238122e-01  1.08991801e+00
 -3.78533577e-01  1.26904862e+00  1.35220072e+00 -4.26266988e-01
 -1.72557609e-01 -1.20993520e-01  1.13058217e-01  5.85686311e-01
  3.22395139e-01  2.06675007e-01  1.04295047e+00  5.80136839e-01
  2.26668518e-01  4.14839369e-01  7.00923113e-01  4.87707681e-03
  6.80175533e-01  4.67750382e-01  1.36636666e+00  6.39636990e-01
  8.03811790e-01  1.82205265e-01 -7.67252413e-01 -2.33319541e-01
  3.60333940e-01  7.55939271e-01  7.06979451e-01  1.05573211e+00
  5.24540446e-01  3.46898942e-01  1.18353738e+00  4.42457235e-01
  2.39069246e-01  7.53137500e-01  1.24237357e+00  9.63591199e-01
  1.00422422e-01  5.36800146e-01 -3.66303466e-01 -1.03989549e-01
 -4.69670002e-01 -8.72966773e-01 -5.31689217e-01  1.87554001e-01
 -3.03861584e-01  1.27935374e-01  5.00518125e-01  4.42322136e-01
  1.09760512e+00 -3.63674316e-01  6.05451626e-01  7.69788179e-02
  9.67776556e-01 -2.45452199e-01 -5.91520192e-01  3.73621198e-01
 -9.18994269e-01  1.05665294e+00  1.00508041e+00  5.98595939e-01
  2.30870669e-01  1.52471605e+00 -1.70198914e-01  1.11777917e-01
  7.36609076e-01  1.21111174e-01  6.57253438e-01  4.55862452e-01
  1.54845809e-01  8.81879513e-01  6.76074131e-01  3.97443947e-01
  1.45780914e+00  6.93525139e-01 -1.89475009e-01  2.32072087e-01
 -3.49177278e-01  1.00636126e+00  7.46654799e-01  8.81914125e-01
 -9.54322045e-02  3.38551313e-01 -1.39422256e+00 -7.62083307e-02
  8.05225873e-02  1.36563955e+00 -4.95813514e-01  1.23403698e+00
  3.97256002e-01  6.07284857e-01 -5.29908846e-02  1.23748796e+00
 -4.65746913e-01  1.04846379e+00  6.06584507e-01  8.02826155e-01
  3.95578273e-01 -6.52313771e-02  3.87234169e-01  2.68403232e-01
  9.99575767e-01  3.99194215e-01  8.95265712e-01 -4.99631206e-01
  4.57695140e-01  9.24021983e-01  7.61932783e-02  1.42413802e+00
  1.03575392e+00  1.10417288e+00  1.22343884e+00  4.52132561e-01
  9.73244759e-01  6.85311013e-01 -1.86637833e-01 -2.91946627e-01
  1.31867595e+00 -1.13705706e-01  2.85636064e-01  1.97775222e-01
  7.48711496e-01  1.96895817e-01  1.10023024e+00  7.45561088e-01
  3.52101873e-01  1.23350172e-01  3.71107267e-01  3.60764953e-01
  3.10171893e-01  3.98352395e-01  3.39744788e-01  5.11226577e-01
 -1.56238450e-01 -1.47467090e+00  8.04831884e-01  8.05021503e-01
  1.03410819e+00  4.02600997e-01  5.81547127e-01 -6.05464875e-01
  1.17533792e+00  1.01116446e+00 -2.88184483e-01  3.42950308e-01
  7.70672595e-01  1.43199261e+00 -3.31136252e-03  7.26262347e-01
  3.79099137e-01  3.48146516e-01  9.59823479e-01  4.23420060e-01
  2.08553414e-01  9.37312855e-01  2.21967343e-01  8.96700510e-02
  5.43149035e-01  5.28868587e-01  6.15824978e-01  4.11960736e-01
  3.06496297e-01  1.07526382e+00 -2.28871994e-01  2.55945264e-02
  1.02503762e+00  6.05556653e-01 -3.43183178e-02  1.26024682e+00
  5.79283612e-01  1.22468210e+00  1.00646437e+00  6.31353625e-01
  7.43476044e-01  1.00482626e+00  6.94243904e-01  3.78244893e-01
  5.43318355e-01 -9.55848293e-01 -4.19093050e-02  3.87148310e-03
 -2.21361318e-02 -2.58634099e-01  4.96799876e-01 -5.08538405e-02
  9.18420531e-01  4.24052689e-01  7.17577181e-01  4.51399064e-01
  1.10039853e-01 -5.31406193e-01 -4.42361254e-01  8.33915496e-01
  6.50758041e-02 -2.14608431e-01 -1.12520664e+00  1.11154172e-01
  1.03834395e+00  3.61967998e-02  1.01741473e+00  1.85048637e-01
  7.48897501e-01 -1.42770220e-01  3.98137883e-02 -1.60120385e-01
 -1.83397943e-02  2.63659884e-01 -1.53313826e-01  1.12803338e+00
 -5.58507839e-01 -7.91442603e-01  5.13716583e-01  1.16642340e+00
  2.04137286e-01  3.53112879e-01 -1.99730292e-01  5.80126845e-01
  4.27372525e-01  1.03556001e+00  7.32969802e-01 -7.67682897e-01
  7.51769430e-01  1.09835213e+00  2.86444449e-01 -1.80082959e-01
  8.62042206e-01  3.44014759e-01 -5.19502440e-01  4.10385659e-01
  6.05200039e-01  4.96151246e-01  1.38874523e+00  1.12141076e+00
  5.80354677e-02  7.04174955e-01  2.23824473e-01 -3.09190255e-01
 -8.62824169e-02  5.72251090e-01  1.10659995e+00 -1.70409854e-01
  4.90550421e-01  4.40454561e-01 -3.92566004e-01 -4.54233404e-01
  6.57375796e-01  4.02429949e-01 -3.40885870e-02  4.05496410e-01
  3.03988323e-01  1.14533339e+00  6.08877741e-01  6.80463554e-01
  6.57890693e-01  2.05407720e-01  1.22770108e+00  1.79701388e-01
  7.67965261e-01 -2.43480209e-01 -2.40906288e-02  1.26212419e+00
 -5.14935659e-01 -4.37850437e-01  5.75146757e-01  3.49686618e-01
  4.21948935e-01  1.09970538e+00  3.16794805e-01  3.54455128e-01
  2.03173260e-01 -1.82685806e-01  3.75789601e-01  5.35464231e-01
  6.78775070e-02 -5.73565684e-02  4.99877085e-01  1.17563985e-01
  1.40981596e+00  5.46118770e-01  4.74821656e-01  7.05773221e-01
  2.88411574e-01  3.20057653e-01 -2.05804052e-01  8.08147152e-01
 -4.33035277e-01 -4.36125030e-01  4.68889448e-01 -8.22256193e-02
  5.51201803e-01 -4.00027911e-01  5.54681186e-01 -5.87010437e-01
  8.06276680e-01  8.43890956e-01  8.83190088e-01  4.34494435e-01
 -6.83307838e-01  5.08498925e-01  9.59159921e-01  1.70642301e-01
  6.80422413e-01  6.89572137e-01  1.01689709e-01  6.60569359e-01
 -6.95248475e-02 -3.73687702e-01 -1.77825591e-01  1.15838653e+00
  5.37128042e-01 -2.46363309e-02  9.02280163e-01  1.00247221e-03
  7.15618276e-01 -1.43982603e-01  1.44809686e+00  6.71392465e-01]