[0.         0.0019685  0.0019685  0.00393701 0.00393701 0.00590551
 0.00590551 0.00984252 0.00984252 0.01377953 0.01377953 0.01574803
 0.01574803 0.01771654 0.01771654 0.01968504 0.01968504 0.02165354
 0.02165354 0.03543307 0.03543307 0.03937008 0.03937008 0.0492126
 0.0492126  0.05511811 0.05511811 0.06299213 0.06299213 0.06496063
 0.06496063 0.07480315 0.07480315 0.08661417 0.08661417 0.0984252
 0.0984252  0.1003937  0.1003937  0.10629921 0.10629921 0.11023622
 0.11023622 0.11220472 0.11220472 0.13188976 0.13188976 0.13582677
 0.13582677 0.14173228 0.14173228 0.1476378  0.1476378  0.1496063
 0.1496063  0.15354331 0.15354331 0.15944882 0.15944882 0.16535433
 0.16535433 0.16732283 0.16732283 0.16929134 0.16929134 0.17322835
 0.17322835 0.17519685 0.17519685 0.17913386 0.17913386 0.18307087
 0.18307087 0.18700787 0.18700787 0.18897638 0.18897638 0.19291339
 0.19291339 0.20669291 0.20669291 0.21456693 0.21456693 0.21850394
 0.21850394 0.22834646 0.22834646 0.23425197 0.23425197 0.23622047
 0.23622047 0.24606299 0.24606299 0.2480315  0.2480315  0.2519685
 0.2519685  0.25787402 0.25787402 0.27362205 0.27362205 0.27755906
 0.27755906 0.28346457 0.28346457 0.28937008 0.28937008 0.29133858
 0.29133858 0.29724409 0.29724409 0.2992126  0.2992126  0.3011811
 0.3011811  0.30314961 0.30314961 0.30905512 0.30905512 0.31102362
 0.31102362 0.31299213 0.31299213 0.31692913 0.31692913 0.31889764
 0.31889764 0.32283465 0.32283465 0.32480315 0.32480315 0.33464567
 0.33464567 0.33858268 0.33858268 0.34448819 0.34448819 0.3503937
 0.3503937  0.3523622  0.3523622  0.35433071 0.35433071 0.35826772
 0.35826772 0.36417323 0.36417323 0.36614173 0.36614173 0.36811024
 0.36811024 0.37007874 0.37007874 0.37401575 0.37401575 0.37795276
 0.37795276 0.38188976 0.38188976 0.38582677 0.38582677 0.39173228
 0.39173228 0.3976378  0.3976378  0.3996063  0.3996063  0.4015748
 0.4015748  0.40551181 0.40551181 0.42716535 0.42716535 0.43307087
 0.43307087 0.43503937 0.43503937 0.44488189 0.44488189 0.4507874
 0.4507874  0.45669291 0.45669291 0.46062992 0.46062992 0.46259843
 0.46259843 0.46456693 0.46456693 0.46653543 0.46653543 0.47834646
 0.47834646 0.48622047 0.48622047 0.49015748 0.49015748 0.49212598
 0.49212598 0.49606299 0.49606299 0.4980315  0.4980315  0.5
 0.5        0.5019685  0.5019685  0.50984252 0.50984252 0.51181102
 0.51181102 0.51771654 0.51771654 0.51968504 0.51968504 0.52362205
 0.52362205 0.52559055 0.52559055 0.52755906 0.52755906 0.52952756
 0.52952756 0.53149606 0.53149606 0.53543307 0.53543307 0.54330709
 0.54330709 0.54527559 0.54527559 0.55314961 0.55314961 0.55511811
 0.55511811 0.56299213 0.56299213 0.57086614 0.57086614 0.57677165
 0.57677165 0.57874016 0.57874016 0.58070866 0.58070866 0.58267717
 0.58267717 0.58661417 0.58661417 0.58858268 0.58858268 0.59055118
 0.59055118 0.59251969 0.59251969 0.59645669 0.59645669 0.6003937
 0.6003937  0.61220472 0.61220472 0.61614173 0.61614173 0.62401575
 0.62401575 0.62795276 0.62795276 0.63188976 0.63188976 0.64173228
 0.64173228 0.64566929 0.64566929 0.6476378  0.6476378  0.6496063
 0.6496063  0.6515748  0.6515748  0.65944882 0.65944882 0.66141732
 0.66141732 0.66929134 0.66929134 0.67125984 0.67125984 0.67322835
 0.67322835 0.67519685 0.67519685 0.68110236 0.68110236 0.68307087
 0.68307087 0.68897638 0.68897638 0.69094488 0.69094488 0.69291339
 0.69291339 0.69685039 0.69685039 0.6988189  0.6988189  0.70275591
 0.70275591 0.70669291 0.70669291 0.70866142 0.70866142 0.71456693
 0.71456693 0.71653543 0.71653543 0.72047244 0.72047244 0.72834646
 0.72834646 0.73228346 0.73228346 0.73425197 0.73425197 0.73622047
 0.73622047 0.74015748 0.74015748 0.74212598 0.74212598 0.74409449
 0.74409449 0.7480315  0.7480315  0.75       0.75       0.75590551
 0.75590551 0.75787402 0.75787402 0.75984252 0.75984252 0.76181102
 0.76181102 0.76377953 0.76377953 0.76574803 0.76574803 0.76968504
 0.76968504 0.77165354 0.77165354 0.77362205 0.77362205 0.77559055
 0.77559055 0.77755906 0.77755906 0.77952756 0.77952756 0.78149606
 0.78149606 0.78346457 0.78346457 0.78543307 0.78543307 0.78937008
 0.78937008 0.79133858 0.79133858 0.80511811 0.80511811 0.81102362
 0.81102362 0.81299213 0.81299213 0.82086614 0.82086614 0.82283465
 0.82283465 0.83070866 0.83070866 0.83267717 0.83267717 0.83464567
 0.83464567 0.83661417 0.83661417 0.84055118 0.84055118 0.84251969
 0.84251969 0.84448819 0.84448819 0.8484252  0.8484252  0.8523622
 0.8523622  0.86417323 0.86417323 0.86614173 0.86614173 0.86811024
 0.86811024 0.87007874 0.87007874 0.87204724 0.87204724 0.87401575
 0.87401575 0.87795276 0.87795276 0.87992126 0.87992126 0.88385827
 0.88385827 0.88582677 0.88582677 0.88779528 0.88779528 0.88976378
 0.88976378 0.89566929 0.89566929 0.8976378  0.8976378  0.8996063
 0.8996063  0.9015748  0.9015748  0.90748031 0.90748031 0.90944882
 0.90944882 0.91141732 0.91141732 0.91338583 0.91338583 0.91535433
 0.91535433 0.91929134 0.91929134 0.92125984 0.92125984 0.92322835
 0.92322835 0.92716535 0.92716535 0.93110236 0.93110236 0.93503937
 0.93503937 0.93700787 0.93700787 0.93897638 0.93897638 0.94094488
 0.94094488 0.94291339 0.94291339 0.9507874  0.9507874  0.95669291
 0.95669291 0.96456693 0.96456693 0.97244094 0.97244094 0.97440945
 0.97440945 0.97637795 0.97637795 0.97834646 0.97834646 0.98228346
 0.98228346 0.98622047 0.98622047 0.99212598 0.99212598 0.99409449
 0.99409449 0.9980315  0.9980315  1.        ]