[0.         0.         0.0019685  0.0019685  0.00393701 0.00393701
 0.00787402 0.00787402 0.01377953 0.01377953 0.01574803 0.01574803
 0.02362205 0.02362205 0.03149606 0.03149606 0.03346457 0.03346457
 0.03740157 0.03740157 0.04133858 0.04133858 0.04330709 0.04330709
 0.04527559 0.04527559 0.0511811  0.0511811  0.05708661 0.05708661
 0.05905512 0.05905512 0.06692913 0.06692913 0.07283465 0.07283465
 0.07677165 0.07677165 0.08070866 0.08070866 0.08858268 0.08858268
 0.09055118 0.09055118 0.09251969 0.09251969 0.1003937  0.1003937
 0.1023622  0.1023622  0.10433071 0.10433071 0.10629921 0.10629921
 0.11023622 0.11023622 0.11417323 0.11417323 0.11811024 0.11811024
 0.12007874 0.12007874 0.12204724 0.12204724 0.12795276 0.12795276
 0.12992126 0.12992126 0.13188976 0.13188976 0.13582677 0.13582677
 0.14370079 0.14370079 0.1496063  0.1496063  0.1515748  0.1515748
 0.15551181 0.15551181 0.17716535 0.17716535 0.17913386 0.17913386
 0.18700787 0.18700787 0.18897638 0.18897638 0.19094488 0.19094488
 0.19488189 0.19488189 0.19685039 0.19685039 0.20275591 0.20275591
 0.20866142 0.20866142 0.21653543 0.21653543 0.21850394 0.21850394
 0.22244094 0.22244094 0.22637795 0.22637795 0.23031496 0.23031496
 0.23228346 0.23228346 0.23622047 0.23622047 0.24015748 0.24015748
 0.24409449 0.24409449 0.25       0.25       0.25393701 0.25393701
 0.25984252 0.25984252 0.26771654 0.26771654 0.26968504 0.26968504
 0.27362205 0.27362205 0.27559055 0.27559055 0.27755906 0.27755906
 0.28543307 0.28543307 0.28937008 0.28937008 0.2992126  0.2992126
 0.30511811 0.30511811 0.30905512 0.30905512 0.31299213 0.31299213
 0.31889764 0.31889764 0.32874016 0.32874016 0.33070866 0.33070866
 0.33661417 0.33661417 0.34448819 0.34448819 0.3484252  0.3484252
 0.35433071 0.35433071 0.36023622 0.36023622 0.36811024 0.36811024
 0.37007874 0.37007874 0.37204724 0.37204724 0.37992126 0.37992126
 0.38385827 0.38385827 0.39370079 0.39370079 0.3976378  0.3976378
 0.4015748  0.4015748  0.40354331 0.40354331 0.40551181 0.40551181
 0.40748031 0.40748031 0.40944882 0.40944882 0.41141732 0.41141732
 0.41338583 0.41338583 0.41535433 0.41535433 0.41929134 0.41929134
 0.42125984 0.42125984 0.42322835 0.42322835 0.42716535 0.42716535
 0.43110236 0.43110236 0.43700787 0.43700787 0.44291339 0.44291339
 0.45472441 0.45472441 0.46850394 0.46850394 0.47244094 0.47244094
 0.47440945 0.47440945 0.47834646 0.47834646 0.48425197 0.48425197
 0.48622047 0.48622047 0.48818898 0.48818898 0.49212598 0.49212598
 0.49606299 0.49606299 0.4980315  0.4980315  0.5        0.5
 0.5019685  0.5019685  0.50787402 0.50787402 0.51181102 0.51181102
 0.51574803 0.51574803 0.51771654 0.51771654 0.52165354 0.52165354
 0.52559055 0.52559055 0.52952756 0.52952756 0.53346457 0.53346457
 0.54133858 0.54133858 0.54527559 0.54527559 0.5511811  0.5511811
 0.57086614 0.57086614 0.57283465 0.57283465 0.57874016 0.57874016
 0.58070866 0.58070866 0.58267717 0.58267717 0.58661417 0.58661417
 0.59055118 0.59055118 0.59251969 0.59251969 0.59645669 0.59645669
 0.5984252  0.5984252  0.60433071 0.60433071 0.60629921 0.60629921
 0.61023622 0.61023622 0.61417323 0.61417323 0.61811024 0.61811024
 0.62007874 0.62007874 0.62204724 0.62204724 0.62598425 0.62598425
 0.62795276 0.62795276 0.63188976 0.63188976 0.63779528 0.63779528
 0.64173228 0.64173228 0.64370079 0.64370079 0.64566929 0.64566929
 0.6496063  0.6496063  0.65551181 0.65551181 0.65944882 0.65944882
 0.66141732 0.66141732 0.66535433 0.66535433 0.66929134 0.66929134
 0.67519685 0.67519685 0.67716535 0.67716535 0.67913386 0.67913386
 0.68700787 0.68700787 0.68897638 0.68897638 0.69094488 0.69094488
 0.69291339 0.69291339 0.70275591 0.70275591 0.70472441 0.70472441
 0.71062992 0.71062992 0.71653543 0.71653543 0.71850394 0.71850394
 0.72047244 0.72047244 0.72440945 0.72440945 0.72834646 0.72834646
 0.73031496 0.73031496 0.73228346 0.73228346 0.73425197 0.73425197
 0.73818898 0.73818898 0.74015748 0.74015748 0.74212598 0.74212598
 0.74606299 0.74606299 0.7519685  0.7519685  0.75393701 0.75393701
 0.75787402 0.75787402 0.76181102 0.76181102 0.76377953 0.76377953
 0.76574803 0.76574803 0.77362205 0.77362205 0.77559055 0.77559055
 0.77755906 0.77755906 0.77952756 0.77952756 0.78346457 0.78346457
 0.78543307 0.78543307 0.78740157 0.78740157 0.8011811  0.8011811
 0.80314961 0.80314961 0.80511811 0.80511811 0.80708661 0.80708661
 0.81102362 0.81102362 0.81889764 0.81889764 0.82283465 0.82283465
 0.82677165 0.82677165 0.82874016 0.82874016 0.83464567 0.83464567
 0.84055118 0.84055118 0.84448819 0.84448819 0.84645669 0.84645669
 0.8484252  0.8484252  0.8523622  0.8523622  0.85433071 0.85433071
 0.85629921 0.85629921 0.86023622 0.86023622 0.86417323 0.86417323
 0.86811024 0.86811024 0.87007874 0.87007874 0.87204724 0.87204724
 0.87795276 0.87795276 0.87992126 0.87992126 0.88188976 0.88188976
 0.88582677 0.88582677 0.88779528 0.88779528 0.89173228 0.89173228
 0.89566929 0.89566929 0.8996063  0.8996063  0.90354331 0.90354331
 0.90551181 0.90551181 0.90748031 0.90748031 0.92125984 0.92125984
 0.92322835 0.92322835 0.92716535 0.92716535 0.93110236 0.93110236
 0.93503937 0.93503937 0.94291339 0.94291339 0.94488189 0.94488189
 0.94685039 0.94685039 0.9488189  0.9488189  0.9507874  0.9507874
 0.95275591 0.95275591 0.95472441 0.95472441 0.95669291 0.95669291
 0.95866142 0.95866142 0.96062992 0.96062992 0.96653543 0.96653543
 0.97440945 0.97440945 0.97637795 0.97637795 0.97834646 0.97834646
 0.98228346 0.98228346 0.98425197 0.98425197 0.98622047 0.98622047
 0.98818898 0.98818898 0.99606299 0.99606299 0.9980315  0.9980315
 1.         1.        ]