[ 2.62441456  1.62441456  1.52039485  1.49523156  1.44183503  1.43902859
  1.43870929  1.42413802  1.42115442  1.40981596  1.39238212  1.38074455
  1.37930206  1.36636666  1.35002108  1.26024682  1.25692043  1.23468331
  1.23403698  1.22168133  1.21574436  1.21501917  1.214993    1.202887
  1.20166486  1.19462085  1.18278726  1.17533792  1.17510837  1.1740925
  1.17301559  1.16482121  1.16271752  1.13389822  1.12305227  1.10899485
  1.10659995  1.09179219  1.08451896  1.08394822  1.07494301  1.07253769
  1.05665294  1.03931668  1.03556001  1.02503762  1.02411558  1.02367397
  1.01741473  1.00636126  1.00619881  1.00508041  1.00482626  1.00305927
  1.00204263  0.99957577  0.99083239  0.97693013  0.97324476  0.96946337
  0.96777656  0.9635912   0.96303799  0.9597048   0.95861037  0.95202717
  0.94313979  0.94037198  0.93731286  0.93395379  0.93328514  0.91733545
  0.91028376  0.90228016  0.89845173  0.89774061  0.89562358  0.8946898
  0.88671236  0.88267818  0.88245482  0.88015869  0.873142    0.86381018
  0.85611677  0.85468828  0.85448717  0.85178848  0.84949297  0.84615751
  0.84389096  0.84272462  0.84013751  0.83473093  0.8339155   0.82478497
  0.81727517  0.81296924  0.8116147   0.8078059   0.80627668  0.8050215
  0.80483188  0.80381179  0.79977964  0.79144387  0.79008875  0.78390879
  0.78008502  0.77828022  0.77156834  0.7706726   0.76796526  0.76679514
  0.76188353  0.75942592  0.75593927  0.75359443  0.75165542  0.74677092
  0.7466548   0.74556109  0.74347604  0.73874283  0.73004028  0.72666167
  0.72628679  0.72626235  0.72266998  0.71839976  0.71757718  0.71653257
  0.71561828  0.71505325  0.70729048  0.70577322  0.70411511  0.70226362
  0.70092311  0.6974262   0.6942439   0.69352514  0.68957214  0.68812579
  0.68531101  0.68342977  0.68046355  0.67978528  0.67890035  0.67667441
  0.67607413  0.66056936  0.65789069  0.65658677  0.64234487  0.64194313
  0.63941676  0.63431713  0.6314377   0.62970337  0.62937246  0.62145816
  0.61019878  0.60882253  0.60728486  0.60626608  0.60605703  0.59442157
  0.59227484  0.5857828   0.58568631  0.58425944  0.58154713  0.57928361
  0.5781825   0.57645748  0.57617918  0.57514676  0.57481846  0.55622024
  0.55468119  0.553705    0.55150674  0.5512018   0.54611877  0.54571865
  0.54331836  0.54314904  0.53680015  0.53546423  0.53254312  0.53138969
  0.52886859  0.5198317   0.51371658  0.50849892  0.50807766  0.50598736
  0.50484319  0.50419471  0.50135386  0.50051813  0.49679988  0.49055042
  0.48825597  0.4872185   0.4838375   0.48186367  0.48072127  0.4737188
  0.47131881  0.47023077  0.46888945  0.46775038  0.46660497  0.45785469
  0.45289476  0.45139906  0.4476602   0.44451048  0.44245723  0.44045456
  0.43909759  0.43608271  0.43557993  0.43449444  0.43269617  0.43091588
  0.42865583  0.42737252  0.42342006  0.42314581  0.42194893  0.41573001
  0.41289742  0.41279979  0.40998717  0.40823072  0.40644879  0.40377436
  0.402601    0.40242995  0.39989043  0.39919422  0.39835239  0.39817731
  0.397256    0.39194716  0.38945005  0.38447754  0.37989004  0.37957184
  0.37909914  0.37692157  0.3736212   0.36919784  0.36076495  0.36033394
  0.35683923  0.35657767  0.3547807   0.35445513  0.35317757  0.35210187
  0.34814652  0.34401476  0.34398393  0.33855131  0.33596102  0.32811979
  0.32114006  0.32005765  0.31991946  0.3167948   0.31639037  0.31585987
  0.31533831  0.31408295  0.31017189  0.31002827  0.3064963   0.30398832
  0.30254139  0.30042687  0.29530191  0.29185867  0.28644445  0.28633785
  0.28563606  0.28067239  0.27010779  0.26833475  0.26816108  0.26365988
  0.25133021  0.23207209  0.22801687  0.22666852  0.22382447  0.21902321
  0.21812793  0.20704645  0.20407905  0.19777522  0.19701831  0.19689582
  0.19438517  0.19285484  0.187554    0.18413689  0.18220527  0.17970139
  0.17678676  0.1706423   0.17004842  0.1679908   0.16488294  0.16263131
  0.15765151  0.15723184  0.15484581  0.1517254   0.15125741  0.15036352
  0.14868677  0.14420737  0.12793537  0.12450382  0.11305822  0.11177792
  0.11159727  0.11115417  0.10168971  0.10127073  0.10120531  0.10042242
  0.08967005  0.0872485   0.07697882  0.07679075  0.0650758   0.05584224
  0.05085642  0.0488636   0.04868353  0.0457893   0.04057497  0.03981379
  0.03731981  0.03403347  0.02803962  0.02562658  0.02559453  0.02553666
  0.01272985  0.01130304  0.00992051  0.00610144  0.00487708  0.00387148
 -0.00331136 -0.00402795 -0.00802128 -0.01298177 -0.01735769 -0.01833979
 -0.02409063 -0.02463633 -0.03075573 -0.03106721 -0.03281209 -0.03408859
 -0.04190931 -0.04883513 -0.05735657 -0.06130282 -0.06377906 -0.06523138
 -0.06616287 -0.06952485 -0.07558898 -0.07620833 -0.07917087 -0.08505302
 -0.08715396 -0.09461575 -0.0954322  -0.10398955 -0.10495231 -0.11903101
 -0.12099352 -0.12367753 -0.12446243 -0.12723812 -0.12777869 -0.13311204
 -0.1439826  -0.15331383 -0.15626861 -0.16012038 -0.17040985 -0.17255761
 -0.1737916  -0.175593   -0.17782559 -0.18008296 -0.19007278 -0.1980187
 -0.19973029 -0.2005595  -0.20592585 -0.20717758 -0.21460843 -0.21719729
 -0.2195715  -0.23144525 -0.238744   -0.24259035 -0.24921064 -0.25301006
 -0.25353759 -0.25376037 -0.27035688 -0.2842705  -0.29435612 -0.29725954
 -0.29866169 -0.30386158 -0.32172621 -0.32971083 -0.33123205 -0.34264093
 -0.34341671 -0.34917728 -0.36059806 -0.36367432 -0.37081201 -0.3736877
 -0.37626279 -0.39084985 -0.39411248 -0.40646403 -0.42188603 -0.42626699
 -0.43261463 -0.43303528 -0.43785044 -0.44236125 -0.46120552 -0.46574691
 -0.46881575 -0.46957681 -0.46967    -0.47549392 -0.49581351 -0.49630442
 -0.49963121 -0.49999255 -0.50249919 -0.51346855 -0.51795883 -0.51796875
 -0.52323644 -0.53316124 -0.571092   -0.57358816 -0.61779041 -0.62808816
 -0.64307974 -0.65825309 -0.67751553 -0.68330784 -0.69558649 -0.69648417
 -0.70256991 -0.74813977 -0.78726588 -0.7914426  -0.80584169 -0.82540599
 -0.87742828 -0.91491654 -0.91899427 -0.93389892 -0.9501398  -0.95584829
 -0.97403117 -1.01058754 -1.09369151 -1.10068597 -1.39422256 -1.47044593
 -1.4746709  -1.50000915 -1.64016933]