[0.         0.00203252 0.00813008 0.00813008 0.0101626  0.0101626
 0.01219512 0.01219512 0.01422764 0.01422764 0.02439024 0.02439024
 0.02845528 0.02845528 0.0304878  0.0304878  0.03252033 0.03252033
 0.03455285 0.03455285 0.03658537 0.03658537 0.03861789 0.03861789
 0.04065041 0.04065041 0.04471545 0.04471545 0.04674797 0.04674797
 0.05081301 0.05081301 0.05284553 0.05284553 0.05487805 0.05487805
 0.05691057 0.05691057 0.05894309 0.05894309 0.06300813 0.06300813
 0.06504065 0.06504065 0.06707317 0.06707317 0.06910569 0.06910569
 0.07113821 0.07113821 0.07520325 0.07520325 0.08130081 0.08130081
 0.08333333 0.08333333 0.08739837 0.08739837 0.08943089 0.08943089
 0.09146341 0.09146341 0.09349593 0.09349593 0.09552846 0.09552846
 0.0995935  0.0995935  0.10162602 0.10162602 0.11382114 0.11382114
 0.11585366 0.11585366 0.11788618 0.11788618 0.1199187  0.1199187
 0.12195122 0.12195122 0.12601626 0.12601626 0.1300813  0.1300813
 0.13414634 0.13414634 0.13617886 0.13617886 0.13821138 0.13821138
 0.1402439  0.1402439  0.14227642 0.14227642 0.14430894 0.14430894
 0.15650407 0.15650407 0.16056911 0.16056911 0.16463415 0.16463415
 0.16869919 0.16869919 0.17073171 0.17073171 0.17276423 0.17276423
 0.17479675 0.17479675 0.17682927 0.17682927 0.17886179 0.17886179
 0.18292683 0.18292683 0.18495935 0.18495935 0.18699187 0.18699187
 0.19308943 0.19308943 0.19512195 0.19512195 0.19715447 0.19715447
 0.20121951 0.20121951 0.20325203 0.20325203 0.20528455 0.20528455
 0.20731707 0.20731707 0.20934959 0.20934959 0.21138211 0.21138211
 0.21747967 0.21747967 0.22154472 0.22154472 0.22357724 0.22357724
 0.22560976 0.22560976 0.2296748  0.2296748  0.2398374  0.2398374
 0.24593496 0.24593496 0.25203252 0.25203252 0.25609756 0.25609756
 0.25813008 0.25813008 0.2601626  0.2601626  0.26219512 0.26219512
 0.26422764 0.26422764 0.27235772 0.27235772 0.27642276 0.27642276
 0.27845528 0.27845528 0.2804878  0.2804878  0.28252033 0.28252033
 0.29471545 0.29471545 0.30284553 0.30284553 0.30487805 0.30487805
 0.30894309 0.30894309 0.31097561 0.31097561 0.31300813 0.31300813
 0.31504065 0.31504065 0.32317073 0.32317073 0.32520325 0.32520325
 0.32926829 0.32926829 0.33333333 0.33333333 0.35162602 0.35162602
 0.35365854 0.35365854 0.35569106 0.35569106 0.3597561  0.3597561
 0.36178862 0.36178862 0.36382114 0.36382114 0.36585366 0.36585366
 0.36788618 0.36788618 0.37601626 0.37601626 0.3800813  0.3800813
 0.38414634 0.38414634 0.38821138 0.38821138 0.3902439  0.3902439
 0.39430894 0.39430894 0.39837398 0.39837398 0.40243902 0.40243902
 0.40650407 0.40650407 0.40853659 0.40853659 0.41056911 0.41056911
 0.41463415 0.41463415 0.42073171 0.42073171 0.43089431 0.43089431
 0.43699187 0.43699187 0.44105691 0.44105691 0.44512195 0.44512195
 0.44715447 0.44715447 0.44918699 0.44918699 0.45731707 0.45731707
 0.45934959 0.45934959 0.46544715 0.46544715 0.46747967 0.46747967
 0.47357724 0.47357724 0.47560976 0.47560976 0.47764228 0.47764228
 0.4796748  0.4796748  0.48170732 0.48170732 0.48373984 0.48373984
 0.48577236 0.48577236 0.48780488 0.48780488 0.4898374  0.4898374
 0.5        0.5        0.50203252 0.50203252 0.50406504 0.50406504
 0.50609756 0.50609756 0.50813008 0.50813008 0.5101626  0.5101626
 0.51422764 0.51422764 0.52642276 0.52642276 0.53252033 0.53252033
 0.53861789 0.53861789 0.54065041 0.54065041 0.54268293 0.54268293
 0.54674797 0.54674797 0.54878049 0.54878049 0.55081301 0.55081301
 0.56504065 0.56504065 0.57317073 0.57317073 0.57520325 0.57520325
 0.57926829 0.57926829 0.58130081 0.58130081 0.58739837 0.58739837
 0.59146341 0.59146341 0.59349593 0.59349593 0.59756098 0.59756098
 0.5995935  0.5995935  0.60162602 0.60162602 0.60365854 0.60365854
 0.61178862 0.61178862 0.61585366 0.61585366 0.6199187  0.6199187
 0.62195122 0.62195122 0.62398374 0.62398374 0.62804878 0.62804878
 0.63211382 0.63211382 0.63821138 0.63821138 0.6402439  0.6402439
 0.64227642 0.64227642 0.64837398 0.64837398 0.65243902 0.65243902
 0.65650407 0.65650407 0.66260163 0.66260163 0.66463415 0.66463415
 0.66666667 0.66666667 0.66869919 0.66869919 0.67073171 0.67073171
 0.67479675 0.67479675 0.67682927 0.67682927 0.68902439 0.68902439
 0.70528455 0.70528455 0.70731707 0.70731707 0.70934959 0.70934959
 0.71138211 0.71138211 0.71747967 0.71747967 0.72154472 0.72154472
 0.72357724 0.72357724 0.72560976 0.72560976 0.7296748  0.7296748
 0.73170732 0.73170732 0.73780488 0.73780488 0.74593496 0.74593496
 0.75203252 0.75203252 0.75609756 0.75609756 0.76422764 0.76422764
 0.76829268 0.76829268 0.77235772 0.77235772 0.77439024 0.77439024
 0.77845528 0.77845528 0.7804878  0.7804878  0.79268293 0.79268293
 0.79674797 0.79674797 0.79878049 0.79878049 0.80081301 0.80081301
 0.80284553 0.80284553 0.80487805 0.80487805 0.81504065 0.81504065
 0.81910569 0.81910569 0.82113821 0.82113821 0.82317073 0.82317073
 0.83333333 0.83333333 0.83739837 0.83739837 0.83943089 0.83943089
 0.84146341 0.84146341 0.84756098 0.84756098 0.85162602 0.85162602
 0.85569106 0.85569106 0.8699187  0.8699187  0.87195122 0.87195122
 0.87398374 0.87398374 0.8800813  0.8800813  0.89227642 0.89227642
 0.89430894 0.89430894 0.89634146 0.89634146 0.9004065  0.9004065
 0.90243902 0.90243902 0.90853659 0.90853659 0.91260163 0.91260163
 0.92276423 0.92276423 0.92682927 0.92682927 0.93089431 0.93089431
 0.93495935 0.93495935 0.93699187 0.93699187 0.94308943 0.94308943
 0.94512195 0.94512195 0.94918699 0.94918699 0.95121951 0.95121951
 0.95325203 0.95325203 0.96341463 0.96341463 0.9695122  0.9695122
 0.9796748  0.9796748  0.98577236 0.98577236 0.99593496 0.99593496
 0.99796748 0.99796748 1.        ]