[ 2.73458038e+00  1.73458038e+00  1.59338505e+00  1.57532986e+00
  1.51185621e+00  1.51108101e+00  1.48249288e+00  1.48153843e+00
  1.46508509e+00  1.44235355e+00  1.43260297e+00  1.40017639e+00
  1.39987314e+00  1.39519894e+00  1.32093942e+00  1.31517675e+00
  1.24867765e+00  1.23794512e+00  1.22280775e+00  1.21815297e+00
  1.21223603e+00  1.21027912e+00  1.21014832e+00  1.20675499e+00
  1.20018078e+00  1.19922304e+00  1.19451747e+00  1.19256537e+00
  1.19246093e+00  1.18798111e+00  1.18798080e+00  1.17394497e+00
  1.16871298e+00  1.16754795e+00  1.16343123e+00  1.15805435e+00
  1.14316853e+00  1.13617020e+00  1.13268543e+00  1.12698234e+00
  1.12662677e+00  1.11363244e+00  1.05732459e+00  1.04898931e+00
  1.04778238e+00  1.04666349e+00  1.03578599e+00  1.02955260e+00
  1.00707507e+00  9.95085953e-01  9.91620781e-01  9.90835916e-01
  9.84318903e-01  9.84292633e-01  9.70887690e-01  9.70629847e-01
  9.66568021e-01  9.64771693e-01  9.64324777e-01  9.62131319e-01
  9.51834273e-01  9.50748881e-01  9.44123034e-01  9.44026967e-01
  9.42417483e-01  9.40355035e-01  9.26096242e-01  9.24743375e-01
  9.16146189e-01  9.15129670e-01  9.12643508e-01  9.11426022e-01
  8.85487801e-01  8.84805980e-01  8.82085969e-01  8.81940019e-01
  8.76876619e-01  8.76642246e-01  8.75332661e-01  8.70883315e-01
  8.69567070e-01  8.64756415e-01  8.59212036e-01  8.57764135e-01
  8.56232826e-01  8.54656416e-01  8.52366729e-01  8.52080298e-01
  8.48783615e-01  8.48163130e-01  8.46907564e-01  8.40199441e-01
  8.35183948e-01  8.34752925e-01  8.33221450e-01  8.32736977e-01
  8.28851271e-01  8.22358564e-01  8.10792998e-01  8.05369232e-01
  7.98379595e-01  7.95025653e-01  7.90398676e-01  7.87396686e-01
  7.61705715e-01  7.61637117e-01  7.57209822e-01  7.56488763e-01
  7.51929740e-01  7.50006767e-01  7.42435277e-01  7.27933400e-01
  7.22566788e-01  7.14490553e-01  7.07280954e-01  7.04125745e-01
  6.98064670e-01  6.93374910e-01  6.91594516e-01  6.89536548e-01
  6.87998538e-01  6.87570323e-01  6.86729919e-01  6.82905424e-01
  6.78975192e-01  6.74344566e-01  6.67015349e-01  6.65744799e-01
  6.62583185e-01  6.59487937e-01  6.58211111e-01  6.52165152e-01
  6.48328781e-01  6.38155718e-01  6.37461874e-01  6.36803591e-01
  6.35220831e-01  6.31176718e-01  6.20142481e-01  6.19683603e-01
  6.04976307e-01  6.04078149e-01  6.03767048e-01  6.02123337e-01
  6.00423952e-01  5.98784479e-01  5.98733440e-01  5.97798230e-01
  5.92963215e-01  5.92323462e-01  5.92081732e-01  5.91501410e-01
  5.87218559e-01  5.87010895e-01  5.79266967e-01  5.75948537e-01
  5.73798872e-01  5.69556038e-01  5.63770486e-01  5.56725253e-01
  5.55710034e-01  5.51547077e-01  5.48092675e-01  5.46896739e-01
  5.32234087e-01  5.32082861e-01  5.15030402e-01  5.13401038e-01
  4.99790325e-01  4.99022360e-01  4.98615431e-01  4.93271731e-01
  4.92441322e-01  4.88359738e-01  4.82246513e-01  4.76402506e-01
  4.69504817e-01  4.65988977e-01  4.61741108e-01  4.56578520e-01
  4.55542379e-01  4.55297466e-01  4.54132177e-01  4.53881587e-01
  4.53470406e-01  4.45143420e-01  4.43717432e-01  4.43479153e-01
  4.41557920e-01  4.32142588e-01  4.28311278e-01  4.26239840e-01
  4.25573335e-01  4.24979622e-01  4.24519160e-01  4.21520812e-01
  4.19280572e-01  4.17814594e-01  4.13414916e-01  4.11191690e-01
  4.07421657e-01  4.01134791e-01  3.94476490e-01  3.93080669e-01
  3.92418650e-01  3.88936692e-01  3.74963022e-01  3.69398602e-01
  3.68784576e-01  3.65385413e-01  3.64334169e-01  3.64164335e-01
  3.64095853e-01  3.62319818e-01  3.59903970e-01  3.55523524e-01
  3.53808982e-01  3.50147037e-01  3.42745687e-01  3.41811411e-01
  3.41700769e-01  3.40584568e-01  3.39790884e-01  3.38932181e-01
  3.37217456e-01  3.36566250e-01  3.35902992e-01  3.35401875e-01
  3.29464478e-01  3.21176793e-01  3.21045315e-01  3.18247207e-01
  3.18102286e-01  3.15332940e-01  3.15114663e-01  3.14739388e-01
  3.12965453e-01  3.06803422e-01  3.01560471e-01  2.99610649e-01
  2.98907744e-01  2.94173347e-01  2.89790983e-01  2.86277337e-01
  2.84012283e-01  2.69357109e-01  2.69169334e-01  2.63350645e-01
  2.60536291e-01  2.59746912e-01  2.59286648e-01  2.59192246e-01
  2.57994442e-01  2.55513963e-01  2.54493563e-01  2.54136006e-01
  2.50015104e-01  2.42723637e-01  2.40164806e-01  2.39517722e-01
  2.34578783e-01  2.24410788e-01  2.21834802e-01  2.18044604e-01
  2.17255426e-01  2.16474300e-01  2.09621829e-01  2.05665379e-01
  2.01163933e-01  1.96513437e-01  1.94527159e-01  1.92177628e-01
  1.91145143e-01  1.85883474e-01  1.83808524e-01  1.83302440e-01
  1.82594959e-01  1.82469230e-01  1.80742494e-01  1.72871724e-01
  1.70837998e-01  1.63205073e-01  1.59391815e-01  1.59154527e-01
  1.57109752e-01  1.54677169e-01  1.51119316e-01  1.50690857e-01
  1.50286053e-01  1.49713775e-01  1.48748645e-01  1.44435747e-01
  1.44196489e-01  1.43529861e-01  1.38351998e-01  1.30728658e-01
  1.22825510e-01  1.22163744e-01  1.20245821e-01  1.18122615e-01
  1.17168443e-01  1.11721590e-01  1.09436681e-01  1.06139026e-01
  9.82907836e-02  9.72768378e-02  9.50541515e-02  8.91752255e-02
  8.66494258e-02  8.45388944e-02  8.30014394e-02  8.10724660e-02
  8.10328980e-02  7.73920190e-02  7.71862328e-02  7.50657255e-02
  7.36683156e-02  7.13484817e-02  6.34124163e-02  6.18115957e-02
  6.09862476e-02  5.13689987e-02  4.44270197e-02  2.57498304e-02
  2.52146431e-02  2.51062548e-02  2.43084635e-02  2.41014364e-02
  2.35450225e-02  1.86757777e-02  1.62906286e-02  1.56436413e-02
  1.07520217e-02  9.74217948e-03  8.29352600e-03  5.84677529e-03
  4.26989916e-03  1.25611447e-03  4.73235651e-05 -1.69146673e-03
 -7.11958317e-03 -1.16509342e-02 -1.22748113e-02 -1.59714682e-02
 -1.88402774e-02 -1.98747801e-02 -2.05258450e-02 -2.08369889e-02
 -2.35233577e-02 -2.58740502e-02 -3.21916287e-02 -3.55466123e-02
 -3.73230505e-02 -4.16738143e-02 -4.21465213e-02 -4.31852620e-02
 -4.48839206e-02 -5.15831841e-02 -5.44371253e-02 -5.45550620e-02
 -6.08659859e-02 -6.40924479e-02 -7.11253494e-02 -7.50010857e-02
 -8.27408222e-02 -8.86187198e-02 -9.74373132e-02 -9.83955015e-02
 -1.03936714e-01 -1.08686713e-01 -1.08882400e-01 -1.08912436e-01
 -1.11164505e-01 -1.11475414e-01 -1.12654713e-01 -1.18535480e-01
 -1.19859361e-01 -1.20529937e-01 -1.21217714e-01 -1.23339434e-01
 -1.40300392e-01 -1.52729518e-01 -1.54352033e-01 -1.60346732e-01
 -1.61883079e-01 -1.73163898e-01 -1.75611176e-01 -1.81147018e-01
 -1.82261197e-01 -1.83334433e-01 -1.87468977e-01 -1.87960325e-01
 -1.89420359e-01 -1.95010723e-01 -2.05865615e-01 -2.11372513e-01
 -2.13633622e-01 -2.27559784e-01 -2.32736553e-01 -2.36629437e-01
 -2.36721077e-01 -2.52395464e-01 -2.61140098e-01 -2.70501607e-01
 -2.75151649e-01 -2.88160033e-01 -2.89775445e-01 -2.90433363e-01
 -2.92383669e-01 -2.94101349e-01 -2.99736158e-01 -3.15083752e-01
 -3.21426254e-01 -3.23411411e-01 -3.35938443e-01 -3.38389071e-01
 -3.40610165e-01 -3.63065197e-01 -3.65980664e-01 -3.71046376e-01
 -3.75942034e-01 -3.81285061e-01 -3.88527780e-01 -3.94044970e-01
 -3.95497281e-01 -3.95628490e-01 -4.02269424e-01 -4.05070762e-01
 -4.28220261e-01 -4.29974070e-01 -4.32480886e-01 -4.36044653e-01
 -4.36297723e-01 -4.48488509e-01 -4.62546839e-01 -4.84130933e-01
 -4.88283097e-01 -4.88871019e-01 -4.91040441e-01 -4.92331267e-01
 -5.00963079e-01 -5.01815576e-01 -5.06046515e-01 -5.06391118e-01
 -5.15866718e-01 -5.19708741e-01 -5.21403803e-01 -5.47221997e-01
 -5.66753973e-01 -5.72627081e-01 -5.73082294e-01 -5.87385902e-01
 -5.88355851e-01 -5.91498682e-01 -5.92727492e-01 -6.03527254e-01
 -6.12292642e-01 -6.22568461e-01 -6.24176019e-01 -6.28245483e-01
 -6.29214417e-01 -6.34195307e-01 -6.40585132e-01 -6.45397720e-01
 -6.47090065e-01 -6.52752273e-01 -6.57952363e-01 -6.63746853e-01
 -6.64646550e-01 -6.68765712e-01 -6.83214326e-01 -7.27690964e-01
 -7.28994164e-01 -7.29737786e-01 -7.34835802e-01 -7.47628092e-01
 -7.51580886e-01 -7.58479563e-01 -7.59685435e-01 -7.62760753e-01
 -7.63088480e-01 -8.11725743e-01 -8.12859660e-01 -8.15046014e-01
 -8.29370835e-01 -8.30420492e-01 -8.43245786e-01 -8.96841696e-01
 -9.12745122e-01 -1.02593936e+00 -1.05696267e+00 -1.08558477e+00
 -1.09962419e+00 -1.20502909e+00 -1.22129241e+00 -1.33140490e+00
 -1.39675934e+00 -1.81883463e+00]