[ 2.66583559e+00  1.66583559e+00  1.48139073e+00  1.46795441e+00
  1.45942389e+00  1.41215430e+00  1.41112184e+00  1.37026540e+00
  1.34169968e+00  1.31844117e+00  1.31821520e+00  1.31656729e+00
  1.31130952e+00  1.30731850e+00  1.30546592e+00  1.29217403e+00
  1.25524967e+00  1.24939103e+00  1.24761119e+00  1.23715917e+00
  1.20553666e+00  1.20245413e+00  1.19513119e+00  1.19207620e+00
  1.17489011e+00  1.17468381e+00  1.15580327e+00  1.14783458e+00
  1.14480326e+00  1.14383272e+00  1.14171623e+00  1.13820114e+00
  1.12878020e+00  1.12709168e+00  1.12445458e+00  1.11847439e+00
  1.10989457e+00  1.10591456e+00  1.10388679e+00  1.10353155e+00
  1.10107481e+00  1.10047555e+00  1.09177936e+00  1.07638567e+00
  1.05483984e+00  1.04977250e+00  1.04944599e+00  1.04561667e+00
  1.03588536e+00  1.02675897e+00  1.02330794e+00  1.01712433e+00
  1.00581063e+00  1.00057155e+00  9.96593522e-01  9.95833550e-01
  9.90685901e-01  9.90282555e-01  9.80170017e-01  9.75405405e-01
  9.69116607e-01  9.64538834e-01  9.41342943e-01  9.40855755e-01
  9.34596464e-01  9.28061169e-01  9.21442927e-01  9.21017800e-01
  9.19754824e-01  9.18005356e-01  9.11261999e-01  9.09282133e-01
  9.09243900e-01  8.92214554e-01  8.84325079e-01  8.81812388e-01
  8.65727087e-01  8.55723640e-01  8.48029064e-01  8.45325835e-01
  8.44966101e-01  8.44267527e-01  8.39108719e-01  8.37809564e-01
  8.34842878e-01  8.31631638e-01  8.30831661e-01  8.29378757e-01
  8.17505986e-01  8.13599953e-01  7.87796588e-01  7.86721582e-01
  7.86318602e-01  7.81575879e-01  7.71501398e-01  7.68725741e-01
  7.67734607e-01  7.66284484e-01  7.49446932e-01  7.39855352e-01
  7.22658328e-01  7.21490212e-01  7.16442581e-01  7.13742779e-01
  7.12935013e-01  7.12413445e-01  7.10361740e-01  7.09083393e-01
  7.04553353e-01  6.91978174e-01  6.91212028e-01  6.90862329e-01
  6.89743263e-01  6.87764228e-01  6.87700739e-01  6.87243137e-01
  6.84148514e-01  6.83460590e-01  6.79098997e-01  6.79073633e-01
  6.76157318e-01  6.74485707e-01  6.71855467e-01  6.66942097e-01
  6.63407509e-01  6.56685740e-01  6.52243719e-01  6.51077038e-01
  6.48096725e-01  6.46038912e-01  6.44235648e-01  6.43481192e-01
  6.43470369e-01  6.40398421e-01  6.40332434e-01  6.38058750e-01
  6.33734853e-01  6.32418376e-01  6.26902649e-01  6.25241598e-01
  6.19450775e-01  6.18048360e-01  6.15951142e-01  6.15364184e-01
  6.09989627e-01  6.06399096e-01  6.03353311e-01  6.00901682e-01
  5.81477974e-01  5.81072602e-01  5.75126648e-01  5.72941777e-01
  5.68983398e-01  5.67770728e-01  5.66456916e-01  5.58260752e-01
  5.54368565e-01  5.46337534e-01  5.45996538e-01  5.39315607e-01
  5.35090949e-01  5.34795758e-01  5.27961089e-01  5.27404233e-01
  5.26201443e-01  5.25300824e-01  5.25273939e-01  5.23705699e-01
  5.19832045e-01  5.15203296e-01  5.15113893e-01  5.11754816e-01
  5.05198823e-01  5.04663924e-01  5.04602789e-01  5.04338063e-01
  4.95495459e-01  4.91001392e-01  4.83119168e-01  4.75096939e-01
  4.74379302e-01  4.71634418e-01  4.67392201e-01  4.64303825e-01
  4.56773811e-01  4.53688299e-01  4.49324512e-01  4.46302859e-01
  4.45381914e-01  4.44998219e-01  4.43798600e-01  4.39569637e-01
  4.34346386e-01  4.32550539e-01  4.30824226e-01  4.30119257e-01
  4.30096446e-01  4.23956464e-01  4.21827802e-01  4.21260710e-01
  4.18617618e-01  4.14169991e-01  4.10258464e-01  4.05029639e-01
  4.04229855e-01  3.98898162e-01  3.97514445e-01  3.94701408e-01
  3.90499533e-01  3.85337718e-01  3.84098035e-01  3.82892886e-01
  3.81042913e-01  3.80797281e-01  3.74491577e-01  3.74214808e-01
  3.73799500e-01  3.73463147e-01  3.72277744e-01  3.71501485e-01
  3.67750323e-01  3.59861653e-01  3.59541691e-01  3.59315559e-01
  3.58663745e-01  3.57555743e-01  3.54045585e-01  3.52935074e-01
  3.50355434e-01  3.50303236e-01  3.49983435e-01  3.47413543e-01
  3.38815574e-01  3.38533692e-01  3.35435748e-01  3.34370230e-01
  3.33193271e-01  3.27995829e-01  3.27947410e-01  3.24895930e-01
  3.24309427e-01  3.23069976e-01  3.22976582e-01  3.22303842e-01
  3.17550001e-01  3.17422312e-01  3.17097972e-01  3.15384659e-01
  3.13966078e-01  3.10667850e-01  3.10364477e-01  3.06891661e-01
  3.06236902e-01  3.06209368e-01  3.05248416e-01  2.95889597e-01
  2.92793487e-01  2.90934569e-01  2.90783283e-01  2.87338282e-01
  2.76358823e-01  2.70288259e-01  2.67205640e-01  2.65950867e-01
  2.65577443e-01  2.62506953e-01  2.61745866e-01  2.61636721e-01
  2.60651690e-01  2.57896390e-01  2.46533211e-01  2.44675903e-01
  2.43303594e-01  2.43144009e-01  2.37823784e-01  2.36566211e-01
  2.34766700e-01  2.32744597e-01  2.29235982e-01  2.26946314e-01
  2.26780423e-01  2.23030141e-01  2.21765419e-01  2.20674293e-01
  2.18159598e-01  2.13752860e-01  2.11423691e-01  2.08722630e-01
  2.06100972e-01  1.99420664e-01  1.97923508e-01  1.97071216e-01
  1.95818347e-01  1.95511011e-01  1.92983229e-01  1.87461925e-01
  1.85902105e-01  1.85411479e-01  1.82570401e-01  1.81702187e-01
  1.78571793e-01  1.77188344e-01  1.76484380e-01  1.75111606e-01
  1.71956197e-01  1.71269207e-01  1.71242671e-01  1.70664810e-01
  1.70265096e-01  1.67572226e-01  1.67532714e-01  1.63736287e-01
  1.62834394e-01  1.55366620e-01  1.53282177e-01  1.52613600e-01
  1.50689519e-01  1.50315251e-01  1.48098234e-01  1.46907877e-01
  1.43699221e-01  1.34986942e-01  1.30732107e-01  1.29377591e-01
  1.28227747e-01  1.18914842e-01  1.18710085e-01  1.15803641e-01
  1.15390738e-01  1.12663602e-01  1.10982140e-01  1.10583810e-01
  1.07929496e-01  9.97492947e-02  9.78389950e-02  9.74323162e-02
  9.39162895e-02  9.06494944e-02  8.72756704e-02  8.54316960e-02
  8.31937944e-02  8.21313332e-02  8.19387391e-02  7.95073221e-02
  7.71083713e-02  7.39215860e-02  7.30495838e-02  7.28793250e-02
  7.18786753e-02  6.65697120e-02  6.38654854e-02  6.28443812e-02
  6.28260434e-02  5.96648302e-02  5.61028707e-02  5.45361610e-02
  4.48561725e-02  3.59914212e-02  3.41417437e-02  2.36304558e-02
  1.88016252e-02  1.81841295e-02  1.00450589e-02  5.07175337e-03
  4.62274442e-03  3.15405519e-03  1.08013669e-03  6.48963613e-04
 -9.87254018e-04 -1.27166991e-03 -4.69475489e-03 -1.14607608e-02
 -2.10528240e-02 -2.30724559e-02 -3.49289838e-02 -3.96114405e-02
 -4.02373007e-02 -4.44341713e-02 -4.81964367e-02 -5.63682023e-02
 -6.58234020e-02 -7.29777621e-02 -7.39753400e-02 -8.07197956e-02
 -8.31930398e-02 -9.21635068e-02 -1.06976142e-01 -1.08167395e-01
 -1.14543168e-01 -1.19149155e-01 -1.25217595e-01 -1.25620669e-01
 -1.26791039e-01 -1.27185917e-01 -1.27696898e-01 -1.30348037e-01
 -1.30882961e-01 -1.33437300e-01 -1.34204393e-01 -1.39049021e-01
 -1.51473302e-01 -1.53143598e-01 -1.57501626e-01 -1.60547448e-01
 -1.69276961e-01 -1.73679289e-01 -1.79030097e-01 -1.87230248e-01
 -1.88020407e-01 -1.90552792e-01 -1.91716221e-01 -2.12913964e-01
 -2.15041707e-01 -2.21653161e-01 -2.23971351e-01 -2.28226832e-01
 -2.30345659e-01 -2.30565493e-01 -2.32388859e-01 -2.37077893e-01
 -2.39949511e-01 -2.40406543e-01 -2.40676786e-01 -2.44395675e-01
 -2.49786139e-01 -2.51878603e-01 -2.57487184e-01 -2.60006532e-01
 -2.71888940e-01 -2.73951317e-01 -2.76016620e-01 -2.76475410e-01
 -2.76959912e-01 -2.77057182e-01 -2.80256895e-01 -2.87311635e-01
 -2.94428654e-01 -3.19143585e-01 -3.22134475e-01 -3.26971538e-01
 -3.36365989e-01 -3.39255827e-01 -3.41283977e-01 -3.63678920e-01
 -3.66219850e-01 -3.67140725e-01 -3.79221454e-01 -3.91486217e-01
 -3.93652273e-01 -4.07361333e-01 -4.10503740e-01 -4.13880131e-01
 -4.25747939e-01 -4.34353942e-01 -4.35142519e-01 -4.61768807e-01
 -4.75598686e-01 -4.81262341e-01 -4.82125504e-01 -4.92348721e-01
 -4.93640415e-01 -4.96289050e-01 -4.98892924e-01 -4.99077791e-01
 -5.49739406e-01 -5.70359283e-01 -5.74899843e-01 -5.90136219e-01
 -6.24553349e-01 -6.24754778e-01 -6.31285017e-01 -6.32077527e-01
 -6.36870713e-01 -6.38601259e-01 -6.54494735e-01 -6.58238071e-01
 -6.71914999e-01 -6.79440428e-01 -7.44800945e-01 -7.49062214e-01
 -7.50278430e-01 -7.61573827e-01 -7.88929000e-01 -8.03047916e-01
 -8.07234172e-01 -8.19719250e-01 -8.20512841e-01 -9.13305881e-01
 -9.33405437e-01 -9.50413388e-01 -9.61106635e-01 -1.02738778e+00
 -1.02843394e+00 -1.07262175e+00 -1.14236272e+00 -1.24451582e+00
 -1.33356960e+00 -1.73480141e+00]