[0.         0.0019685  0.0019685  0.00393701 0.00393701 0.00590551
 0.00590551 0.00984252 0.00984252 0.01181102 0.01181102 0.01968504
 0.01968504 0.02165354 0.02165354 0.04330709 0.04330709 0.05314961
 0.05314961 0.06299213 0.06299213 0.06496063 0.06496063 0.07283465
 0.07283465 0.07677165 0.07677165 0.07874016 0.07874016 0.08070866
 0.08070866 0.08661417 0.08661417 0.1023622  0.1023622  0.11417323
 0.11417323 0.12992126 0.12992126 0.13188976 0.13188976 0.13582677
 0.13582677 0.14566929 0.14566929 0.15748031 0.15748031 0.15944882
 0.15944882 0.16732283 0.16732283 0.16929134 0.16929134 0.17322835
 0.17322835 0.17519685 0.17519685 0.18897638 0.18897638 0.19094488
 0.19094488 0.19291339 0.19291339 0.19685039 0.19685039 0.20472441
 0.20472441 0.20669291 0.20669291 0.20866142 0.20866142 0.22244094
 0.22244094 0.22637795 0.22637795 0.22834646 0.22834646 0.23425197
 0.23425197 0.23818898 0.23818898 0.24606299 0.24606299 0.2519685
 0.2519685  0.25393701 0.25393701 0.25590551 0.25590551 0.25787402
 0.25787402 0.26181102 0.26181102 0.26771654 0.26771654 0.27362205
 0.27362205 0.27559055 0.27559055 0.27952756 0.27952756 0.28149606
 0.28149606 0.28543307 0.28543307 0.28937008 0.28937008 0.29527559
 0.29527559 0.2992126  0.2992126  0.30314961 0.30314961 0.30511811
 0.30511811 0.30708661 0.30708661 0.30905512 0.30905512 0.31889764
 0.31889764 0.32283465 0.32283465 0.32480315 0.32480315 0.32677165
 0.32677165 0.32874016 0.32874016 0.33070866 0.33070866 0.33464567
 0.33464567 0.33661417 0.33661417 0.34251969 0.34251969 0.34645669
 0.34645669 0.3503937  0.3503937  0.3523622  0.3523622  0.35629921
 0.35629921 0.35826772 0.35826772 0.36417323 0.36417323 0.36614173
 0.36614173 0.38188976 0.38188976 0.38976378 0.38976378 0.39173228
 0.39173228 0.39566929 0.39566929 0.3996063  0.3996063  0.40551181
 0.40551181 0.40944882 0.40944882 0.41338583 0.41338583 0.42519685
 0.42519685 0.42913386 0.42913386 0.43110236 0.43110236 0.43897638
 0.43897638 0.44094488 0.44094488 0.44291339 0.44291339 0.4507874
 0.4507874  0.45275591 0.45275591 0.45472441 0.45472441 0.45669291
 0.45669291 0.45866142 0.45866142 0.46062992 0.46062992 0.46259843
 0.46259843 0.46850394 0.46850394 0.47637795 0.47637795 0.48031496
 0.48031496 0.48228346 0.48228346 0.48622047 0.48622047 0.49409449
 0.49409449 0.49606299 0.49606299 0.5019685  0.5019685  0.51377953
 0.51377953 0.51574803 0.51574803 0.51771654 0.51771654 0.52952756
 0.52952756 0.53346457 0.53346457 0.53543307 0.53543307 0.53937008
 0.53937008 0.54527559 0.54527559 0.5511811  0.5511811  0.55314961
 0.55314961 0.55511811 0.55511811 0.55708661 0.55708661 0.56299213
 0.56299213 0.56496063 0.56496063 0.56692913 0.56692913 0.57086614
 0.57086614 0.57480315 0.57480315 0.57677165 0.57677165 0.57874016
 0.57874016 0.58267717 0.58267717 0.59055118 0.59055118 0.59251969
 0.59251969 0.5984252  0.5984252  0.6023622  0.6023622  0.60433071
 0.60433071 0.60629921 0.60629921 0.60826772 0.60826772 0.61220472
 0.61220472 0.61614173 0.61614173 0.62204724 0.62204724 0.62598425
 0.62598425 0.62795276 0.62795276 0.62992126 0.62992126 0.63188976
 0.63188976 0.63385827 0.63385827 0.63582677 0.63582677 0.63779528
 0.63779528 0.64370079 0.64370079 0.6476378  0.6476378  0.6496063
 0.6496063  0.6515748  0.6515748  0.65748031 0.65748031 0.66338583
 0.66338583 0.67125984 0.67125984 0.67322835 0.67322835 0.68110236
 0.68110236 0.69094488 0.69094488 0.69685039 0.69685039 0.6988189
 0.6988189  0.7007874  0.7007874  0.70472441 0.70472441 0.70669291
 0.70669291 0.71062992 0.71062992 0.71259843 0.71259843 0.71456693
 0.71456693 0.71653543 0.71653543 0.71850394 0.71850394 0.72244094
 0.72244094 0.72440945 0.72440945 0.72637795 0.72637795 0.73031496
 0.73031496 0.73228346 0.73228346 0.73425197 0.73425197 0.73622047
 0.73622047 0.73818898 0.73818898 0.74015748 0.74015748 0.75
 0.75       0.75393701 0.75393701 0.75984252 0.75984252 0.76181102
 0.76181102 0.76574803 0.76574803 0.76771654 0.76771654 0.76968504
 0.76968504 0.77165354 0.77165354 0.77559055 0.77559055 0.77755906
 0.77755906 0.77952756 0.77952756 0.78346457 0.78346457 0.78543307
 0.78543307 0.78740157 0.78740157 0.79133858 0.79133858 0.79330709
 0.79330709 0.79724409 0.79724409 0.8011811  0.8011811  0.80314961
 0.80314961 0.80708661 0.80708661 0.80905512 0.80905512 0.81496063
 0.81496063 0.81889764 0.81889764 0.82677165 0.82677165 0.83464567
 0.83464567 0.83858268 0.83858268 0.84055118 0.84055118 0.84448819
 0.84448819 0.8484252  0.8484252  0.8503937  0.8503937  0.8523622
 0.8523622  0.85433071 0.85433071 0.85629921 0.85629921 0.86220472
 0.86220472 0.86417323 0.86417323 0.86614173 0.86614173 0.87007874
 0.87007874 0.87401575 0.87401575 0.87598425 0.87598425 0.87795276
 0.87795276 0.87992126 0.87992126 0.88188976 0.88188976 0.88582677
 0.88582677 0.88976378 0.88976378 0.89370079 0.89370079 0.8976378
 0.8976378  0.8996063  0.8996063  0.9015748  0.9015748  0.90551181
 0.90551181 0.91535433 0.91535433 0.92519685 0.92519685 0.92913386
 0.92913386 0.93110236 0.93110236 0.93307087 0.93307087 0.93700787
 0.93700787 0.93897638 0.93897638 0.94094488 0.94094488 0.94291339
 0.94291339 0.94488189 0.94488189 0.9488189  0.9488189  0.9507874
 0.9507874  0.95866142 0.95866142 0.96062992 0.96062992 0.96653543
 0.96653543 0.96850394 0.96850394 0.97047244 0.97047244 0.97244094
 0.97244094 0.97637795 0.97637795 0.97834646 0.97834646 0.98228346
 0.98228346 0.98622047 0.98622047 0.98818898 0.98818898 0.99015748
 0.99015748 0.99212598 0.99212598 0.99409449 0.99409449 0.9980315
 0.9980315  1.         1.        ]