[0.         0.         0.         0.00627615 0.00627615 0.0083682
 0.0083682  0.0125523  0.0125523  0.01464435 0.01464435 0.01882845
 0.01882845 0.0209205  0.0209205  0.02301255 0.02301255 0.0251046
 0.0251046  0.02719665 0.02719665 0.0292887  0.0292887  0.0334728
 0.0334728  0.03556485 0.03556485 0.041841   0.041841   0.04393305
 0.04393305 0.04811715 0.04811715 0.05020921 0.05020921 0.05230126
 0.05230126 0.05439331 0.05439331 0.05857741 0.05857741 0.06066946
 0.06066946 0.07322176 0.07322176 0.07531381 0.07531381 0.07949791
 0.07949791 0.08158996 0.08158996 0.08577406 0.08577406 0.08786611
 0.08786611 0.08995816 0.08995816 0.09205021 0.09205021 0.09623431
 0.09623431 0.10251046 0.10251046 0.10460251 0.10460251 0.11087866
 0.11087866 0.11297071 0.11297071 0.11715481 0.11715481 0.12343096
 0.12343096 0.12761506 0.12761506 0.12970711 0.12970711 0.13598326
 0.13598326 0.14225941 0.14225941 0.14435146 0.14435146 0.14644351
 0.14644351 0.15062762 0.15062762 0.15271967 0.15271967 0.15690377
 0.15690377 0.16108787 0.16108787 0.16527197 0.16527197 0.16736402
 0.16736402 0.16945607 0.16945607 0.18619247 0.18619247 0.18828452
 0.18828452 0.19037657 0.19037657 0.19246862 0.19246862 0.19456067
 0.19456067 0.20292887 0.20292887 0.20711297 0.20711297 0.20920502
 0.20920502 0.21129707 0.21129707 0.21338912 0.21338912 0.21548117
 0.21548117 0.21757322 0.21757322 0.22175732 0.22175732 0.22594142
 0.22594142 0.23221757 0.23221757 0.23430962 0.23430962 0.23640167
 0.23640167 0.23849372 0.23849372 0.24058577 0.24058577 0.24267782
 0.24267782 0.24895397 0.24895397 0.25104603 0.25104603 0.25313808
 0.25313808 0.25732218 0.25732218 0.26359833 0.26359833 0.26569038
 0.26569038 0.27196653 0.27196653 0.27405858 0.27405858 0.28451883
 0.28451883 0.28870293 0.28870293 0.30125523 0.30125523 0.30334728
 0.30334728 0.30543933 0.30543933 0.30753138 0.30753138 0.31171548
 0.31171548 0.31589958 0.31589958 0.32217573 0.32217573 0.32426778
 0.32426778 0.32635983 0.32635983 0.33472803 0.33472803 0.33891213
 0.33891213 0.34518828 0.34518828 0.34728033 0.34728033 0.35146444
 0.35146444 0.35983264 0.35983264 0.36192469 0.36192469 0.36820084
 0.36820084 0.37029289 0.37029289 0.37238494 0.37238494 0.38493724
 0.38493724 0.38702929 0.38702929 0.39121339 0.39121339 0.39539749
 0.39539749 0.39958159 0.39958159 0.40794979 0.40794979 0.41213389
 0.41213389 0.41422594 0.41422594 0.41631799 0.41631799 0.41841004
 0.41841004 0.42050209 0.42050209 0.42259414 0.42259414 0.43096234
 0.43096234 0.43305439 0.43305439 0.43723849 0.43723849 0.43933054
 0.43933054 0.44142259 0.44142259 0.44351464 0.44351464 0.44560669
 0.44560669 0.44769874 0.44769874 0.45188285 0.45188285 0.4539749
 0.4539749  0.46025105 0.46025105 0.4623431  0.4623431  0.46443515
 0.46443515 0.46861925 0.46861925 0.4707113  0.4707113  0.47280335
 0.47280335 0.4748954  0.4748954  0.48535565 0.48535565 0.4874477
 0.4874477  0.4958159  0.4958159  0.5041841  0.5041841  0.50627615
 0.50627615 0.5083682  0.5083682  0.51046025 0.51046025 0.5125523
 0.5125523  0.5167364  0.5167364  0.51882845 0.51882845 0.52301255
 0.52301255 0.5251046  0.5251046  0.52719665 0.52719665 0.53138075
 0.53138075 0.5334728  0.5334728  0.53974895 0.53974895 0.54393305
 0.54393305 0.54811715 0.54811715 0.55020921 0.55020921 0.55230126
 0.55230126 0.55439331 0.55439331 0.55648536 0.55648536 0.55857741
 0.55857741 0.56276151 0.56276151 0.56485356 0.56485356 0.56694561
 0.56694561 0.56903766 0.56903766 0.57531381 0.57531381 0.57740586
 0.57740586 0.58577406 0.58577406 0.58786611 0.58786611 0.58995816
 0.58995816 0.59414226 0.59414226 0.59832636 0.59832636 0.60041841
 0.60041841 0.60669456 0.60669456 0.61087866 0.61087866 0.61506276
 0.61506276 0.61715481 0.61715481 0.62552301 0.62552301 0.63179916
 0.63179916 0.63598326 0.63598326 0.64016736 0.64016736 0.64225941
 0.64225941 0.64853556 0.64853556 0.65481172 0.65481172 0.65899582
 0.65899582 0.66317992 0.66317992 0.66527197 0.66527197 0.67154812
 0.67154812 0.67364017 0.67364017 0.67991632 0.67991632 0.69037657
 0.69037657 0.69246862 0.69246862 0.69874477 0.69874477 0.70083682
 0.70083682 0.70292887 0.70292887 0.70502092 0.70502092 0.70920502
 0.70920502 0.71338912 0.71338912 0.71757322 0.71757322 0.72175732
 0.72175732 0.72384937 0.72384937 0.72803347 0.72803347 0.73221757
 0.73221757 0.73849372 0.73849372 0.74058577 0.74058577 0.74895397
 0.74895397 0.75104603 0.75104603 0.75313808 0.75313808 0.75732218
 0.75732218 0.76150628 0.76150628 0.76987448 0.76987448 0.77196653
 0.77196653 0.77824268 0.77824268 0.78033473 0.78033473 0.78451883
 0.78451883 0.78870293 0.78870293 0.80753138 0.80753138 0.81380753
 0.81380753 0.82008368 0.82008368 0.82217573 0.82217573 0.82426778
 0.82426778 0.82635983 0.82635983 0.82845188 0.82845188 0.83472803
 0.83472803 0.83891213 0.83891213 0.84100418 0.84100418 0.84309623
 0.84309623 0.84518828 0.84518828 0.84937238 0.84937238 0.85564854
 0.85564854 0.86192469 0.86192469 0.86401674 0.86401674 0.87238494
 0.87238494 0.87447699 0.87447699 0.87866109 0.87866109 0.88284519
 0.88284519 0.88702929 0.88702929 0.89539749 0.89539749 0.89958159
 0.89958159 0.90167364 0.90167364 0.90376569 0.90376569 0.90585774
 0.90585774 0.90794979 0.90794979 0.91631799 0.91631799 0.92468619
 0.92468619 0.92677824 0.92677824 0.92887029 0.92887029 0.93096234
 0.93096234 0.93305439 0.93305439 0.93514644 0.93514644 0.94142259
 0.94142259 0.94769874 0.94769874 0.95188285 0.95188285 0.9539749
 0.9539749  0.9623431  0.9623431  0.96443515 0.96443515 0.97280335
 0.97280335 0.97698745 0.97698745 0.98535565 0.98535565 1.        ]