[0.         0.         0.0019685  0.0019685  0.00393701 0.00393701
 0.00590551 0.00590551 0.00787402 0.00787402 0.00984252 0.00984252
 0.01181102 0.01181102 0.01968504 0.01968504 0.02165354 0.02165354
 0.02362205 0.02362205 0.02755906 0.02755906 0.03149606 0.03149606
 0.03543307 0.03543307 0.04133858 0.04133858 0.04527559 0.04527559
 0.04724409 0.04724409 0.05511811 0.05511811 0.06692913 0.06692913
 0.07086614 0.07086614 0.07480315 0.07480315 0.07677165 0.07677165
 0.07874016 0.07874016 0.08070866 0.08070866 0.08267717 0.08267717
 0.08858268 0.08858268 0.09055118 0.09055118 0.09251969 0.09251969
 0.1023622  0.1023622  0.10433071 0.10433071 0.10629921 0.10629921
 0.11220472 0.11220472 0.11417323 0.11417323 0.11614173 0.11614173
 0.11811024 0.11811024 0.12007874 0.12007874 0.12204724 0.12204724
 0.12401575 0.12401575 0.12598425 0.12598425 0.13385827 0.13385827
 0.13779528 0.13779528 0.1496063  0.1496063  0.1515748  0.1515748
 0.15551181 0.15551181 0.16338583 0.16338583 0.16535433 0.16535433
 0.16732283 0.16732283 0.17519685 0.17519685 0.17716535 0.17716535
 0.18110236 0.18110236 0.18307087 0.18307087 0.18503937 0.18503937
 0.18897638 0.18897638 0.19685039 0.19685039 0.2007874  0.2007874
 0.20275591 0.20275591 0.20472441 0.20472441 0.20669291 0.20669291
 0.21062992 0.21062992 0.21259843 0.21259843 0.22047244 0.22047244
 0.22244094 0.22244094 0.22440945 0.22440945 0.22637795 0.22637795
 0.23425197 0.23425197 0.24015748 0.24015748 0.24409449 0.24409449
 0.25393701 0.25393701 0.25590551 0.25590551 0.25984252 0.25984252
 0.26377953 0.26377953 0.27952756 0.27952756 0.28149606 0.28149606
 0.28346457 0.28346457 0.28937008 0.28937008 0.29724409 0.29724409
 0.2992126  0.2992126  0.30314961 0.30314961 0.31102362 0.31102362
 0.31692913 0.31692913 0.32086614 0.32086614 0.32677165 0.32677165
 0.33464567 0.33464567 0.34055118 0.34055118 0.34251969 0.34251969
 0.34645669 0.34645669 0.3503937  0.3503937  0.35433071 0.35433071
 0.36417323 0.36417323 0.37598425 0.37598425 0.37795276 0.37795276
 0.37992126 0.37992126 0.38385827 0.38385827 0.38976378 0.38976378
 0.39173228 0.39173228 0.39566929 0.39566929 0.3976378  0.3976378
 0.4015748  0.4015748  0.41141732 0.41141732 0.41338583 0.41338583
 0.41732283 0.41732283 0.41929134 0.41929134 0.42322835 0.42322835
 0.42716535 0.42716535 0.43110236 0.43110236 0.43307087 0.43307087
 0.43503937 0.43503937 0.43897638 0.43897638 0.44094488 0.44094488
 0.44488189 0.44488189 0.4488189  0.4488189  0.45275591 0.45275591
 0.45472441 0.45472441 0.46259843 0.46259843 0.46653543 0.46653543
 0.46850394 0.46850394 0.47440945 0.47440945 0.47637795 0.47637795
 0.48031496 0.48031496 0.48228346 0.48228346 0.48622047 0.48622047
 0.49015748 0.49015748 0.49212598 0.49212598 0.49409449 0.49409449
 0.4980315  0.4980315  0.5        0.5        0.5019685  0.5019685
 0.50787402 0.50787402 0.51181102 0.51181102 0.51377953 0.51377953
 0.51574803 0.51574803 0.51771654 0.51771654 0.51968504 0.51968504
 0.52362205 0.52362205 0.53149606 0.53149606 0.53543307 0.53543307
 0.53937008 0.53937008 0.54133858 0.54133858 0.5492126  0.5492126
 0.55314961 0.55314961 0.55511811 0.55511811 0.55708661 0.55708661
 0.56496063 0.56496063 0.56692913 0.56692913 0.56889764 0.56889764
 0.57480315 0.57480315 0.57677165 0.57677165 0.57874016 0.57874016
 0.58858268 0.58858268 0.59645669 0.59645669 0.60826772 0.60826772
 0.61023622 0.61023622 0.61220472 0.61220472 0.61614173 0.61614173
 0.62007874 0.62007874 0.62598425 0.62598425 0.63385827 0.63385827
 0.63779528 0.63779528 0.63976378 0.63976378 0.64370079 0.64370079
 0.6496063  0.6496063  0.6515748  0.6515748  0.65354331 0.65354331
 0.65551181 0.65551181 0.65748031 0.65748031 0.66338583 0.66338583
 0.66732283 0.66732283 0.66929134 0.66929134 0.67125984 0.67125984
 0.67716535 0.67716535 0.68503937 0.68503937 0.68700787 0.68700787
 0.68897638 0.68897638 0.69094488 0.69094488 0.69291339 0.69291339
 0.69685039 0.69685039 0.70275591 0.70275591 0.70472441 0.70472441
 0.70669291 0.70669291 0.71062992 0.71062992 0.71456693 0.71456693
 0.71653543 0.71653543 0.72047244 0.72047244 0.72440945 0.72440945
 0.72637795 0.72637795 0.72834646 0.72834646 0.73228346 0.73228346
 0.73622047 0.73622047 0.73818898 0.73818898 0.74212598 0.74212598
 0.74409449 0.74409449 0.74606299 0.74606299 0.75       0.75
 0.75590551 0.75590551 0.75787402 0.75787402 0.75984252 0.75984252
 0.76574803 0.76574803 0.76771654 0.76771654 0.76968504 0.76968504
 0.77362205 0.77362205 0.77755906 0.77755906 0.77952756 0.77952756
 0.78149606 0.78149606 0.78937008 0.78937008 0.79330709 0.79330709
 0.79527559 0.79527559 0.80314961 0.80314961 0.80511811 0.80511811
 0.80905512 0.80905512 0.81299213 0.81299213 0.81496063 0.81496063
 0.82086614 0.82086614 0.82480315 0.82480315 0.82874016 0.82874016
 0.83070866 0.83070866 0.83661417 0.83661417 0.83858268 0.83858268
 0.84645669 0.84645669 0.8484252  0.8484252  0.8503937  0.8503937
 0.8523622  0.8523622  0.85433071 0.85433071 0.86023622 0.86023622
 0.86614173 0.86614173 0.87007874 0.87007874 0.87401575 0.87401575
 0.87598425 0.87598425 0.88385827 0.88385827 0.89370079 0.89370079
 0.8976378  0.8976378  0.8996063  0.8996063  0.90354331 0.90354331
 0.91338583 0.91338583 0.91732283 0.91732283 0.92125984 0.92125984
 0.92322835 0.92322835 0.92519685 0.92519685 0.93307087 0.93307087
 0.93503937 0.93503937 0.93897638 0.93897638 0.94094488 0.94094488
 0.94291339 0.94291339 0.94685039 0.94685039 0.9488189  0.9488189
 0.9507874  0.9507874  0.95275591 0.95275591 0.95866142 0.95866142
 0.96062992 0.96062992 0.96259843 0.96259843 0.96456693 0.96456693
 0.97244094 0.97244094 0.97440945 0.97440945 0.97637795 0.97637795
 0.98031496 0.98031496 0.98622047 0.98622047 0.99015748 0.99015748
 0.99212598 0.99212598 1.        ]