[0.10783444 0.10783417 0.10783585 0.10783417 0.10780924 0.10782931
 0.10783284 0.10783414 0.10783417 0.10783468 0.10785207 0.1078359
 0.10783421 0.1078187  0.10785905 0.10783415 0.10783423 0.10783523
 0.10783364 0.10783287 0.10784015 0.10783417 0.1078342  0.1078342
 0.10783417 0.10783417 0.10783428 0.10783353 0.10784096 0.10783344
 0.10784273 0.10743971 0.10783417 0.1078347  0.10783417 0.10783461
 0.10783417 0.10783433 0.10783543 0.10783415 0.1078343  0.10783419
 0.10783241 0.10057362 0.10783429 0.12204145 0.10783423 0.10783449
 0.10783452 0.10783417 0.10783418 0.03817935 0.10783417 0.10783091
 0.10782792 0.1078342  0.10783381 0.10783403 0.10783417 0.10801005
 0.10783379 0.1078338  0.10782428 0.10783417 0.10784124 0.10845584
 0.10783321 0.10783417 0.10783388 0.10782137 0.10783417 0.10783427
 0.10783417 0.10783417 0.10783418 0.10865617 0.10783455 0.10783368
 0.1078348  0.10783412 0.10783417 0.10783417 0.10861077 0.10783456
 0.10784788 0.10783419 0.10783415 0.10783414 0.10783418 0.10785535
 0.10783455 0.10783417 0.10783363 0.10783422 0.10782847 0.10877972
 0.10783969 0.10783448 0.10783417 0.10783412 0.12240801 0.10783562
 0.10782795 0.10834039 0.10783417 0.10783507 0.10783453 0.10783413
 0.10783422 0.10783416 0.107836   0.1078357  0.10783417 0.10783418
 0.10783417 0.1078343  0.10783417 0.107834   0.10783451 0.10783401
 0.10783449 0.10741673 0.10782937 0.10783417 0.10783419 0.10783488
 0.1078342  0.10783447 0.10783417 0.1078537  0.10783858 0.10783417
 0.10783729 0.10783417 0.13739786 0.10783515 0.10784394 0.10783679
 0.10783418 0.10783438 0.10783421 0.10783322 0.10783417 0.1078327
 0.10783176 0.10783491 0.10783418 0.10783417 0.10783417 0.10783467
 0.10783661 0.10783861 0.10902897 0.10783417 0.10783417 0.10792095
 0.10793414 0.10783413 0.10783418 0.10782901 0.10744312 0.10783418
 0.10782981 0.1078451  0.10783419 0.10783418 0.10761729 0.10783418
 0.10783188 0.10776405 0.10783298 0.10783411 0.10783418 0.10783415
 0.10784193 0.10783417 0.10783417 0.10783417 0.10783418 0.10783424
 0.10785367 0.10783499 0.10783417 0.10783418 0.10783705 0.10783417
 0.10783372 0.10784887 0.10783417 0.10780516 0.10783755 0.10783418
 0.1078341  0.10783417 0.10783413 0.1078341  0.10783515 0.10783418
 0.1078286  0.10783419 0.10782787 0.10783569 0.10783417 0.10783447
 0.1078364  0.10796989 0.10783432 0.10783417 0.10783418 0.1078375
 0.10783414 0.10783425 0.10783402 0.10502445 0.10783415 0.10783418
 0.10783417 0.10783406 0.10783417 0.10789177 0.10783074 0.10783422
 0.10785309 0.10783413 0.10783431 0.10782084 0.10783417 0.10783695
 0.10783417 0.10783429 0.1075214  0.10783439 0.10783408 0.10783418
 0.10783427 0.10783347 0.10783835 0.10783    0.10783418 0.10783345
 0.10783426 0.10783417 0.10783417 0.10783348 0.10783433 0.10783373
 0.10783418 0.10783456 0.10784612 0.10788416 0.10783418 0.10783276
 0.10783417 0.10783509 0.10781653 0.10783415 0.10775063 0.10783454
 0.10783466 0.10783417 0.10783485 0.10609406 0.10783413 0.10783417
 0.10775745 0.10783413 0.10783419 0.10783416 0.10783578 0.10782989
 0.10783419 0.10783413 0.10783416 0.10783298 0.10783907 0.1078338
 0.10783467 0.10783417 0.10783417 0.10783417 0.10783395 0.10783404
 0.10783352 0.1078337  0.10783417 0.10783475 0.10809242 0.1078342
 0.10783417 0.10783417 0.10783416 0.10783653 0.10783504 0.10783408
 0.10782385 0.1078395  0.10784997 0.10783417 0.10783406 0.10776001
 0.10783417 0.10782705 0.10783492 0.10783425 0.1078315  0.10783416
 0.10783417 0.10783417 0.10783378 0.10783477 0.10783454 0.10783815
 0.10783359 0.10783419 0.10783271 0.10783434 0.10783417 0.10783346
 0.10783414 0.107833   0.10783916 0.10783418 0.10783321 0.10783417
 0.10788673 0.10783755 0.10783436 0.10780353 0.10783417 0.1079311
 0.1078342  0.10783281 0.10783426 0.10783981 0.10783424 0.1054081
 0.10783411 0.10785233 0.10766715 0.10783645 0.10783431 0.10783417
 0.10784881 0.10783417 0.10783417 0.10781817 0.10783419 0.10783414
 0.10789235 0.10783509 0.10792027 0.10783418 0.10783639 0.10783417
 0.10783363 0.10783358 0.10783513 0.10782499 0.10784795 0.10782463
 0.10783422 0.10784034 0.10783417 0.10783429 0.10783417 0.10780648
 0.1078345  0.1078339  0.10783417 0.10785175 0.10783417 0.10777843
 0.10783424 0.10783421 0.10783417 0.10783715 0.10778748 0.10784231
 0.10783422 0.10783404 0.10783476 0.10783556 0.1075995  0.10786507
 0.10783417 0.10783455 0.10783417 0.10783434 0.1078344  0.10783438
 0.10783418 0.10783414 0.10783417 0.107834   0.10783692 0.10783418
 0.10783377 0.10783419 0.10783275 0.10783784 0.10783417 0.10783584
 0.1078342  0.10791868 0.10783417 0.10784439 0.10785766 0.10783507
 0.10775246 0.10783414 0.10783418 0.10783417 0.10783417 0.10783417
 0.10782757 0.10783418 0.10783411 0.10783417 0.10783417 0.10805122
 0.10783425 0.10788747 0.10784475 0.10785392 0.10783808 0.10784928
 0.10784363 0.10783443 0.10783418 0.10783417 0.10783418 0.10783417
 0.10783571 0.10744267 0.10782913 0.10783417 0.10783446 0.10783383
 0.10783396 0.10783426 0.10783448 0.10783417 0.10788393 0.10783412
 0.10783418 0.10783427 0.10783418 0.10784023 0.10783416 0.10783417
 0.10783417 0.10783852 0.10783299 0.10779706 0.10783461 0.10701281
 0.10783639 0.10784909 0.10825115 0.10783418 0.10779814 0.1078343
 0.10783423 0.10783418 0.10690275 0.10783417 0.10784213 0.10783433
 0.10783418 0.10794282 0.10782736 0.10783417 0.10783436 0.10783419
 0.10783418 0.10783417 0.10783417 0.10783419 0.10783434 0.10783418
 0.10783369 0.10783465 0.10783409 0.10783421 0.10783414 0.10783417
 0.10783418 0.10783418 0.10799492 0.10783418 0.10783425 0.10783421
 0.10783418 0.10785468 0.10783368 0.10783146 0.10783422 0.10791277
 0.10783412 0.10783415 0.10783417 0.10783415 0.10783409 0.10783421
 0.10783442 0.10783414 0.10783374 0.10783418 0.10783417 0.10790731
 0.10783425 0.10781091 0.10783426 0.10783472 0.10783298 0.10783416
 0.10783418 0.10777257 0.10782624 0.10783771 0.10783692 0.10783417
 0.10774786 0.10783422 0.10785745 0.10783327 0.10783418 0.10785506
 0.10783259 0.10783418 0.10783354 0.10783417 0.10783417 0.10783418
 0.10783417 0.10783417 0.10783422 0.10783445 0.10782847 0.10783417
 0.10794192 0.10783891 0.10848566 0.10783418 0.10783417 0.10790798
 0.10783392 0.10783417 0.10783538 0.1078339  0.10783421 0.10783417
 0.10783324 0.10783402 0.10782347 0.1078375  0.10783423 0.10783464
 0.10783412 0.10783411 0.10783416 0.10783677 0.10782119 0.10783417
 0.1078518  0.10818093 0.1078342  0.10783426 0.10783418 0.10783419
 0.10783614 0.10783403 0.1078343  0.10776821 0.10783417 0.10783383
 0.10783414 0.10783462 0.10783418 0.10783052 0.10783413 0.10783373
 0.10783386 0.10783779 0.11064005 0.10782942 0.10783417 0.10783411
 0.1078505  0.10783417 0.10783424 0.10792291 0.10783229 0.10783417
 0.10783417 0.1078906  0.10783417 0.10783418 0.10783418 0.10821469
 0.10783425 0.10783417 0.10783417 0.10822335 0.10783396 0.10783416
 0.10783417 0.10783418 0.10781925 0.1078056  0.10783448 0.10783459
 0.10781828 0.10787264 0.10783461 0.10783403 0.10783417 0.10783494
 0.10783418 0.10783497 0.10783318 0.10803178 0.10783419 0.10783421
 0.10783418 0.10783417 0.10783417 0.10783417 0.10783418 0.1078451
 0.1078338  0.10783418 0.10782886 0.10783369 0.10783449 0.10783455
 0.10783856 0.10783555 0.10782647 0.1078352  0.10783471 0.10783418
 0.10783431 0.10814361 0.10782491 0.10781618 0.10783268 0.1078368
 0.10783417 0.10779349 0.10783419 0.10783437 0.10783417 0.10783509
 0.10783456 0.10783426 0.10783399 0.10783418 0.10783512 0.10783542
 0.10783417 0.10783412 0.10783447 0.10722211 0.1300337  0.10791898
 0.10783408 0.10783435 0.10783416 0.1078544  0.10783687 0.10783418
 0.10781661 0.1078621  0.10783418 0.10783417 0.10783382 0.1078342
 0.10783427 0.10778977 0.10783386 0.10783417 0.10783417 0.10783407
 0.1078333  0.10783564 0.10783418 0.10784677 0.10783417 0.10783417
 0.10783417 0.10783417 0.10783418 0.10783415 0.10783433 0.10783417
 0.10790246 0.1082564  0.10784465 0.10777052 0.10783417 0.10783429
 0.10783382 0.10783418 0.10795683 0.10783419 0.10794976 0.10783417
 0.10782599 0.10783194 0.10783423 0.11213829 0.10783444 0.10822855
 0.10783396 0.10783387 0.1077797  0.10783406 0.10783413 0.10783412
 0.10783417 0.10783417 0.10783417 0.10783337 0.10781825 0.10781442
 0.10783421 0.10783418 0.10783417 0.10782178 0.10783465 0.10783417
 0.10783169 0.10779445 0.10783428 0.10783416 0.10783418 0.10783429
 0.10783417 0.10783417 0.107836   0.10772867 0.10783418 0.10783425
 0.10783361 0.10783382 0.10783413 0.10783417 0.10783417 0.10783417
 0.10783417 0.10783416 0.10789459 0.10783492 0.10783209 0.10774016
 0.10783422 0.1078344  0.10783417 0.10783417 0.10783425 0.10792417
 0.10784561 0.10783409 0.10783075 0.10783394 0.10783922 0.10783419
 0.10767453 0.10807233 0.10783417 0.10783418 0.10783425 0.1078342
 0.10783417 0.10783387 0.10783417 0.10783422 0.10783417 0.10783415
 0.10783417 0.10783408 0.10783405 0.10783234 0.10783417 0.10783403
 0.10808884 0.10783484 0.10783417 0.10783391 0.10783593 0.10783432
 0.10783417 0.10783474 0.10783389 0.10783335 0.1078433  0.10783417
 0.1078342  0.10783419 0.10783419 0.10833943 0.10783424 0.10785049
 0.10783459 0.10783417 0.10783417 0.10783435 0.10783411 0.10783418
 0.10783417 0.10783417 0.10754565 0.10755965 0.10783503 0.10783417
 0.10783418 0.10783411 0.10659627 0.10685118 0.10783419 0.10784295
 0.10783417 0.10782327 0.107834   0.1078346  0.10783419 0.10782481
 0.10783418 0.10783566 0.10782309 0.10783415 0.10783347 0.10783414
 0.10783418 0.10786904 0.1078341  0.10783437 0.10749318 0.10783425
 0.1078349  0.10783418 0.10783682 0.10783391 0.10783433 0.10786357
 0.10783499 0.10783419 0.10783459 0.10784883 0.10783422 0.10783417
 0.10783417 0.10783433 0.10780775 0.10783418 0.10783417 0.10783625
 0.10783418 0.10783934 0.10783724 0.10783431 0.1084015  0.10783143
 0.10783415 0.10783437 0.10783417 0.10783356 0.10783561 0.10784255
 0.1078561  0.10783417 0.10783455 0.10783417 0.10783417 0.10783362
 0.10784216 0.10783407 0.10785319 0.1078257  0.1078369  0.10783415
 0.10783417 0.10783418 0.10783514 0.10783435 0.10783762 0.10784721
 0.10783428 0.10783417 0.10783478 0.10783683 0.10783382 0.10784023
 0.10783284 0.10783418 0.10783417 0.10783418 0.10783421 0.10782776
 0.10784307 0.10783418 0.10783417 0.10783473 0.10782873 0.10783417
 0.10703988 0.10783416 0.10783419 0.107834   0.10783386 0.10783325
 0.10788737 0.10783418 0.10783416 0.10783415 0.10783351 0.10783417
 0.10783411 0.10783417 0.10815733 0.1080477  0.10783359 0.10783418
 0.10783417 0.10783418 0.10783418 0.10784308 0.10782418 0.10753319
 0.10783476 0.10783505 0.10783417 0.10782523 0.1078597  0.10779292
 0.10783675 0.10795856 0.10783418 0.10783419 0.10783418 0.10783428
 0.10785895 0.1078342  0.10783411 0.1078347  0.10783329 0.10783416
 0.10783407 0.10783416 0.10783417 0.10783417 0.10783421 0.10783418
 0.10783417 0.10783249 0.10783415 0.10783417 0.10791926 0.10573721
 0.10783409 0.10783416 0.10783424 0.10783417 0.10783417 0.10783417
 0.10783418 0.10785378 0.10781749 0.10783417 0.10779887 0.10783417
 0.10783417 0.1078339  0.10782118 0.10783408 0.10783458 0.10423426
 0.10784114 0.10786635 0.10783429 0.10783418 0.10783408 0.10786361
 0.10783451 0.10783417 0.10781083 0.1078313  0.10784976 0.10783419
 0.1078344  0.10783418 0.1065953  0.10783445 0.10783421 0.10783257
 0.10783432 0.10783409 0.09912281 0.10783446]