[ 2.88910957  1.88910957  1.64460702  1.64111288  1.62350437  1.62053683
  1.5102077   1.45400018  1.45254849  1.45136147  1.42901405  1.42338497
  1.40307459  1.35061883  1.34220989  1.30632645  1.30454096  1.28676439
  1.27063247  1.2700783   1.26552437  1.25039152  1.21252716  1.18846792
  1.18794879  1.17832007  1.16868297  1.16395738  1.15957423  1.13666711
  1.126215    1.12405799  1.12091372  1.10849783  1.09690891  1.09589509
  1.09531561  1.0896432   1.08951904  1.04766864  1.04360925  1.03895612
  1.03871208  1.02860364  1.02700917  1.02440915  1.01977355  1.01753104
  1.00387028  1.00252166  1.00052884  0.99833417  0.99135559  0.95273761
  0.95232937  0.95223087  0.95179163  0.95124934  0.94004285  0.9384878
  0.93097236  0.92965748  0.92937727  0.92264331  0.91986974  0.91808937
  0.91746616  0.9140319   0.90909949  0.90491608  0.89997698  0.89392416
  0.89148623  0.88282027  0.87885657  0.86271214  0.86188975  0.85845617
  0.85413328  0.84398155  0.84181927  0.83848974  0.83820119  0.82703541
  0.826954    0.81654078  0.81070099  0.80394059  0.80174787  0.80085933
  0.79839802  0.79405194  0.79128924  0.78438338  0.77581972  0.7734781
  0.77185603  0.76682647  0.76312685  0.75850943  0.75277151  0.74911533
  0.74197992  0.73881513  0.73420749  0.72605191  0.72503412  0.72049068
  0.72030848  0.70776112  0.7067653   0.69237593  0.68701923  0.68406769
  0.68069506  0.6734477   0.66353865  0.65544759  0.65382306  0.64504564
  0.64228508  0.64214777  0.64134634  0.64038663  0.63987403  0.62894854
  0.62539467  0.6182531   0.61137295  0.60450736  0.59898367  0.59648358
  0.59608561  0.59192223  0.58581829  0.5847308   0.58258571  0.58150518
  0.57265104  0.56626586  0.56520602  0.5637193   0.55992104  0.55597998
  0.5546602   0.55121981  0.54968255  0.54160588  0.54036983  0.53969986
  0.53823999  0.53411627  0.5283532   0.52745242  0.52693474  0.52525039
  0.52515349  0.52435609  0.52152043  0.5200149   0.51793544  0.51512587
  0.51319333  0.51138244  0.51028595  0.50914886  0.50654258  0.50273301
  0.49770889  0.49637103  0.49400555  0.4838035   0.48198355  0.48136455
  0.47896638  0.47427427  0.4742407   0.46899893  0.46492456  0.46247149
  0.45844095  0.45305437  0.44883675  0.43996731  0.43947905  0.43744636
  0.43649344  0.43529274  0.43424042  0.43399222  0.43397649  0.42406018
  0.41977321  0.41624668  0.41171373  0.40825726  0.38955811  0.38898253
  0.38684759  0.38580881  0.38006814  0.37454839  0.37408525  0.37165851
  0.36984387  0.36966439  0.36477965  0.35948984  0.34701815  0.34622099
  0.34456588  0.3405673   0.33583017  0.33176361  0.33157973  0.32668196
  0.32662058  0.31955194  0.31081947  0.30751541  0.30508642  0.30447503
  0.30264616  0.30199871  0.29830009  0.29740219  0.29346914  0.29080434
  0.28558869  0.28555317  0.27866612  0.27330713  0.27161318  0.27124237
  0.27079524  0.27017267  0.26592996  0.26574892  0.26543393  0.26011619
  0.25707088  0.24755857  0.22173627  0.20229964  0.20089259  0.19931394
  0.19043769  0.18587265  0.1784765   0.17814055  0.16894701  0.16855361
  0.16439218  0.16375124  0.16221378  0.15743639  0.15271021  0.15153285
  0.14976849  0.14485536  0.14065451  0.13676617  0.13255544  0.12575649
  0.12551698  0.12518444  0.12470759  0.12446091  0.12301422  0.12163724
  0.11582599  0.11112422  0.09938467  0.09902172  0.08577447  0.08341798
  0.07808394  0.07271002  0.05856031  0.05145048  0.04971751  0.04455083
  0.04334492  0.04093405  0.03839644  0.03593152  0.0352164   0.03446739
  0.03218968  0.03110509  0.02637809  0.02622117  0.02247285  0.01863502
  0.01479373  0.0086307   0.00465095  0.00403594 -0.01362101 -0.01481952
 -0.0174068  -0.01811096 -0.01894533 -0.01998541 -0.02874585 -0.02964049
 -0.04675296 -0.04791516 -0.05129608 -0.05211876 -0.05474411 -0.05685909
 -0.0574383  -0.05842083 -0.05969785 -0.06182782 -0.06223945 -0.06693364
 -0.06726455 -0.06817781 -0.07999608 -0.08110322 -0.08431525 -0.10227782
 -0.10489733 -0.11715089 -0.11785991 -0.1201009  -0.12394926 -0.12987284
 -0.13174679 -0.13296458 -0.13391601 -0.1415007  -0.14576173 -0.14600973
 -0.14713135 -0.15111543 -0.15245822 -0.15391737 -0.16113299 -0.17044501
 -0.17247896 -0.17481061 -0.18376346 -0.18649554 -0.18743962 -0.18806117
 -0.20179861 -0.20488622 -0.20882466 -0.20950591 -0.21238592 -0.22055041
 -0.2388049  -0.24171618 -0.24393083 -0.24550715 -0.26022229 -0.26193732
 -0.26501859 -0.26961521 -0.27192081 -0.28885236 -0.29353719 -0.30131539
 -0.31176671 -0.32567468 -0.3289095  -0.33119165 -0.33760345 -0.33887508
 -0.341871   -0.34246351 -0.34275084 -0.34294514 -0.34395352 -0.34598418
 -0.34657672 -0.34891799 -0.34898361 -0.35219375 -0.3559978  -0.36228736
 -0.36233919 -0.3666984  -0.37213325 -0.37558382 -0.37869646 -0.37895509
 -0.37939456 -0.38120947 -0.38650886 -0.39222306 -0.39659244 -0.40341914
 -0.40727391 -0.4125246  -0.42225443 -0.42894973 -0.43099617 -0.43266532
 -0.44539473 -0.45008875 -0.46235074 -0.46315286 -0.4655869  -0.46766552
 -0.47363556 -0.47595457 -0.48773805 -0.48961856 -0.50219644 -0.50727614
 -0.51657519 -0.51976209 -0.52210361 -0.53351713 -0.54131853 -0.55976248
 -0.56025583 -0.57130173 -0.58105525 -0.58376067 -0.60405532 -0.60802695
 -0.61288387 -0.6136242  -0.62113521 -0.62663049 -0.62786474 -0.63507046
 -0.63999033 -0.64324829 -0.64405806 -0.64430917 -0.67706696 -0.7113559
 -0.73832781 -0.74171561 -0.76465504 -0.77171512 -0.79823827 -0.81532007
 -0.84577998 -0.86393476 -0.97169233 -0.98175779 -1.02646486 -1.04006502
 -1.06635325 -1.08492944 -1.08791099 -1.09485629 -1.15964431 -1.18492082
 -1.21006108 -1.25961284 -1.32220207 -1.51447013 -1.61619826]