[0.         0.0021645  0.0021645  0.01298701 0.01298701 0.01731602
 0.01731602 0.01948052 0.01948052 0.02597403 0.02597403 0.02813853
 0.02813853 0.03246753 0.03246753 0.03896104 0.03896104 0.04329004
 0.04329004 0.05194805 0.05194805 0.05627706 0.05627706 0.06277056
 0.06277056 0.06709957 0.06709957 0.07142857 0.07142857 0.07575758
 0.07575758 0.07792208 0.07792208 0.08441558 0.08441558 0.08658009
 0.08658009 0.09090909 0.09090909 0.0974026  0.0974026  0.1038961
 0.1038961  0.10606061 0.10606061 0.10822511 0.10822511 0.11038961
 0.11038961 0.11255411 0.11255411 0.12121212 0.12121212 0.12770563
 0.12770563 0.12987013 0.12987013 0.13203463 0.13203463 0.13419913
 0.13419913 0.13852814 0.13852814 0.14069264 0.14069264 0.14718615
 0.14718615 0.14935065 0.14935065 0.16233766 0.16233766 0.16450216
 0.16450216 0.16666667 0.16666667 0.17099567 0.17099567 0.17532468
 0.17532468 0.18181818 0.18181818 0.18398268 0.18398268 0.19047619
 0.19047619 0.19480519 0.19480519 0.2012987  0.2012987  0.20779221
 0.20779221 0.20995671 0.20995671 0.21428571 0.21428571 0.21645022
 0.21645022 0.21861472 0.21861472 0.22294372 0.22294372 0.23160173
 0.23160173 0.23809524 0.23809524 0.24242424 0.24242424 0.24675325
 0.24675325 0.25974026 0.25974026 0.26406926 0.26406926 0.26623377
 0.26623377 0.26839827 0.26839827 0.27272727 0.27272727 0.27489177
 0.27489177 0.27705628 0.27705628 0.27922078 0.27922078 0.28138528
 0.28138528 0.28571429 0.28571429 0.29004329 0.29004329 0.29437229
 0.29437229 0.2965368  0.2965368  0.2987013  0.2987013  0.3030303
 0.3030303  0.30519481 0.30519481 0.30735931 0.30735931 0.30952381
 0.30952381 0.31385281 0.31385281 0.31601732 0.31601732 0.32467532
 0.32467532 0.32683983 0.32683983 0.32900433 0.32900433 0.33116883
 0.33116883 0.33333333 0.33333333 0.33549784 0.33549784 0.33766234
 0.33766234 0.34415584 0.34415584 0.34632035 0.34632035 0.34848485
 0.34848485 0.35064935 0.35064935 0.35281385 0.35281385 0.35714286
 0.35714286 0.35930736 0.35930736 0.36363636 0.36363636 0.36580087
 0.36580087 0.37012987 0.37012987 0.37878788 0.37878788 0.38095238
 0.38095238 0.38311688 0.38311688 0.38528139 0.38528139 0.38744589
 0.38744589 0.39393939 0.39393939 0.4004329  0.4004329  0.40909091
 0.40909091 0.41558442 0.41558442 0.42207792 0.42207792 0.42640693
 0.42640693 0.42857143 0.42857143 0.43722944 0.43722944 0.43939394
 0.43939394 0.44372294 0.44372294 0.44588745 0.44588745 0.44805195
 0.44805195 0.45021645 0.45021645 0.45238095 0.45238095 0.45887446
 0.45887446 0.46103896 0.46103896 0.46753247 0.46753247 0.47402597
 0.47402597 0.47619048 0.47619048 0.47835498 0.47835498 0.48268398
 0.48268398 0.48484848 0.48484848 0.48917749 0.48917749 0.49350649
 0.49350649 0.5        0.5        0.51082251 0.51082251 0.51515152
 0.51515152 0.51731602 0.51731602 0.51948052 0.51948052 0.52380952
 0.52380952 0.52597403 0.52597403 0.53246753 0.53246753 0.53463203
 0.53463203 0.54112554 0.54112554 0.54329004 0.54329004 0.54545455
 0.54545455 0.54978355 0.54978355 0.55194805 0.55194805 0.55411255
 0.55411255 0.56709957 0.56709957 0.57792208 0.57792208 0.58874459
 0.58874459 0.59090909 0.59090909 0.5952381  0.5952381  0.5995671
 0.5995671  0.6038961  0.6038961  0.60822511 0.60822511 0.61255411
 0.61255411 0.61688312 0.61688312 0.62337662 0.62337662 0.62770563
 0.62770563 0.63419913 0.63419913 0.63636364 0.63636364 0.64069264
 0.64069264 0.64502165 0.64502165 0.64718615 0.64718615 0.64935065
 0.64935065 0.65584416 0.65584416 0.66233766 0.66233766 0.66450216
 0.66450216 0.66666667 0.66666667 0.66883117 0.66883117 0.67532468
 0.67532468 0.68181818 0.68181818 0.68831169 0.68831169 0.69047619
 0.69047619 0.69264069 0.69264069 0.69480519 0.69480519 0.6969697
 0.6969697  0.7012987  0.7012987  0.7034632  0.7034632  0.70562771
 0.70562771 0.70779221 0.70779221 0.71212121 0.71212121 0.71645022
 0.71645022 0.72510823 0.72510823 0.72943723 0.72943723 0.73160173
 0.73160173 0.73376623 0.73376623 0.73809524 0.73809524 0.74025974
 0.74025974 0.74242424 0.74242424 0.74458874 0.74458874 0.74675325
 0.74675325 0.75324675 0.75324675 0.76406926 0.76406926 0.76623377
 0.76623377 0.77056277 0.77056277 0.77272727 0.77272727 0.77489177
 0.77489177 0.77922078 0.77922078 0.78138528 0.78138528 0.78354978
 0.78354978 0.79220779 0.79220779 0.79437229 0.79437229 0.8008658
 0.8008658  0.81385281 0.81385281 0.81601732 0.81601732 0.82034632
 0.82034632 0.82467532 0.82467532 0.82683983 0.82683983 0.82900433
 0.82900433 0.83116883 0.83116883 0.83333333 0.83333333 0.83766234
 0.83766234 0.83982684 0.83982684 0.84415584 0.84415584 0.85064935
 0.85064935 0.85930736 0.85930736 0.86147186 0.86147186 0.86796537
 0.86796537 0.87012987 0.87012987 0.87662338 0.87662338 0.88744589
 0.88744589 0.89393939 0.89393939 0.8961039  0.8961039  0.8982684
 0.8982684  0.9025974  0.9025974  0.91125541 0.91125541 0.91341991
 0.91341991 0.91774892 0.91774892 0.92857143 0.92857143 0.93073593
 0.93073593 0.93506494 0.93506494 0.93722944 0.93722944 0.94588745
 0.94588745 0.94805195 0.94805195 0.95021645 0.95021645 0.95238095
 0.95238095 0.95454545 0.95454545 0.95887446 0.95887446 0.96536797
 0.96536797 0.96969697 0.96969697 0.97402597 0.97402597 0.98051948
 0.98051948 0.98268398 0.98268398 0.98484848 0.98484848 0.98917749
 0.98917749 0.99134199 0.99134199 0.99350649 0.99350649 0.995671
 0.995671   1.        ]