[0.         0.         0.00183486 0.00183486 0.01100917 0.01100917
 0.01284404 0.01284404 0.0146789  0.0146789  0.01651376 0.01651376
 0.02018349 0.02018349 0.02201835 0.02201835 0.03119266 0.03119266
 0.0440367  0.0440367  0.04587156 0.04587156 0.04954128 0.04954128
 0.05321101 0.05321101 0.0587156  0.0587156  0.06055046 0.06055046
 0.06422018 0.06422018 0.06605505 0.06605505 0.06972477 0.06972477
 0.0733945  0.0733945  0.07522936 0.07522936 0.07706422 0.07706422
 0.08623853 0.08623853 0.09541284 0.09541284 0.09908257 0.09908257
 0.10091743 0.10091743 0.10275229 0.10275229 0.10642202 0.10642202
 0.10825688 0.10825688 0.11376147 0.11376147 0.12110092 0.12110092
 0.12293578 0.12293578 0.12844037 0.12844037 0.13027523 0.13027523
 0.13211009 0.13211009 0.13577982 0.13577982 0.13761468 0.13761468
 0.13944954 0.13944954 0.14311927 0.14311927 0.15229358 0.15229358
 0.15412844 0.15412844 0.15963303 0.15963303 0.16146789 0.16146789
 0.16513761 0.16513761 0.16697248 0.16697248 0.17798165 0.17798165
 0.18348624 0.18348624 0.1853211  0.1853211  0.18715596 0.18715596
 0.19266055 0.19266055 0.19816514 0.19816514 0.2        0.2
 0.20183486 0.20183486 0.20366972 0.20366972 0.21651376 0.21651376
 0.21834862 0.21834862 0.2293578  0.2293578  0.23302752 0.23302752
 0.23669725 0.23669725 0.2440367  0.2440367  0.24587156 0.24587156
 0.25137615 0.25137615 0.25688073 0.25688073 0.26238532 0.26238532
 0.26788991 0.26788991 0.27155963 0.27155963 0.2733945  0.2733945
 0.27889908 0.27889908 0.28807339 0.28807339 0.28990826 0.28990826
 0.29174312 0.29174312 0.29357798 0.29357798 0.29724771 0.29724771
 0.30458716 0.30458716 0.30642202 0.30642202 0.30825688 0.30825688
 0.31009174 0.31009174 0.32293578 0.32293578 0.32477064 0.32477064
 0.32844037 0.32844037 0.34678899 0.34678899 0.35045872 0.35045872
 0.35229358 0.35229358 0.3559633  0.3559633  0.35779817 0.35779817
 0.35963303 0.35963303 0.36146789 0.36146789 0.36330275 0.36330275
 0.36697248 0.36697248 0.37431193 0.37431193 0.37798165 0.37798165
 0.3853211  0.3853211  0.38899083 0.38899083 0.39449541 0.39449541
 0.39633028 0.39633028 0.4        0.4        0.40183486 0.40183486
 0.40366972 0.40366972 0.40550459 0.40550459 0.41284404 0.41284404
 0.41834862 0.41834862 0.42385321 0.42385321 0.42752294 0.42752294
 0.43486239 0.43486239 0.43669725 0.43669725 0.43853211 0.43853211
 0.44036697 0.44036697 0.45321101 0.45321101 0.45688073 0.45688073
 0.4587156  0.4587156  0.46055046 0.46055046 0.48073394 0.48073394
 0.48256881 0.48256881 0.48440367 0.48440367 0.48623853 0.48623853
 0.48807339 0.48807339 0.49174312 0.49174312 0.49357798 0.49357798
 0.49541284 0.49541284 0.49724771 0.49724771 0.50458716 0.50458716
 0.51009174 0.51009174 0.51559633 0.51559633 0.51926606 0.51926606
 0.52110092 0.52110092 0.52477064 0.52477064 0.5266055  0.5266055
 0.53027523 0.53027523 0.53394495 0.53394495 0.53944954 0.53944954
 0.54495413 0.54495413 0.54678899 0.54678899 0.55045872 0.55045872
 0.55229358 0.55229358 0.55779817 0.55779817 0.55963303 0.55963303
 0.56146789 0.56146789 0.56330275 0.56330275 0.56697248 0.56697248
 0.56880734 0.56880734 0.5706422  0.5706422  0.57247706 0.57247706
 0.57431193 0.57431193 0.57614679 0.57614679 0.58348624 0.58348624
 0.58715596 0.58715596 0.58899083 0.58899083 0.59082569 0.59082569
 0.59266055 0.59266055 0.6        0.6        0.60183486 0.60183486
 0.61100917 0.61100917 0.61651376 0.61651376 0.61834862 0.61834862
 0.62018349 0.62018349 0.62752294 0.62752294 0.6293578  0.6293578
 0.63119266 0.63119266 0.63486239 0.63486239 0.63669725 0.63669725
 0.63853211 0.63853211 0.64036697 0.64036697 0.64220183 0.64220183
 0.65137615 0.65137615 0.65504587 0.65504587 0.65688073 0.65688073
 0.6587156  0.6587156  0.66238532 0.66238532 0.66422018 0.66422018
 0.66788991 0.66788991 0.66972477 0.66972477 0.67155963 0.67155963
 0.6733945  0.6733945  0.67889908 0.67889908 0.68623853 0.68623853
 0.68807339 0.68807339 0.69174312 0.69174312 0.69357798 0.69357798
 0.69724771 0.69724771 0.70091743 0.70091743 0.70275229 0.70275229
 0.70642202 0.70642202 0.70825688 0.70825688 0.71376147 0.71376147
 0.71559633 0.71559633 0.71743119 0.71743119 0.72844037 0.72844037
 0.73027523 0.73027523 0.73577982 0.73577982 0.74495413 0.74495413
 0.74678899 0.74678899 0.74862385 0.74862385 0.75045872 0.75045872
 0.75229358 0.75229358 0.75412844 0.75412844 0.7559633  0.7559633
 0.75963303 0.75963303 0.76330275 0.76330275 0.7706422  0.7706422
 0.77614679 0.77614679 0.77981651 0.77981651 0.7853211  0.7853211
 0.78715596 0.78715596 0.79082569 0.79082569 0.79633028 0.79633028
 0.8        0.8        0.80733945 0.80733945 0.80917431 0.80917431
 0.82201835 0.82201835 0.82752294 0.82752294 0.83486239 0.83486239
 0.84036697 0.84036697 0.84220183 0.84220183 0.8440367  0.8440367
 0.84587156 0.84587156 0.84770642 0.84770642 0.84954128 0.84954128
 0.85137615 0.85137615 0.85688073 0.85688073 0.8587156  0.8587156
 0.86055046 0.86055046 0.86422018 0.86422018 0.86605505 0.86605505
 0.86788991 0.86788991 0.87155963 0.87155963 0.87706422 0.87706422
 0.88073394 0.88073394 0.88623853 0.88623853 0.88807339 0.88807339
 0.89724771 0.89724771 0.89908257 0.89908257 0.90091743 0.90091743
 0.90275229 0.90275229 0.90458716 0.90458716 0.90825688 0.90825688
 0.91743119 0.91743119 0.92477064 0.92477064 0.92844037 0.92844037
 0.93577982 0.93577982 0.93944954 0.93944954 0.94311927 0.94311927
 0.94495413 0.94495413 0.94678899 0.94678899 0.95412844 0.95412844
 0.9706422  0.9706422  0.97431193 0.97431193 0.98348624 0.98348624
 0.99266055 0.99266055 0.99449541 0.99449541 0.99633028 0.99633028
 0.99816514 0.99816514 1.         1.        ]