[0.         0.00203252 0.00406504 0.00406504 0.00609756 0.00609756
 0.00813008 0.00813008 0.01219512 0.01219512 0.01422764 0.01422764
 0.01626016 0.01626016 0.02439024 0.02439024 0.02642276 0.02642276
 0.02845528 0.02845528 0.0304878  0.0304878  0.03455285 0.03455285
 0.03658537 0.03658537 0.04065041 0.04065041 0.04268293 0.04268293
 0.04471545 0.04471545 0.04674797 0.04674797 0.04878049 0.04878049
 0.05081301 0.05081301 0.05284553 0.05284553 0.05691057 0.05691057
 0.05894309 0.05894309 0.06300813 0.06300813 0.06910569 0.06910569
 0.07113821 0.07113821 0.07317073 0.07317073 0.07520325 0.07520325
 0.07723577 0.07723577 0.07926829 0.07926829 0.08130081 0.08130081
 0.08333333 0.08333333 0.08943089 0.08943089 0.09146341 0.09146341
 0.09349593 0.09349593 0.09552846 0.09552846 0.0995935  0.0995935
 0.10162602 0.10162602 0.10365854 0.10365854 0.10569106 0.10569106
 0.1097561  0.1097561  0.11178862 0.11178862 0.11585366 0.11585366
 0.12195122 0.12195122 0.12398374 0.12398374 0.12601626 0.12601626
 0.12804878 0.12804878 0.1300813  0.1300813  0.13414634 0.13414634
 0.13821138 0.13821138 0.1402439  0.1402439  0.14227642 0.14227642
 0.14430894 0.14430894 0.14634146 0.14634146 0.14837398 0.14837398
 0.1504065  0.1504065  0.15243902 0.15243902 0.15447154 0.15447154
 0.15853659 0.15853659 0.16463415 0.16463415 0.16666667 0.16666667
 0.17276423 0.17276423 0.17479675 0.17479675 0.17886179 0.17886179
 0.18089431 0.18089431 0.18292683 0.18292683 0.18495935 0.18495935
 0.18902439 0.18902439 0.19308943 0.19308943 0.20121951 0.20121951
 0.20325203 0.20325203 0.20528455 0.20528455 0.20934959 0.20934959
 0.21544715 0.21544715 0.22764228 0.22764228 0.2296748  0.2296748
 0.23373984 0.23373984 0.23577236 0.23577236 0.24186992 0.24186992
 0.24593496 0.24593496 0.25       0.25       0.25813008 0.25813008
 0.2601626  0.2601626  0.26626016 0.26626016 0.26829268 0.26829268
 0.27235772 0.27235772 0.27845528 0.27845528 0.2804878  0.2804878
 0.28252033 0.28252033 0.28455285 0.28455285 0.28658537 0.28658537
 0.29268293 0.29268293 0.29471545 0.29471545 0.30081301 0.30081301
 0.30487805 0.30487805 0.30691057 0.30691057 0.31097561 0.31097561
 0.31504065 0.31504065 0.31707317 0.31707317 0.32113821 0.32113821
 0.32317073 0.32317073 0.32520325 0.32520325 0.32926829 0.32926829
 0.33333333 0.33333333 0.33536585 0.33536585 0.33943089 0.33943089
 0.34146341 0.34146341 0.34552846 0.34552846 0.35162602 0.35162602
 0.35365854 0.35365854 0.35569106 0.35569106 0.36788618 0.36788618
 0.37398374 0.37398374 0.37601626 0.37601626 0.3800813  0.3800813
 0.38211382 0.38211382 0.38617886 0.38617886 0.39634146 0.39634146
 0.39837398 0.39837398 0.40243902 0.40243902 0.40650407 0.40650407
 0.40853659 0.40853659 0.41666667 0.41666667 0.42479675 0.42479675
 0.42886179 0.42886179 0.43089431 0.43089431 0.43292683 0.43292683
 0.44512195 0.44512195 0.44918699 0.44918699 0.45121951 0.45121951
 0.45731707 0.45731707 0.45934959 0.45934959 0.4695122  0.4695122
 0.47357724 0.47357724 0.47560976 0.47560976 0.48373984 0.48373984
 0.48577236 0.48577236 0.48780488 0.48780488 0.49796748 0.49796748
 0.50203252 0.50203252 0.50406504 0.50406504 0.50609756 0.50609756
 0.5101626  0.5101626  0.51219512 0.51219512 0.51422764 0.51422764
 0.51626016 0.51626016 0.51829268 0.51829268 0.5203252  0.5203252
 0.53861789 0.53861789 0.54065041 0.54065041 0.54268293 0.54268293
 0.54471545 0.54471545 0.55284553 0.55284553 0.56097561 0.56097561
 0.57113821 0.57113821 0.57317073 0.57317073 0.57520325 0.57520325
 0.57723577 0.57723577 0.57926829 0.57926829 0.58536585 0.58536585
 0.58943089 0.58943089 0.59349593 0.59349593 0.60162602 0.60162602
 0.61585366 0.61585366 0.61788618 0.61788618 0.6199187  0.6199187
 0.62601626 0.62601626 0.62804878 0.62804878 0.6300813  0.6300813
 0.63211382 0.63211382 0.63617886 0.63617886 0.63821138 0.63821138
 0.6402439  0.6402439  0.64227642 0.64227642 0.64634146 0.64634146
 0.65243902 0.65243902 0.65447154 0.65447154 0.66056911 0.66056911
 0.66260163 0.66260163 0.66463415 0.66463415 0.66666667 0.66666667
 0.66869919 0.66869919 0.67276423 0.67276423 0.67479675 0.67479675
 0.67886179 0.67886179 0.68292683 0.68292683 0.69715447 0.69715447
 0.70121951 0.70121951 0.70731707 0.70731707 0.71544715 0.71544715
 0.71747967 0.71747967 0.72154472 0.72154472 0.72560976 0.72560976
 0.7296748  0.7296748  0.73170732 0.73170732 0.7398374  0.7398374
 0.74593496 0.74593496 0.75406504 0.75406504 0.75813008 0.75813008
 0.76422764 0.76422764 0.77845528 0.77845528 0.78861789 0.78861789
 0.79268293 0.79268293 0.79674797 0.79674797 0.79878049 0.79878049
 0.80081301 0.80081301 0.80284553 0.80284553 0.80487805 0.80487805
 0.80691057 0.80691057 0.80894309 0.80894309 0.81097561 0.81097561
 0.81300813 0.81300813 0.81910569 0.81910569 0.82317073 0.82317073
 0.82520325 0.82520325 0.82723577 0.82723577 0.82926829 0.82926829
 0.83130081 0.83130081 0.83739837 0.83739837 0.84552846 0.84552846
 0.85162602 0.85162602 0.8597561  0.8597561  0.8699187  0.8699187
 0.88211382 0.88211382 0.88414634 0.88414634 0.88617886 0.88617886
 0.88821138 0.88821138 0.89837398 0.89837398 0.91056911 0.91056911
 0.91260163 0.91260163 0.91869919 0.91869919 0.93292683 0.93292683
 0.93699187 0.93699187 0.95121951 0.95121951 0.95731707 0.95731707
 0.96138211 0.96138211 0.96341463 0.96341463 0.97560976 0.97560976
 0.97764228 0.97764228 0.9796748  0.9796748  0.98577236 0.98577236
 0.9898374  0.9898374  0.99186992 0.99186992 0.99593496 0.99593496
 0.99796748 0.99796748 1.        ]