[0.         0.         0.00203252 0.00203252 0.00609756 0.00609756
 0.01829268 0.01829268 0.0203252  0.0203252  0.02235772 0.02235772
 0.02642276 0.02642276 0.0304878  0.0304878  0.03252033 0.03252033
 0.03455285 0.03455285 0.04065041 0.04065041 0.04471545 0.04471545
 0.04674797 0.04674797 0.05284553 0.05284553 0.05487805 0.05487805
 0.05691057 0.05691057 0.06504065 0.06504065 0.06707317 0.06707317
 0.06910569 0.06910569 0.07113821 0.07113821 0.07317073 0.07317073
 0.07520325 0.07520325 0.07723577 0.07723577 0.07926829 0.07926829
 0.08130081 0.08130081 0.08333333 0.08333333 0.08536585 0.08536585
 0.08943089 0.08943089 0.0995935  0.0995935  0.10162602 0.10162602
 0.10365854 0.10365854 0.10569106 0.10569106 0.10772358 0.10772358
 0.11178862 0.11178862 0.11382114 0.11382114 0.11585366 0.11585366
 0.11788618 0.11788618 0.1199187  0.1199187  0.12195122 0.12195122
 0.12601626 0.12601626 0.13211382 0.13211382 0.13821138 0.13821138
 0.1504065  0.1504065  0.15447154 0.15447154 0.15650407 0.15650407
 0.15853659 0.15853659 0.16056911 0.16056911 0.16260163 0.16260163
 0.16463415 0.16463415 0.16666667 0.16666667 0.16869919 0.16869919
 0.17073171 0.17073171 0.17479675 0.17479675 0.17886179 0.17886179
 0.18089431 0.18089431 0.18902439 0.18902439 0.19308943 0.19308943
 0.19512195 0.19512195 0.19918699 0.19918699 0.20121951 0.20121951
 0.20325203 0.20325203 0.20528455 0.20528455 0.21138211 0.21138211
 0.21341463 0.21341463 0.21544715 0.21544715 0.22357724 0.22357724
 0.22560976 0.22560976 0.2296748  0.2296748  0.23170732 0.23170732
 0.23373984 0.23373984 0.2398374  0.2398374  0.24186992 0.24186992
 0.24390244 0.24390244 0.25203252 0.25203252 0.25406504 0.25406504
 0.25813008 0.25813008 0.26219512 0.26219512 0.26829268 0.26829268
 0.2703252  0.2703252  0.27235772 0.27235772 0.27439024 0.27439024
 0.27642276 0.27642276 0.27845528 0.27845528 0.28455285 0.28455285
 0.28658537 0.28658537 0.28861789 0.28861789 0.29065041 0.29065041
 0.29471545 0.29471545 0.29674797 0.29674797 0.30081301 0.30081301
 0.30284553 0.30284553 0.30487805 0.30487805 0.30691057 0.30691057
 0.31097561 0.31097561 0.31300813 0.31300813 0.31707317 0.31707317
 0.31910569 0.31910569 0.32520325 0.32520325 0.32723577 0.32723577
 0.33130081 0.33130081 0.33333333 0.33333333 0.34146341 0.34146341
 0.34349593 0.34349593 0.34552846 0.34552846 0.34756098 0.34756098
 0.35162602 0.35162602 0.35772358 0.35772358 0.36178862 0.36178862
 0.36585366 0.36585366 0.36788618 0.36788618 0.3699187  0.3699187
 0.37398374 0.37398374 0.3800813  0.3800813  0.38211382 0.38211382
 0.38414634 0.38414634 0.38821138 0.38821138 0.3902439  0.3902439
 0.39430894 0.39430894 0.39634146 0.39634146 0.4004065  0.4004065
 0.40243902 0.40243902 0.40853659 0.40853659 0.41260163 0.41260163
 0.42886179 0.42886179 0.43292683 0.43292683 0.43699187 0.43699187
 0.43902439 0.43902439 0.44105691 0.44105691 0.44308943 0.44308943
 0.44512195 0.44512195 0.45121951 0.45121951 0.45528455 0.45528455
 0.45731707 0.45731707 0.46544715 0.46544715 0.47154472 0.47154472
 0.47560976 0.47560976 0.47764228 0.47764228 0.4796748  0.4796748
 0.48170732 0.48170732 0.48373984 0.48373984 0.48577236 0.48577236
 0.4898374  0.4898374  0.49390244 0.49390244 0.49593496 0.49593496
 0.49796748 0.49796748 0.50609756 0.50609756 0.51219512 0.51219512
 0.51422764 0.51422764 0.51626016 0.51626016 0.51829268 0.51829268
 0.5203252  0.5203252  0.52235772 0.52235772 0.53861789 0.53861789
 0.54065041 0.54065041 0.55284553 0.55284553 0.55487805 0.55487805
 0.56097561 0.56097561 0.56300813 0.56300813 0.56707317 0.56707317
 0.57317073 0.57317073 0.57723577 0.57723577 0.57926829 0.57926829
 0.58130081 0.58130081 0.58739837 0.58739837 0.58943089 0.58943089
 0.59146341 0.59146341 0.5995935  0.5995935  0.61178862 0.61178862
 0.61382114 0.61382114 0.61585366 0.61585366 0.61788618 0.61788618
 0.6199187  0.6199187  0.62195122 0.62195122 0.62398374 0.62398374
 0.62804878 0.62804878 0.63821138 0.63821138 0.6402439  0.6402439
 0.64227642 0.64227642 0.64430894 0.64430894 0.64634146 0.64634146
 0.66463415 0.66463415 0.67479675 0.67479675 0.67682927 0.67682927
 0.68292683 0.68292683 0.69105691 0.69105691 0.69308943 0.69308943
 0.69715447 0.69715447 0.70528455 0.70528455 0.7195122  0.7195122
 0.72560976 0.72560976 0.72764228 0.72764228 0.73373984 0.73373984
 0.74186992 0.74186992 0.74593496 0.74593496 0.74796748 0.74796748
 0.75406504 0.75406504 0.75813008 0.75813008 0.76219512 0.76219512
 0.76422764 0.76422764 0.76829268 0.76829268 0.7703252  0.7703252
 0.77642276 0.77642276 0.7804878  0.7804878  0.78252033 0.78252033
 0.78455285 0.78455285 0.78861789 0.78861789 0.79471545 0.79471545
 0.80081301 0.80081301 0.80284553 0.80284553 0.80691057 0.80691057
 0.81504065 0.81504065 0.81910569 0.81910569 0.82113821 0.82113821
 0.82317073 0.82317073 0.82520325 0.82520325 0.83943089 0.83943089
 0.84756098 0.84756098 0.85365854 0.85365854 0.8597561  0.8597561
 0.86585366 0.86585366 0.87601626 0.87601626 0.8800813  0.8800813
 0.88211382 0.88211382 0.88617886 0.88617886 0.88821138 0.88821138
 0.8902439  0.8902439  0.89634146 0.89634146 0.90243902 0.90243902
 0.90853659 0.90853659 0.91056911 0.91056911 0.91869919 0.91869919
 0.92276423 0.92276423 0.92682927 0.92682927 0.93902439 0.93902439
 0.94715447 0.94715447 0.95528455 0.95528455 0.95731707 0.95731707
 0.96341463 0.96341463 0.96544715 0.96544715 0.96747967 0.96747967
 0.9695122  0.9695122  0.97154472 0.97154472 0.97357724 0.97357724
 0.97560976 0.97560976 0.97764228 0.97764228 0.9796748  0.9796748
 0.98577236 0.98577236 0.98780488 0.98780488 0.99186992 0.99186992
 0.99390244 0.99390244 0.99593496 0.99593496 1.        ]