[0.         0.0019685  0.0019685  0.00787402 0.00787402 0.01771654
 0.01771654 0.02165354 0.02165354 0.02755906 0.02755906 0.02952756
 0.02952756 0.03346457 0.03346457 0.03543307 0.03543307 0.0511811
 0.0511811  0.05314961 0.05314961 0.06496063 0.06496063 0.06889764
 0.06889764 0.07283465 0.07283465 0.07480315 0.07480315 0.07677165
 0.07677165 0.08267717 0.08267717 0.08661417 0.08661417 0.09055118
 0.09055118 0.09251969 0.09251969 0.09645669 0.09645669 0.1003937
 0.1003937  0.10629921 0.10629921 0.10826772 0.10826772 0.11023622
 0.11023622 0.11220472 0.11220472 0.11614173 0.11614173 0.12007874
 0.12007874 0.12204724 0.12204724 0.12795276 0.12795276 0.12992126
 0.12992126 0.13385827 0.13385827 0.13582677 0.13582677 0.14173228
 0.14173228 0.14370079 0.14370079 0.1496063  0.1496063  0.15748031
 0.15748031 0.16338583 0.16338583 0.16929134 0.16929134 0.17125984
 0.17125984 0.17519685 0.17519685 0.18110236 0.18110236 0.18897638
 0.18897638 0.19685039 0.19685039 0.20275591 0.20275591 0.21456693
 0.21456693 0.21653543 0.21653543 0.23031496 0.23031496 0.23228346
 0.23228346 0.23622047 0.23622047 0.23818898 0.23818898 0.24015748
 0.24015748 0.24409449 0.24409449 0.2480315  0.2480315  0.25
 0.25       0.25393701 0.25393701 0.25590551 0.25590551 0.25984252
 0.25984252 0.26574803 0.26574803 0.27362205 0.27362205 0.27559055
 0.27559055 0.27755906 0.27755906 0.27952756 0.27952756 0.28543307
 0.28543307 0.29133858 0.29133858 0.29330709 0.29330709 0.29527559
 0.29527559 0.2992126  0.2992126  0.31496063 0.31496063 0.31692913
 0.31692913 0.32086614 0.32086614 0.32677165 0.32677165 0.33267717
 0.33267717 0.33464567 0.33464567 0.33858268 0.33858268 0.34055118
 0.34055118 0.34251969 0.34251969 0.3503937  0.3503937  0.36023622
 0.36023622 0.36220472 0.36220472 0.36614173 0.36614173 0.37204724
 0.37204724 0.37795276 0.37795276 0.38188976 0.38188976 0.38779528
 0.38779528 0.39566929 0.39566929 0.3996063  0.3996063  0.4015748
 0.4015748  0.40748031 0.40748031 0.40944882 0.40944882 0.41732283
 0.41732283 0.41929134 0.41929134 0.42519685 0.42519685 0.43503937
 0.43503937 0.43700787 0.43700787 0.43897638 0.43897638 0.44291339
 0.44291339 0.4488189  0.4488189  0.4507874  0.4507874  0.45275591
 0.45275591 0.45472441 0.45472441 0.46062992 0.46062992 0.46259843
 0.46259843 0.46456693 0.46456693 0.46850394 0.46850394 0.47047244
 0.47047244 0.47637795 0.47637795 0.47834646 0.47834646 0.48228346
 0.48228346 0.48425197 0.48425197 0.48622047 0.48622047 0.48818898
 0.48818898 0.49212598 0.49212598 0.49409449 0.49409449 0.49606299
 0.49606299 0.4980315  0.4980315  0.5        0.5        0.5019685
 0.5019685  0.50393701 0.50393701 0.50590551 0.50590551 0.50787402
 0.50787402 0.50984252 0.50984252 0.51771654 0.51771654 0.51968504
 0.51968504 0.52165354 0.52165354 0.52559055 0.52559055 0.53346457
 0.53346457 0.53543307 0.53543307 0.54724409 0.54724409 0.5511811
 0.5511811  0.55905512 0.55905512 0.56102362 0.56102362 0.56496063
 0.56496063 0.56692913 0.56692913 0.57086614 0.57086614 0.57480315
 0.57480315 0.57677165 0.57677165 0.58070866 0.58070866 0.58858268
 0.58858268 0.59055118 0.59055118 0.59448819 0.59448819 0.5984252
 0.5984252  0.60433071 0.60433071 0.60629921 0.60629921 0.60826772
 0.60826772 0.61220472 0.61220472 0.61417323 0.61417323 0.61614173
 0.61614173 0.61811024 0.61811024 0.62204724 0.62204724 0.62598425
 0.62598425 0.63188976 0.63188976 0.63385827 0.63385827 0.63582677
 0.63582677 0.63779528 0.63779528 0.64370079 0.64370079 0.64566929
 0.64566929 0.6496063  0.6496063  0.65748031 0.65748031 0.66535433
 0.66535433 0.67322835 0.67322835 0.67519685 0.67519685 0.67716535
 0.67716535 0.68307087 0.68307087 0.68503937 0.68503937 0.68700787
 0.68700787 0.68897638 0.68897638 0.69094488 0.69094488 0.69488189
 0.69488189 0.6988189  0.6988189  0.7007874  0.7007874  0.70275591
 0.70275591 0.70866142 0.70866142 0.72047244 0.72047244 0.72244094
 0.72244094 0.72637795 0.72637795 0.72834646 0.72834646 0.73425197
 0.73425197 0.74409449 0.74409449 0.75       0.75       0.75393701
 0.75393701 0.75590551 0.75590551 0.76377953 0.76377953 0.76771654
 0.76771654 0.77362205 0.77362205 0.77559055 0.77559055 0.77755906
 0.77755906 0.77952756 0.77952756 0.78149606 0.78149606 0.78346457
 0.78346457 0.78543307 0.78543307 0.78740157 0.78740157 0.78937008
 0.78937008 0.79133858 0.79133858 0.7992126  0.7992126  0.8011811
 0.8011811  0.80314961 0.80314961 0.80708661 0.80708661 0.80905512
 0.80905512 0.81299213 0.81299213 0.81496063 0.81496063 0.81692913
 0.81692913 0.82086614 0.82086614 0.82677165 0.82677165 0.83267717
 0.83267717 0.83464567 0.83464567 0.83661417 0.83661417 0.83858268
 0.83858268 0.84448819 0.84448819 0.8523622  0.8523622  0.85629921
 0.85629921 0.85826772 0.85826772 0.86023622 0.86023622 0.86811024
 0.86811024 0.87401575 0.87401575 0.87598425 0.87598425 0.87795276
 0.87795276 0.88582677 0.88582677 0.88779528 0.88779528 0.88976378
 0.88976378 0.89173228 0.89173228 0.8976378  0.8976378  0.8996063
 0.8996063  0.9015748  0.9015748  0.90354331 0.90354331 0.90551181
 0.90551181 0.90748031 0.90748031 0.91141732 0.91141732 0.91338583
 0.91338583 0.91732283 0.91732283 0.91929134 0.91929134 0.92125984
 0.92125984 0.92322835 0.92322835 0.93110236 0.93110236 0.93503937
 0.93503937 0.93700787 0.93700787 0.93897638 0.93897638 0.94094488
 0.94094488 0.94291339 0.94291339 0.94488189 0.94488189 0.94685039
 0.94685039 0.9488189  0.9488189  0.95472441 0.95472441 0.96062992
 0.96062992 0.96259843 0.96259843 0.96456693 0.96456693 0.96653543
 0.96653543 0.97637795 0.97637795 0.98031496 0.98031496 0.98622047
 0.98622047 0.99212598 0.99212598 1.         1.        ]