[ 2.52101466  1.52101466  1.47446997  1.42548891  1.41831781  1.40484139
  1.37315768  1.35374045  1.3457476   1.33626944  1.31735335  1.3064694
  1.29303686  1.25831045  1.23188845  1.22820317  1.22777068  1.21717806
  1.21198325  1.20331805  1.19930653  1.18352902  1.17021327  1.15285247
  1.15008867  1.12553592  1.12475144  1.10720672  1.10494033  1.10464878
  1.10101471  1.10037486  1.09119232  1.08275247  1.07436308  1.06229424
  1.06156994  1.06081596  1.05266615  1.05188721  1.03911302  1.03713868
  1.03335824  1.02511421  1.02139605  1.0204412   1.01858765  1.01459184
  1.01412161  1.01146826  1.00955433  1.00932263  1.00148643  0.9976194
  0.99504449  0.98328022  0.9755892   0.97519316  0.97325304  0.96908502
  0.96560066  0.95796081  0.95612382  0.95419322  0.95328856  0.94747786
  0.94621335  0.94029729  0.93226327  0.92711686  0.92065325  0.91558538
  0.91497552  0.90564841  0.90557157  0.89554012  0.89527713  0.89493204
  0.89133459  0.88859855  0.88322232  0.87716643  0.87457909  0.86726512
  0.86055981  0.84449204  0.84431583  0.83948076  0.83724956  0.83309747
  0.83266145  0.82760168  0.82541167  0.82444482  0.82382471  0.81844225
  0.81554034  0.8080007   0.80761291  0.80387864  0.80061667  0.78839729
  0.78411897  0.7812049   0.77550146  0.76776506  0.76653414  0.76570608
  0.76556391  0.76395207  0.76271762  0.76053386  0.7578466   0.7561922
  0.75321979  0.75260911  0.75123271  0.74921468  0.74884985  0.74671185
  0.74359913  0.74230614  0.74170957  0.74116737  0.73867084  0.73735242
  0.73628818  0.73583085  0.73536298  0.72867613  0.71959951  0.71759964
  0.71348316  0.71104384  0.70519775  0.70372674  0.70260749  0.70014396
  0.69328993  0.68927538  0.6890564   0.68860944  0.68679524  0.68422209
  0.68100661  0.68055662  0.67685479  0.67210515  0.67151037  0.67087559
  0.66416103  0.66052813  0.65820975  0.65563098  0.65538391  0.65447238
  0.64978431  0.64831744  0.64452235  0.64444702  0.64444283  0.64039199
  0.64020916  0.63994288  0.63981006  0.63973932  0.63337355  0.62863193
  0.627629    0.626449    0.62589754  0.61353275  0.61338173  0.60333225
  0.60066726  0.60015032  0.5997769   0.59021816  0.58887137  0.58834349
  0.58489201  0.58470257  0.58407683  0.57878565  0.57731759  0.57598736
  0.57560288  0.57227955  0.57207882  0.56834527  0.56606094  0.55795294
  0.55469478  0.545753    0.54521586  0.54491047  0.54319898  0.54108412
  0.54029111  0.53867249  0.53734854  0.53726733  0.53560552  0.5329249
  0.53247187  0.52901484  0.52630469  0.52525942  0.52513594  0.5214403
  0.51909606  0.51878598  0.51579505  0.51566964  0.51308277  0.50948157
  0.50851475  0.50354946  0.50170611  0.50123651  0.49698799  0.49416469
  0.49341528  0.49141428  0.49021379  0.48029806  0.47912223  0.47875672
  0.47610307  0.47204788  0.46678244  0.46506648  0.4626807   0.45418061
  0.4456773   0.44528106  0.44447885  0.44153005  0.44107816  0.44062083
  0.43973752  0.43336642  0.43152272  0.43057599  0.4297965   0.42828594
  0.42699186  0.42351174  0.41676377  0.41562969  0.4113221   0.40714132
  0.40023199  0.39957079  0.39334107  0.39166541  0.38821315  0.38679671
  0.37631082  0.37510356  0.37429381  0.37421301  0.36898377  0.36591367
  0.36234853  0.3553052   0.35436741  0.34881108  0.34863529  0.34613654
  0.34332902  0.33296465  0.33168904  0.33039601  0.32529303  0.32345092
  0.32048138  0.31819405  0.31455994  0.31352191  0.30281809  0.30138198
  0.29855575  0.29574113  0.29313303  0.29282395  0.2910641   0.28848225
  0.28762933  0.28547787  0.28316992  0.28306508  0.27860415  0.27274825
  0.26935353  0.26617419  0.26248652  0.26038031  0.25981205  0.25740396
  0.24617041  0.24364771  0.23562509  0.23319089  0.22898376  0.22245321
  0.22203296  0.22125319  0.21963487  0.21715067  0.2165544   0.21575247
  0.20315445  0.20292491  0.19994161  0.19909623  0.1938845   0.19312843
  0.18682021  0.17656456  0.1755662   0.17264564  0.16824086  0.16096348
  0.1448387   0.14362576  0.14235478  0.13128446  0.129133    0.12539749
  0.11429555  0.11423722  0.11317993  0.11283379  0.10607646  0.1060219
  0.10438282  0.10380056  0.10337721  0.10289589  0.09747832  0.09369342
  0.09250645  0.08853862  0.0841765   0.08262519  0.08154715  0.07936944
  0.07704537  0.07357501  0.06898036  0.06667603  0.06353608  0.06203862
  0.0587588   0.05442999  0.04714193  0.04472856  0.04198673  0.03865195
  0.02478105  0.02232711  0.01754515  0.01326177  0.01081757  0.00475473
  0.00287843  0.00271404 -0.00580896 -0.00787064 -0.01485263 -0.01692676
 -0.01735429 -0.01868766 -0.01883311 -0.02295252 -0.03073113 -0.03890585
 -0.04844338 -0.06257597 -0.07690484 -0.07776746 -0.08173221 -0.08483861
 -0.0921627  -0.10264748 -0.10651025 -0.11321714 -0.12101765 -0.12273299
 -0.12868303 -0.13076829 -0.13145427 -0.13503054 -0.13557025 -0.13558164
 -0.13573012 -0.13935805 -0.1407796  -0.14899766 -0.15223544 -0.15603735
 -0.16779029 -0.16839748 -0.16867436 -0.17555383 -0.17648041 -0.18085877
 -0.18224266 -0.18277151 -0.18749365 -0.1893199  -0.19069006 -0.1940798
 -0.19414323 -0.20621811 -0.20719868 -0.21301524 -0.2144912  -0.21905566
 -0.21950428 -0.22553159 -0.26068882 -0.27537875 -0.2793235  -0.28907202
 -0.31553531 -0.328306   -0.35054701 -0.35964861 -0.3693619  -0.37029517
 -0.37167196 -0.37336885 -0.37744097 -0.38024954 -0.40365778 -0.41307556
 -0.42341545 -0.42681963 -0.44319749 -0.44898084 -0.45335093 -0.45491488
 -0.47173272 -0.49298538 -0.50189871 -0.51038596 -0.52473942 -0.52943104
 -0.56708677 -0.57907927 -0.58074096 -0.59621503 -0.60311741 -0.64726426
 -0.65919761 -0.7073008  -0.7239301  -0.74273689 -0.78204855 -0.79252789
 -1.06870251 -1.08220407 -1.16362465 -1.22566795 -1.65010724]