[0.         0.         0.         0.00212314 0.00212314 0.00424628
 0.00424628 0.00636943 0.00636943 0.01061571 0.01061571 0.014862
 0.014862   0.01698514 0.01698514 0.01910828 0.01910828 0.02760085
 0.02760085 0.03184713 0.03184713 0.03397028 0.03397028 0.03821656
 0.03821656 0.0403397  0.0403397  0.04458599 0.04458599 0.04670913
 0.04670913 0.05307856 0.05307856 0.0552017  0.0552017  0.05732484
 0.05732484 0.06157113 0.06157113 0.06369427 0.06369427 0.06581741
 0.06581741 0.07006369 0.07006369 0.07430998 0.07430998 0.07855626
 0.07855626 0.08492569 0.08492569 0.08704883 0.08704883 0.08917197
 0.08917197 0.09129512 0.09129512 0.0955414  0.0955414  0.09766454
 0.09766454 0.09978769 0.09978769 0.10191083 0.10191083 0.10615711
 0.10615711 0.10828025 0.10828025 0.1104034  0.1104034  0.11252654
 0.11252654 0.11464968 0.11464968 0.11677282 0.11677282 0.11889597
 0.11889597 0.12101911 0.12101911 0.12314225 0.12314225 0.12738854
 0.12738854 0.13163482 0.13163482 0.13375796 0.13375796 0.1358811
 0.1358811  0.14225053 0.14225053 0.14437367 0.14437367 0.14649682
 0.14649682 0.15286624 0.15286624 0.15498938 0.15498938 0.15923567
 0.15923567 0.16348195 0.16348195 0.1656051  0.1656051  0.16772824
 0.16772824 0.16985138 0.16985138 0.17834395 0.17834395 0.18471338
 0.18471338 0.18683652 0.18683652 0.19532909 0.19532909 0.19745223
 0.19745223 0.19957537 0.19957537 0.20169851 0.20169851 0.20806794
 0.20806794 0.21019108 0.21019108 0.21231423 0.21231423 0.22292994
 0.22292994 0.22505308 0.22505308 0.22717622 0.22717622 0.23142251
 0.23142251 0.23354565 0.23354565 0.23566879 0.23566879 0.23779193
 0.23779193 0.23991507 0.23991507 0.24416136 0.24416136 0.2462845
 0.2462845  0.24840764 0.24840764 0.25053079 0.25053079 0.25265393
 0.25265393 0.25690021 0.25690021 0.2611465  0.2611465  0.26326964
 0.26326964 0.26539278 0.26539278 0.26751592 0.26751592 0.27388535
 0.27388535 0.27600849 0.27600849 0.28450106 0.28450106 0.28874735
 0.28874735 0.29511677 0.29511677 0.29723992 0.29723992 0.3014862
 0.3014862  0.30360934 0.30360934 0.30573248 0.30573248 0.31210191
 0.31210191 0.31422505 0.31422505 0.32484076 0.32484076 0.32696391
 0.32696391 0.32908705 0.32908705 0.33545648 0.33545648 0.33757962
 0.33757962 0.3418259  0.3418259  0.34819533 0.34819533 0.35244161
 0.35244161 0.3566879  0.3566879  0.36093418 0.36093418 0.36305732
 0.36305732 0.36518047 0.36518047 0.36730361 0.36730361 0.37154989
 0.37154989 0.37791932 0.37791932 0.38004246 0.38004246 0.38428875
 0.38428875 0.38641189 0.38641189 0.38853503 0.38853503 0.39065817
 0.39065817 0.39490446 0.39490446 0.39915074 0.39915074 0.40339703
 0.40339703 0.40552017 0.40552017 0.41401274 0.41401274 0.41825902
 0.41825902 0.42250531 0.42250531 0.42675159 0.42675159 0.43524416
 0.43524416 0.44161359 0.44161359 0.44798301 0.44798301 0.45010616
 0.45010616 0.4522293  0.4522293  0.45435244 0.45435244 0.4670913
 0.4670913  0.46921444 0.46921444 0.47770701 0.47770701 0.48195329
 0.48195329 0.48407643 0.48407643 0.48832272 0.48832272 0.492569
 0.492569   0.49681529 0.49681529 0.49893843 0.49893843 0.50106157
 0.50106157 0.50318471 0.50318471 0.50955414 0.50955414 0.51592357
 0.51592357 0.51804671 0.51804671 0.52229299 0.52229299 0.52441614
 0.52441614 0.52653928 0.52653928 0.5329087  0.5329087  0.53503185
 0.53503185 0.54140127 0.54140127 0.54352442 0.54352442 0.54564756
 0.54564756 0.55414013 0.55414013 0.55838641 0.55838641 0.56050955
 0.56050955 0.56475584 0.56475584 0.56900212 0.56900212 0.57112527
 0.57112527 0.57537155 0.57537155 0.58174098 0.58174098 0.58386412
 0.58386412 0.5881104  0.5881104  0.59660297 0.59660297 0.60721868
 0.60721868 0.60934183 0.60934183 0.61146497 0.61146497 0.61571125
 0.61571125 0.61783439 0.61783439 0.61995754 0.61995754 0.62208068
 0.62208068 0.63057325 0.63057325 0.63269639 0.63269639 0.63694268
 0.63694268 0.64118896 0.64118896 0.6433121  0.6433121  0.64543524
 0.64543524 0.64755839 0.64755839 0.64968153 0.64968153 0.65180467
 0.65180467 0.65392781 0.65392781 0.6581741  0.6581741  0.66029724
 0.66029724 0.66666667 0.66666667 0.66878981 0.66878981 0.67303609
 0.67303609 0.67728238 0.67728238 0.68152866 0.68152866 0.6836518
 0.6836518  0.68577495 0.68577495 0.6985138  0.6985138  0.70063694
 0.70063694 0.70276008 0.70276008 0.70912951 0.70912951 0.71549894
 0.71549894 0.72611465 0.72611465 0.72823779 0.72823779 0.73036093
 0.73036093 0.73248408 0.73248408 0.73673036 0.73673036 0.74522293
 0.74522293 0.75159236 0.75159236 0.7537155  0.7537155  0.76008493
 0.76008493 0.76645435 0.76645435 0.77494692 0.77494692 0.77707006
 0.77707006 0.78131635 0.78131635 0.78556263 0.78556263 0.79617834
 0.79617834 0.80042463 0.80042463 0.80679406 0.80679406 0.8089172
 0.8089172  0.81316348 0.81316348 0.81528662 0.81528662 0.81740977
 0.81740977 0.81953291 0.81953291 0.82165605 0.82165605 0.82377919
 0.82377919 0.82590234 0.82590234 0.83651805 0.83651805 0.83864119
 0.83864119 0.84076433 0.84076433 0.84288747 0.84288747 0.84501062
 0.84501062 0.84713376 0.84713376 0.85987261 0.85987261 0.8641189
 0.8641189  0.87473461 0.87473461 0.87685775 0.87685775 0.87898089
 0.87898089 0.8895966  0.8895966  0.89596603 0.89596603 0.90021231
 0.90021231 0.90233546 0.90233546 0.90658174 0.90658174 0.91082803
 0.91082803 0.91507431 0.91507431 0.91932059 0.91932059 0.92144374
 0.92144374 0.92569002 0.92569002 0.92781316 0.92781316 0.93205945
 0.93205945 0.94267516 0.94267516 0.9447983  0.9447983  0.94692144
 0.94692144 0.95329087 0.95329087 0.97027601 0.97027601 0.97239915
 0.97239915 0.985138   0.985138   0.99363057 0.99363057 1.        ]