[-1.51115432e-01  1.18794879e+00  7.74680346e-01  4.20171668e-01
  2.68477846e-01  7.80839446e-02 -1.73821098e-03 -2.27016395e-01
 -8.58424160e-02  4.08257258e-01  7.84383376e-01 -1.87439618e-01
 -9.42088276e-01  1.09964273e+00 -6.26630486e-01  4.37446359e-01
  5.24356090e-01  3.86847586e-01  3.05086423e-01 -5.10318290e-01
  4.24591757e-01 -1.60332300e-01  1.51020770e+00  1.21252716e+00
  1.10715820e+00  1.20987878e+00  4.39479052e-01  2.85588686e-01
  3.21373771e-01 -7.99960832e-02  6.34751803e-01 -1.51447013e+00
 -2.43316420e-02  5.10285954e-01  5.15125869e-01 -4.82347870e-01
 -1.99416795e-01 -5.41318529e-01 -3.38875083e-01  5.77119858e-01
  1.63305269e-01 -1.44599315e-01  1.39439489e-01 -2.96404869e-02
  2.60116194e-01  9.51249338e-01  5.11318036e-01  6.39874027e-01
  5.59921039e-01 -8.20265371e-02 -1.72478964e-01  9.17466158e-01
 -6.32110748e-02  3.46112542e-01 -4.25642201e-01  8.83701038e-02
  8.65765874e-01 -1.30324738e-01  6.90668531e-03  3.64779652e-01
  9.19297469e-02  6.63052567e-01  1.24707587e-01 -3.48917989e-01
 -2.62395888e-01 -4.17644040e-01  7.49115334e-01 -1.60465445e-01
  3.40567299e-01  1.26709967e+00  3.69664389e-01  3.46220986e-01
  3.26681962e-01 -9.81757793e-01  4.81364550e-01  1.15853298e-01
  1.52710206e-01  8.47915113e-01  1.11330686e+00 -2.04886215e-01
 -3.86508856e-01  1.05863665e+00  4.74240695e-01 -2.41716182e-01
 -3.66698402e-01  1.05639617e+00  1.20982893e+00 -3.40818282e-02
  1.03895612e+00 -1.68350177e-01  7.66826469e-01  3.69452766e-01
 -5.58594511e-01  1.30523151e+00  5.66882443e-01  5.26934742e-01
 -3.17675004e-01  1.25582239e+00  4.17327328e-01  1.19336055e+00
 -7.71715121e-01  3.07680938e-01  1.74707771e-01  7.26910723e-01
 -2.17585616e-03  8.82820274e-01 -4.67665523e-01  5.39699862e-01
  1.02603918e+00  8.57744709e-02 -1.41500703e-01  3.08742700e-01
 -3.20850893e-02 -1.04897333e-01 -6.70132210e-01  5.44537746e-01
  9.58447229e-01 -8.34157163e-01  1.09391471e-01  5.11020013e-01
  6.87124735e-01  7.29072239e-01  7.07761115e-01  6.25394667e-01
 -1.08241574e+00 -3.46576722e-01  2.65433934e-01  9.30972365e-01
  3.48873978e-01  1.02860364e+00 -7.12318224e-01  9.63929334e-01
 -4.20533956e-01  8.31160875e-01 -7.57423186e-01  9.52329370e-01
 -1.39925019e+00 -6.40464819e-02 -1.36210114e-02  5.72651044e-01
 -3.86254422e-01 -6.18278229e-02  1.07929919e+00  5.14504800e-02
  9.18089369e-01  5.25153486e-01  1.45245506e+00  1.47937287e-02
  2.71242370e-01  1.62350437e+00 -3.41871002e-01  1.20628091e+00
 -1.48195240e-02  1.31594966e+00  8.15352036e-01 -6.14904905e-01
  8.27035406e-01  9.18925325e-02  3.59489842e-01  4.19773208e-01
 -8.15320071e-01  8.31140133e-02  1.11124222e-01  1.23014217e-01
  1.40654512e-01  3.69843869e-01 -3.78696465e-01 -2.38804902e-01
  4.74274273e-01 -2.11907493e-01 -4.47900925e-02  2.73307132e-01
 -2.45507152e-01  3.82270357e-01  1.02884527e+00  8.73558568e-01
  1.07723026e+00 -3.42463505e-01  1.09690891e+00  4.60140640e-02
  1.15351755e+00  9.22934144e-02  8.30581134e-01 -5.32036012e-02
 -4.64786345e-02  1.29266256e+00  8.10700992e-01  4.09829466e-01
  1.00189574e+00  9.59326125e-01 -1.83763460e-01  3.89558108e-01
  5.77780194e-01  1.01977355e+00  3.85808810e-01  1.46706889e+00
  3.17425353e-01 -4.89618565e-01  4.35292737e-01  4.58813525e-01
  1.68324067e-01  2.48279913e-01  1.21637242e-01  1.73432425e-01
  1.55442019e+00 -9.60035061e-01 -9.37391752e-01  8.88371197e-01
  4.01928315e-01  1.64392179e-01 -7.28851782e-01  4.62471487e-01
  1.03326535e+00  1.04360925e+00 -3.01315387e-01  1.25184440e-01
 -1.55084101e-01  1.05806788e+00  6.59557636e-01  9.29310521e-01
 -3.28909504e-01  8.58456175e-01 -6.21135205e-01 -3.48983605e-01
  4.24774888e-01  5.41605877e-01  4.97708894e-01 -3.81209469e-01
  2.00892590e-01 -1.55799052e-02 -6.44058061e-01  1.35038401e+00
  5.70852683e-01  1.03251376e+00 -5.89439187e-01 -5.19586835e-02
 -5.82516412e-01  7.41979922e-01  9.89466968e-01 -1.18492082e+00
  4.24060184e-01 -1.08791099e+00 -9.35837708e-01  9.68036696e-01
 -4.71791033e-01  1.03033273e+00 -4.63477121e-01 -2.12385917e-01
 -4.94557566e-01 -1.28250206e+00  6.87019228e-01  2.72353075e-02
  1.23500979e+00 -2.69615211e-01  3.88982532e-01  4.64924561e-01
  4.81983548e-01  8.43981549e-01  6.90247249e-01  8.38954307e-01
  1.08984788e+00 -3.78955087e-01  1.16395738e+00  2.71613182e-01
 -1.81109557e-02 -5.27407916e-03  1.04766864e+00  5.28353199e-01
  4.68998926e-01  1.79695700e-01  3.63222036e-01 -4.22532238e-01
 -2.64990396e-01  9.14031896e-01 -1.10910097e+00  5.34948167e-02
  3.68979747e-01 -2.98396556e-01  3.47018147e-01  6.45045635e-01
 -1.02688963e+00 -3.91845088e-01  1.05286233e+00  8.48746321e-01
 -4.91833862e-01 -1.52458222e-01  9.91355586e-01  6.62090823e-01
  4.04954475e-01 -1.45761735e-01 -4.44227204e-01  4.33449224e-02
  1.20903370e-01  4.57190182e-01  6.39374774e-01  3.65280047e-01
  1.78140548e-01 -6.11900712e-01  7.16955212e-01  8.57286329e-01
 -9.47875348e-01  1.12405799e+00 -4.28949730e-01 -6.96686463e-01
  9.38074572e-01 -2.88852361e-01 -4.32665317e-01  5.85818292e-01
  1.02382405e+00 -3.62287364e-01  1.12621500e+00 -2.20550405e-01
 -7.98944873e-01  1.15944684e+00 -5.43663386e-01  8.62712142e-01
  1.02377873e+00  2.57070880e-01  4.48237519e-01 -3.83846880e-01
  6.29261207e-01  7.52771508e-01 -4.30996172e-01  5.91922227e-01
  6.69991328e-01  1.45894336e+00  1.38859835e+00 -2.48346035e-01
  8.32004208e-01  4.81754609e-01  8.76123066e-01  1.45136147e+00
 -5.84208309e-02 -3.43953524e-01  1.43984647e-01  3.21896804e-02
 -9.96239633e-01  2.11262400e-01  1.17220953e-01 -4.87738050e-01
 -1.31746794e-01  1.32822459e+00  1.28676439e+00  1.45254849e+00
  1.51532850e-01  5.49682552e-01  7.26051906e-01  2.78666124e-01
  5.20014902e-01 -1.44737966e-01  6.48898063e-01  7.65399878e-01
  3.75464236e-01  3.80977426e-01  1.86350215e-02  1.57436390e-01
  1.17832007e+00 -6.44309174e-01 -3.31191647e-01  8.90313179e-01
 -3.66905900e-01  1.40307459e+00  4.64207109e-03  5.17935444e-01
  8.91486230e-01 -6.02621993e-01  4.16246676e-01 -8.19987439e-01
 -3.25674683e-01  4.97175058e-02  6.92375931e-01  3.10819467e-01
  1.27063247e+00  4.76985622e-01 -1.61619826e+00  4.89387341e-01
  3.95356930e-01 -2.81448838e-01 -4.45394732e-01 -2.01798607e-01
  3.39594178e-01 -2.58655664e-01 -8.63934762e-01  3.80068141e-01
  8.68537954e-01 -6.46335129e-01  8.26954000e-01  7.18910569e-01
  9.90217248e-02  5.27801779e-01 -4.97577302e-01 -2.81373406e-01
  1.32555439e-01  5.93556465e-01 -5.68219618e-01  5.02733013e-01
  1.82722436e-01  7.20490678e-01  2.97402193e-01 -5.83760670e-01
  3.87592285e-01  1.74169343e-01  6.40386628e-01 -1.17859907e-01
  9.28758440e-01 -2.56126810e-03  5.58869433e-01 -1.41026955e+00
 -3.76716691e-02  3.01998706e-01  4.45508337e-02  6.04507364e-01
  6.82408305e-01 -1.17327814e+00 -6.28297038e-01  2.29414570e-01
  1.31563069e-01  1.12865183e+00 -1.37341576e-01  8.39961761e-01
  6.34449725e-01 -5.19762092e-01 -1.49826062e+00 -3.46540815e-02
  7.98398023e-01 -5.93441901e-01  1.23363273e+00 -2.56093896e-01
  1.88910957e+00 -2.71959513e-01 -3.17512774e-01  2.65748925e-01
 -1.29679925e-01  5.32646787e-01  8.06503416e-02  1.15415076e-01
  7.10321462e-03 -1.23949258e-01  7.75819720e-01  1.10602674e+00
  4.33976487e-01  2.02299638e-01  7.52814196e-01 -5.68590906e-02
 -1.18108171e+00  1.28428704e+00 -4.60863868e-01 -4.42360780e-01
 -1.38884209e-01 -6.13330010e-02 -1.23959487e-01  1.42338497e+00
 -1.15964431e+00  8.13470125e-01 -6.90126818e-01  2.15441166e-01
  1.20904682e-01  1.49799541e+00 -1.12898162e-01 -2.43930834e-01
  1.03394596e+00  7.94051940e-01 -2.04199650e-01  8.57738657e-01
  7.30463601e-01  4.95999638e-01 -1.21104380e+00  4.36493443e-01
 -1.32252273e-01  7.63126847e-01 -2.93537194e-01  1.36766173e-01
  4.67772082e-01  8.38201195e-01 -7.08458827e-01  7.25034123e-01
  5.82585707e-01  5.40369828e-01  8.08026763e-01  9.50832067e-01
  9.22643310e-01  6.62273044e-01  8.14976562e-01  2.65929958e-01
 -6.61672274e-01  9.29377271e-01  1.24460910e-01 -4.20970840e-01
 -9.45235598e-02 -1.89453296e-02  5.20151425e-01  6.84067692e-01
  7.40058931e-02  2.90998692e-01  1.31338193e-01 -6.77066960e-01
  6.95863976e-01  3.37961177e-01 -3.09239496e-01  7.13633132e-01
  4.03594362e-03  3.58171504e-01  5.67340120e-01 -4.33977814e-01
 -1.20100900e-01 -7.22981750e-01  8.99976983e-01  5.84730796e-01
  8.93924161e-01 -5.16575192e-01  6.35407811e-01 -6.27864741e-01
 -2.34963855e-01 -9.71692330e-01  3.16329304e-01  6.42285075e-01
 -1.53917368e-01 -1.25961284e+00  5.66265860e-01  1.99313945e-01
  9.62855385e-01 -7.11355898e-01  1.00252166e+00  3.31763610e-01
  4.78966382e-01  5.35958493e-01  4.55849737e-01  1.00387028e+00
 -6.58532744e-01  1.30398857e+00  1.85872648e-01  2.62211678e-02
  4.57747616e-01  2.47558568e-01 -2.60222292e-01 -1.89689060e-01
  8.97546215e-01  9.68571385e-01  1.15957423e+00  2.93469140e-01
 -3.11766713e-01 -4.62350745e-01 -4.26580430e-01  6.80695059e-01
 -2.87458482e-02  8.69078281e-01  1.13666711e+00  4.44233981e-01
 -6.04055324e-01 -5.96465351e-01  7.94579650e-01 -7.46566192e-01
 -5.33517129e-01 -7.38327806e-01  7.00065897e-01  3.56226381e-01
 -5.81055246e-01  4.66116512e-01  2.18157860e-01  3.74548391e-01
 -4.77223742e-01  4.09340430e-02 -7.64655037e-01  2.45945680e-01
  2.85553169e-01 -4.83638066e-01 -2.71920806e-01 -7.98238267e-01
 -3.12111034e-01  3.07515409e-01  4.84142064e-01 -4.79151590e-02
 -3.38008469e-01  5.72689732e-01 -1.29872842e-01  8.88603562e-01
  1.02700917e+00 -3.22530288e-02  1.33666497e+00  1.35425758e+00
  3.17445260e-01  1.49412178e-01  7.52502616e-01 -1.09485629e+00
 -5.59762478e-01  8.41819272e-01 -1.04006502e+00  7.13109375e-01
 -6.77803416e-02  1.21237712e+00 -4.47084819e-02 -6.72645465e-02
  1.30632645e+00  1.68947011e-01 -4.67529551e-02  4.13480819e-01
 -1.68176764e-02  9.71667638e-01  3.11050852e-02  3.77285879e-01
  1.18048944e+00  2.87433435e-01  1.03155320e+00 -5.36561508e-01
 -2.38896297e-01  5.55979978e-01  2.70952542e-01  8.09320852e-01
  2.38360506e-01  6.53823059e-01 -1.79554328e-01  6.50112751e-01
  3.29109131e-01  9.00586138e-02 -1.00637258e+00  3.78211809e-01
  2.11319990e-01  9.96464487e-02  1.01753104e+00  8.00859329e-01
 -7.41715611e-01  8.16640680e-01  2.63780882e-02  4.33992218e-01
  5.98482592e-01 -2.61937318e-01  1.12091372e+00 -4.75954567e-01
 -5.74383006e-02  6.18253098e-01  5.63719296e-01 -1.75767782e-01
 -6.39990333e-01 -1.39256348e-01  5.04141582e-01 -1.01257835e-01
 -6.12883867e-01  1.13281888e+00 -4.22254433e-01  3.42028162e-01
  1.78476496e-01 -3.96592436e-01 -3.57745381e-01  4.94005546e-01
 -3.92223063e-01 -6.43248287e-01  3.47065994e-02  2.74166281e-01
 -1.13882228e-01  1.04860741e-02  8.47882773e-01  8.38403719e-02
  3.52163968e-02  6.41346339e-01  5.04920680e-01 -1.02646486e+00
 -5.07276143e-01  1.68553609e-01 -6.08026945e-01  5.82002679e-01
  5.31997485e-02  4.47791344e-02  1.26552437e+00 -6.13624197e-01
  5.65206016e-01  3.74085251e-01  7.60812282e-04 -4.65586901e-01
  7.38446056e-01 -1.75732061e-01  4.96371028e-01  4.53054374e-01
 -3.72133248e-01 -2.91004678e-01  9.49668390e-01 -1.93840843e-01
  1.35061883e+00  9.59890342e-01 -6.69336426e-02  4.94469618e-01
 -8.07122814e-02  1.15825988e-01 -4.03419138e-01  9.40042850e-01
 -6.25716515e-01  9.04916077e-01  1.16868297e+00 -4.12524601e-01
 -4.63152865e-01 -4.82618879e-01  3.83964367e-02  6.26462178e-01
  1.25642681e-01 -5.93449165e-02  1.05965525e+00  7.41172650e-01
  2.19788693e-01  4.65095017e-03  6.11372951e-01 -1.33916011e-01
  7.74843441e-01  5.34116269e-01  1.40175533e+00  1.62213776e-01
  5.15216349e-01  2.80611871e-01 -1.21006108e+00 -5.02196438e-01
  5.25250387e-01  9.09099486e-01  4.76449247e-01  1.02440915e+00
  3.71658511e-01 -6.81778071e-02  1.34220989e+00  5.21520427e-01
  6.85933368e-01  8.13862866e-01  1.09589509e+00  7.27706595e-01
 -1.99854148e-02  2.71617591e-01 -7.79034491e-01 -1.88061174e-01
  1.07221558e-01 -9.88442819e-01 -5.54014865e-01  2.33953371e-02
  4.09340457e-02  5.98983668e-01  1.25756487e-01  7.27100158e-02
  1.36622978e+00 -2.40763728e-01  7.17352611e-01 -2.65018585e-01
  1.04612789e+00 -7.59673638e-01 -3.37603451e-01  4.11713726e-01
 -1.32220207e+00  7.91289237e-01  1.25039152e+00  4.83803497e-01
  2.98300089e-01  1.55685374e+00 -3.62339185e-01 -3.52193748e-01
  2.21736271e-01 -5.22103608e-01  4.69837406e-01  3.02646160e-01
 -2.70144156e-01  6.60178618e-01  6.70748331e-01  4.48836755e-01
  1.41705207e+00  1.05414564e+00 -6.47678069e-01  6.74287042e-01
 -1.41022935e-01  1.26399326e+00  1.30454096e+00  6.40633264e-01
 -5.12960841e-02  5.27117986e-02 -7.47267528e-01 -1.52525407e-01
 -4.07273907e-01  1.03871208e+00 -6.61803356e-01  1.12301471e+00
  1.58651994e-02  1.02262846e+00  3.44565877e-01  1.35905404e+00
 -4.08420703e-01  7.71085586e-01  5.27798269e-01  5.38239990e-01
 -5.21187575e-02 -1.63194922e-01  3.59315220e-02 -2.86437844e-01
  5.96031684e-01  1.44855363e-01  1.08964320e+00 -4.15448695e-01
  5.54660200e-01  6.42147768e-01 -1.74068042e-02  1.62053683e+00
  5.76822883e-01  1.19522030e+00  1.18168857e+00  3.19551938e-01
  1.00052884e+00  7.06765297e-01 -5.60255828e-01 -1.47131351e-01
  9.52737614e-01 -1.86495539e-01 -4.73635563e-01  1.26618663e-01
  3.44673937e-02  2.70752378e-01  1.27007830e+00  5.81505177e-01
  1.29551033e-01 -1.22976719e-01  4.56258501e-01  5.17992442e-01
  1.16722217e-01  5.13193328e-01  2.65421702e-01  4.71856404e-01
 -2.62796647e-01 -8.73274877e-01  8.61889751e-01  1.05134398e+00
  5.98924959e-01  7.20308477e-01  3.31579734e-01 -8.17731048e-01
  8.71769159e-01  8.16540785e-01 -1.88516578e-01 -3.42945144e-01
  4.30058073e-01  1.11579773e+00 -2.08824660e-01  9.98334171e-01
  2.81382159e-01  5.85603140e-02  6.28948537e-01 -3.55997797e-01
  1.63751236e-01  9.36636506e-01 -1.70445011e-01 -2.32772535e-01
  2.14230820e-01  5.33520727e-01  6.81389898e-01  1.62590074e-02
  4.58440954e-01  9.19869743e-01  4.39967305e-01  4.51876533e-01
  8.05246209e-01  2.05991665e-01 -8.43152516e-02  1.10849783e+00
  8.03940589e-01  9.83381474e-01  9.30481009e-01  7.09347903e-01
  5.89309950e-01  8.01747866e-01  1.90437686e-01  4.63859391e-01
  4.16024429e-01 -1.08492944e+00 -9.40238285e-01 -3.73049035e-01
  5.40645280e-01  2.26212120e-01  1.49768487e-01  9.02724253e-02
  9.52230875e-01  3.35830165e-01  3.26620584e-01  5.60446603e-02
  1.25643095e-01 -5.71301734e-01 -6.98255383e-01  1.04657318e+00
  1.55012103e-01 -5.20075609e-01 -1.08640414e+00 -1.32964576e-01
  1.25038607e+00  5.27452421e-01  9.51791628e-01  7.58509433e-01
  8.38489744e-01  1.33913692e-01 -1.46009729e-01  4.91527986e-01
  3.32712442e-01  4.80914870e-02 -8.11032227e-02  8.54133280e-01
 -4.52898742e-01 -8.08344184e-01  7.34207494e-01  1.48641285e+00
  2.24728494e-02  5.96483579e-01  1.25516980e-01  5.36057753e-01
  6.09406503e-01  1.08951904e+00  5.06542576e-01 -6.58787641e-01
  6.63538652e-01  7.73478097e-01  1.04188640e-01 -1.74810614e-01
  1.42901405e+00  3.78824824e-01 -1.06635325e+00  4.07264707e-01
  3.74896067e-01  7.87902906e-01  1.45400018e+00  1.03960938e+00
  8.63069703e-03  4.79804203e-01 -5.96978463e-02 -6.22394535e-02
 -3.79394565e-01  6.55447587e-01  1.09531561e+00 -4.67112068e-02
  2.90804339e-01  5.43800118e-01 -3.40661719e-01 -1.31366493e-01
  4.42149250e-01  9.29657480e-01 -3.75583825e-01  2.64221475e-01
 -2.94410024e-02  8.50969363e-01  8.34179821e-02  4.04407075e-01
  2.70795236e-01  4.12735717e-01  1.11867793e+00 -3.42415953e-01
  8.78856570e-01 -3.42750843e-01 -4.76661332e-01  1.31467732e+00
 -4.39021767e-01 -2.57910624e-01  5.11382440e-01  2.47380492e-01
  3.38893378e-01  1.18846792e+00  5.51219807e-01  3.04475028e-01
 -1.02277824e-01  6.56885810e-03  5.62814556e-01  5.42710809e-01
  9.93846710e-02 -1.98297117e-01 -2.60107677e-01 -2.05510392e-02
  1.64111288e+00  3.58788205e-01  5.09148863e-01  5.58094253e-01
  7.90871301e-03  4.32362971e-01 -2.42685623e-01  8.00929343e-01
 -1.07366019e-01 -2.36007855e-01  1.74920144e-01  1.58589525e-01
  2.70172668e-01 -6.35070456e-01 -1.61132988e-01 -8.45779981e-01
  1.11035627e-01  7.71856034e-01  7.28624872e-01 -2.09505909e-01
 -1.38099430e+00  6.73447698e-01  9.42402406e-01 -3.45984184e-01
  6.33329265e-01  4.34240418e-01 -2.63760645e-01  9.38487801e-01
 -4.50088745e-01 -1.03633081e+00 -3.95788710e-01  1.33780462e+00
  5.96085609e-01 -1.17150888e-01  7.38815126e-01 -5.47441075e-02
  9.93033923e-01 -8.31371766e-01  1.64460702e+00  4.43406576e-01]