[0.         0.         0.00408163 0.00408163 0.00816327 0.00816327
 0.01020408 0.01020408 0.01428571 0.01428571 0.02040816 0.02040816
 0.02244898 0.02244898 0.0244898  0.0244898  0.02653061 0.02653061
 0.02857143 0.02857143 0.03061224 0.03061224 0.03469388 0.03469388
 0.03673469 0.03673469 0.03877551 0.03877551 0.04081633 0.04081633
 0.05102041 0.05102041 0.05510204 0.05510204 0.05714286 0.05714286
 0.05918367 0.05918367 0.06326531 0.06326531 0.06530612 0.06530612
 0.06734694 0.06734694 0.07346939 0.07346939 0.0755102  0.0755102
 0.07755102 0.07755102 0.07959184 0.07959184 0.08367347 0.08367347
 0.08571429 0.08571429 0.0877551  0.0877551  0.09387755 0.09387755
 0.09591837 0.09591837 0.10408163 0.10408163 0.10816327 0.10816327
 0.11632653 0.11632653 0.11836735 0.11836735 0.12040816 0.12040816
 0.12244898 0.12244898 0.1244898  0.1244898  0.12857143 0.12857143
 0.13265306 0.13265306 0.13469388 0.13469388 0.13673469 0.13673469
 0.13877551 0.13877551 0.14081633 0.14081633 0.14285714 0.14285714
 0.14489796 0.14489796 0.14693878 0.14693878 0.14897959 0.14897959
 0.15102041 0.15102041 0.15306122 0.15306122 0.15510204 0.15510204
 0.15714286 0.15714286 0.15918367 0.15918367 0.16122449 0.16122449
 0.16530612 0.16530612 0.16734694 0.16734694 0.16938776 0.16938776
 0.17142857 0.17142857 0.17346939 0.17346939 0.1755102  0.1755102
 0.18163265 0.18163265 0.18571429 0.18571429 0.1877551  0.1877551
 0.18979592 0.18979592 0.19183673 0.19183673 0.19591837 0.19591837
 0.19795918 0.19795918 0.2        0.2        0.20408163 0.20408163
 0.2122449  0.2122449  0.21428571 0.21428571 0.21632653 0.21632653
 0.22040816 0.22040816 0.2244898  0.2244898  0.22653061 0.22653061
 0.23061224 0.23061224 0.23265306 0.23265306 0.23469388 0.23469388
 0.24285714 0.24285714 0.24693878 0.24693878 0.24897959 0.24897959
 0.25306122 0.25306122 0.25510204 0.25510204 0.26122449 0.26122449
 0.26530612 0.26530612 0.26734694 0.26734694 0.27346939 0.27346939
 0.28979592 0.28979592 0.3        0.3        0.30204082 0.30204082
 0.30408163 0.30408163 0.30612245 0.30612245 0.30816327 0.30816327
 0.31632653 0.31632653 0.32040816 0.32040816 0.32244898 0.32244898
 0.3244898  0.3244898  0.32857143 0.32857143 0.33469388 0.33469388
 0.33877551 0.33877551 0.34081633 0.34081633 0.35306122 0.35306122
 0.35510204 0.35510204 0.36122449 0.36122449 0.36530612 0.36530612
 0.37142857 0.37142857 0.3755102  0.3755102  0.38367347 0.38367347
 0.3877551  0.3877551  0.39387755 0.39387755 0.39591837 0.39591837
 0.39795918 0.39795918 0.4        0.4        0.40204082 0.40204082
 0.40408163 0.40408163 0.40816327 0.40816327 0.42040816 0.42040816
 0.42244898 0.42244898 0.43673469 0.43673469 0.44081633 0.44081633
 0.44285714 0.44285714 0.44693878 0.44693878 0.44897959 0.44897959
 0.45102041 0.45102041 0.45306122 0.45306122 0.45510204 0.45510204
 0.45714286 0.45714286 0.46326531 0.46326531 0.46530612 0.46530612
 0.47142857 0.47142857 0.47346939 0.47346939 0.47755102 0.47755102
 0.48163265 0.48163265 0.4877551  0.4877551  0.49387755 0.49387755
 0.49591837 0.49591837 0.49795918 0.49795918 0.5        0.5
 0.50204082 0.50204082 0.50816327 0.50816327 0.51020408 0.51020408
 0.5122449  0.5122449  0.51428571 0.51428571 0.51632653 0.51632653
 0.52040816 0.52040816 0.5244898  0.5244898  0.52653061 0.52653061
 0.52857143 0.52857143 0.53061224 0.53061224 0.53265306 0.53265306
 0.53673469 0.53673469 0.53877551 0.53877551 0.54081633 0.54081633
 0.54285714 0.54285714 0.54897959 0.54897959 0.55102041 0.55102041
 0.56122449 0.56122449 0.56938776 0.56938776 0.57142857 0.57142857
 0.57346939 0.57346939 0.57959184 0.57959184 0.58163265 0.58163265
 0.58367347 0.58367347 0.58571429 0.58571429 0.59183673 0.59183673
 0.59387755 0.59387755 0.60408163 0.60408163 0.60612245 0.60612245
 0.61020408 0.61020408 0.6122449  0.6122449  0.61428571 0.61428571
 0.61632653 0.61632653 0.6244898  0.6244898  0.62653061 0.62653061
 0.62857143 0.62857143 0.63061224 0.63061224 0.63469388 0.63469388
 0.64693878 0.64693878 0.65714286 0.65714286 0.66122449 0.66122449
 0.66938776 0.66938776 0.67755102 0.67755102 0.67959184 0.67959184
 0.68367347 0.68367347 0.6877551  0.6877551  0.68979592 0.68979592
 0.69183673 0.69183673 0.69387755 0.69387755 0.69591837 0.69591837
 0.69795918 0.69795918 0.70408163 0.70408163 0.70612245 0.70612245
 0.7122449  0.7122449  0.71428571 0.71428571 0.71836735 0.71836735
 0.72040816 0.72040816 0.72244898 0.72244898 0.73265306 0.73265306
 0.73469388 0.73469388 0.73673469 0.73673469 0.74285714 0.74285714
 0.74489796 0.74489796 0.74693878 0.74693878 0.74897959 0.74897959
 0.75102041 0.75102041 0.75306122 0.75306122 0.75510204 0.75510204
 0.75918367 0.75918367 0.76122449 0.76122449 0.76530612 0.76530612
 0.76734694 0.76734694 0.77755102 0.77755102 0.7877551  0.7877551
 0.79387755 0.79387755 0.79591837 0.79591837 0.79795918 0.79795918
 0.80204082 0.80204082 0.80408163 0.80408163 0.80816327 0.80816327
 0.81020408 0.81020408 0.8122449  0.8122449  0.81428571 0.81428571
 0.81836735 0.81836735 0.82040816 0.82040816 0.82244898 0.82244898
 0.8244898  0.8244898  0.82653061 0.82653061 0.82857143 0.82857143
 0.83061224 0.83061224 0.83469388 0.83469388 0.83877551 0.83877551
 0.84285714 0.84285714 0.84489796 0.84489796 0.84693878 0.84693878
 0.84897959 0.84897959 0.85102041 0.85102041 0.85918367 0.85918367
 0.86122449 0.86122449 0.86734694 0.86734694 0.87142857 0.87142857
 0.88163265 0.88163265 0.8877551  0.8877551  0.89183673 0.89183673
 0.89795918 0.89795918 0.90204082 0.90204082 0.90408163 0.90408163
 0.92040816 0.92040816 0.93061224 0.93061224 0.93673469 0.93673469
 0.93877551 0.93877551 0.94081633 0.94081633 0.95714286 0.95714286
 0.95918367 0.95918367 0.96122449 0.96122449 0.96938776 0.96938776
 0.97142857 0.97142857 0.97346939 0.97346939 0.99183673 0.99183673
 0.99387755 0.99387755 1.        ]