[ 2.60790134e+00  1.60790134e+00  1.56991082e+00  1.53427114e+00
  1.50685059e+00  1.49176192e+00  1.48301797e+00  1.47635748e+00
  1.39926411e+00  1.36932875e+00  1.33904038e+00  1.33082161e+00
  1.30574689e+00  1.29615204e+00  1.27848438e+00  1.27649458e+00
  1.24760910e+00  1.24651178e+00  1.24275776e+00  1.22778674e+00
  1.22717701e+00  1.22664317e+00  1.22527955e+00  1.21664417e+00
  1.21057517e+00  1.21020339e+00  1.20406589e+00  1.20265736e+00
  1.20229919e+00  1.20223261e+00  1.19917783e+00  1.19054853e+00
  1.18379767e+00  1.18314574e+00  1.18047055e+00  1.17591000e+00
  1.13972701e+00  1.13112637e+00  1.12737812e+00  1.12538666e+00
  1.11723487e+00  1.11283792e+00  1.11005771e+00  1.10946352e+00
  1.10662226e+00  1.10389032e+00  1.10026460e+00  1.09923993e+00
  1.09575486e+00  1.09508240e+00  1.08514904e+00  1.08443155e+00
  1.07732383e+00  1.07028842e+00  1.06109933e+00  1.04881161e+00
  1.04642382e+00  1.04525021e+00  1.03955284e+00  1.03735114e+00
  1.02421877e+00  1.02100597e+00  1.01361976e+00  1.01323083e+00
  1.01175135e+00  1.00892973e+00  1.00625756e+00  1.00612300e+00
  9.91161441e-01  9.88809305e-01  9.88118435e-01  9.87493412e-01
  9.76879345e-01  9.75784377e-01  9.70809744e-01  9.70214342e-01
  9.67621273e-01  9.65056848e-01  9.62879440e-01  9.61561401e-01
  9.56021328e-01  9.53489258e-01  9.51125491e-01  9.45805939e-01
  9.45365282e-01  9.42669764e-01  9.35645224e-01  9.35155243e-01
  9.29407094e-01  9.23626246e-01  9.23554787e-01  9.20002307e-01
  9.19892844e-01  9.18153185e-01  9.05733240e-01  9.05329720e-01
  9.05090114e-01  9.03149481e-01  8.99382021e-01  8.97998711e-01
  8.95191541e-01  8.87075712e-01  8.85309747e-01  8.80427378e-01
  8.72377244e-01  8.58639099e-01  8.57220200e-01  8.51975908e-01
  8.49094580e-01  8.48544599e-01  8.47247660e-01  8.44052030e-01
  8.35393842e-01  8.31914177e-01  8.25315755e-01  8.16926081e-01
  8.16067717e-01  8.12157550e-01  8.11033233e-01  8.09139912e-01
  8.07786751e-01  8.03792717e-01  7.96966060e-01  7.93923686e-01
  7.90608512e-01  7.78395466e-01  7.74939341e-01  7.71997539e-01
  7.71227619e-01  7.64653591e-01  7.62046067e-01  7.60618980e-01
  7.60596910e-01  7.57968046e-01  7.55954993e-01  7.46916863e-01
  7.41736103e-01  7.41290194e-01  7.31703176e-01  7.31507218e-01
  7.28614677e-01  7.27269943e-01  7.06516956e-01  7.06166059e-01
  7.05281009e-01  7.03991499e-01  7.01496794e-01  7.00759697e-01
  6.94724054e-01  6.93580240e-01  6.89382549e-01  6.88919245e-01
  6.87504921e-01  6.79583029e-01  6.78738291e-01  6.69009419e-01
  6.67420055e-01  6.66574158e-01  6.66548935e-01  6.64660834e-01
  6.61554506e-01  6.57783388e-01  6.57664754e-01  6.54319081e-01
  6.47893768e-01  6.46495231e-01  6.45674932e-01  6.36167881e-01
  6.35420399e-01  6.32420377e-01  6.30055008e-01  6.29818544e-01
  6.16500419e-01  6.16227167e-01  6.15049960e-01  6.08482940e-01
  6.06631046e-01  6.02789109e-01  6.01123396e-01  5.97672034e-01
  5.97217605e-01  5.96785379e-01  5.90585410e-01  5.89473297e-01
  5.88180553e-01  5.87976776e-01  5.87611123e-01  5.85481326e-01
  5.83950831e-01  5.82728070e-01  5.75260626e-01  5.73107925e-01
  5.66170853e-01  5.65302697e-01  5.64454080e-01  5.62028831e-01
  5.59738361e-01  5.56286683e-01  5.46059914e-01  5.42324636e-01
  5.38700006e-01  5.38628654e-01  5.35120508e-01  5.30252805e-01
  5.28412259e-01  5.27616433e-01  5.17511462e-01  5.16209457e-01
  5.15443758e-01  5.11663748e-01  5.10272657e-01  5.05916270e-01
  5.05638307e-01  5.05026302e-01  4.95736780e-01  4.91452689e-01
  4.88619267e-01  4.86793950e-01  4.83477998e-01  4.82662640e-01
  4.82264446e-01  4.81805208e-01  4.79651530e-01  4.78292458e-01
  4.75071561e-01  4.70607246e-01  4.65874287e-01  4.65615415e-01
  4.59896046e-01  4.59654303e-01  4.50741694e-01  4.49306666e-01
  4.46524098e-01  4.46494216e-01  4.45241037e-01  4.43515264e-01
  4.40686078e-01  4.38856403e-01  4.37120156e-01  4.30750020e-01
  4.28518643e-01  4.22521707e-01  4.22428780e-01  4.20142448e-01
  4.18218874e-01  4.12679687e-01  4.05624573e-01  3.99844067e-01
  3.95159061e-01  3.94939412e-01  3.92568411e-01  3.90293347e-01
  3.89112314e-01  3.87578430e-01  3.86772102e-01  3.67460035e-01
  3.67151639e-01  3.66817618e-01  3.64080082e-01  3.61886856e-01
  3.60222210e-01  3.58183236e-01  3.56874804e-01  3.55694320e-01
  3.54944613e-01  3.50974106e-01  3.47988507e-01  3.43072282e-01
  3.42183173e-01  3.38087508e-01  3.34873243e-01  3.33228593e-01
  3.27354848e-01  3.20192981e-01  3.18622024e-01  3.11863410e-01
  3.10963115e-01  3.10939747e-01  3.06913743e-01  3.02473291e-01
  2.98321814e-01  2.89785250e-01  2.89323520e-01  2.88601525e-01
  2.79445846e-01  2.76440846e-01  2.75912736e-01  2.68386174e-01
  2.68321952e-01  2.68221572e-01  2.63393731e-01  2.57261353e-01
  2.47795429e-01  2.45487604e-01  2.39731245e-01  2.36681669e-01
  2.34529151e-01  2.33012017e-01  2.29278127e-01  2.26952807e-01
  2.17525274e-01  2.15683765e-01  2.05450767e-01  2.03121894e-01
  2.02585186e-01  1.95753365e-01  1.91851028e-01  1.88492190e-01
  1.87521580e-01  1.82738402e-01  1.80892973e-01  1.79434121e-01
  1.75663544e-01  1.73874364e-01  1.72398687e-01  1.63716366e-01
  1.58984343e-01  1.58115290e-01  1.55284029e-01  1.54965547e-01
  1.54414965e-01  1.54352552e-01  1.53571530e-01  1.51529206e-01
  1.48976863e-01  1.47475492e-01  1.36053053e-01  1.34727690e-01
  1.28064450e-01  1.25345113e-01  1.19379944e-01  1.12074808e-01
  1.09799950e-01  1.02802142e-01  1.00701609e-01  9.87077373e-02
  9.86357614e-02  9.77848162e-02  9.17708787e-02  8.24612873e-02
  7.59727320e-02  7.16321658e-02  7.12779910e-02  6.26229280e-02
  6.01997685e-02  6.01978904e-02  5.90199697e-02  4.85649973e-02
  4.54039291e-02  4.11772764e-02  3.71567724e-02  2.87026390e-02
  2.56864335e-02  2.30520862e-02  1.63548897e-02  1.52136363e-02
  1.22072677e-02  9.76381460e-03  5.17494851e-03  1.74366312e-03
  1.85875422e-04 -5.96431753e-04 -1.68504734e-02 -2.12239719e-02
 -2.55125077e-02 -3.13518701e-02 -4.43752053e-02 -4.66553887e-02
 -6.06310602e-02 -6.09956451e-02 -6.60458038e-02 -6.72656661e-02
 -7.03963845e-02 -7.35476098e-02 -7.70752787e-02 -7.83091287e-02
 -7.90247587e-02 -7.99689865e-02 -8.60246291e-02 -9.49321100e-02
 -9.77778729e-02 -1.05234340e-01 -1.13273928e-01 -1.13961034e-01
 -1.14775508e-01 -1.15797672e-01 -1.21167672e-01 -1.32180454e-01
 -1.33539889e-01 -1.53737606e-01 -1.54890465e-01 -1.64232484e-01
 -1.65575811e-01 -1.66147395e-01 -1.75262649e-01 -2.15072696e-01
 -2.16789491e-01 -2.17842606e-01 -2.28102418e-01 -2.30159190e-01
 -2.35468809e-01 -2.43805236e-01 -2.50014032e-01 -2.55442556e-01
 -2.59015217e-01 -2.63996999e-01 -2.67679604e-01 -2.74277222e-01
 -2.75043072e-01 -2.79568311e-01 -2.86174465e-01 -2.95530429e-01
 -3.05847972e-01 -3.14135055e-01 -3.14821714e-01 -3.15594908e-01
 -3.15987134e-01 -3.16705732e-01 -3.20380572e-01 -3.35707566e-01
 -3.35860879e-01 -3.37691481e-01 -3.40435486e-01 -3.54658172e-01
 -3.62172130e-01 -3.62287135e-01 -3.63952621e-01 -3.65214355e-01
 -3.74205863e-01 -3.79573109e-01 -3.92348947e-01 -4.10074624e-01
 -4.12688113e-01 -4.16358148e-01 -4.20051694e-01 -4.38038966e-01
 -4.40179035e-01 -4.51734156e-01 -4.55595309e-01 -4.60147812e-01
 -4.78069425e-01 -4.80133193e-01 -5.12320620e-01 -5.36313372e-01
 -5.47048166e-01 -5.48597526e-01 -5.78022817e-01 -6.15339841e-01
 -6.43020542e-01 -6.65489061e-01 -6.80031398e-01 -6.98583898e-01
 -7.29524075e-01 -8.12439291e-01 -8.29677877e-01 -8.62422987e-01
 -8.68436503e-01 -8.75561798e-01 -8.94324721e-01 -9.04501096e-01
 -9.14702085e-01 -9.15240339e-01 -9.40938005e-01 -9.94717488e-01
 -1.00279696e+00 -1.03676868e+00 -1.04908645e+00 -1.08493958e+00
 -1.13056468e+00 -1.26622818e+00 -1.29277134e+00 -1.65546739e+00]