[0.         0.00196078 0.00196078 0.00392157 0.00392157 0.00588235
 0.00588235 0.00784314 0.00784314 0.00980392 0.00980392 0.01372549
 0.01372549 0.02156863 0.02156863 0.02745098 0.02745098 0.02941176
 0.02941176 0.0372549  0.0372549  0.04117647 0.04117647 0.04313725
 0.04313725 0.04509804 0.04509804 0.06666667 0.06666667 0.07647059
 0.07647059 0.08235294 0.08235294 0.08823529 0.08823529 0.09215686
 0.09215686 0.09607843 0.09607843 0.09803922 0.09803922 0.1
 0.1        0.10196078 0.10196078 0.10588235 0.10588235 0.10784314
 0.10784314 0.11176471 0.11176471 0.11568627 0.11568627 0.12156863
 0.12156863 0.12352941 0.12352941 0.12745098 0.12745098 0.12941176
 0.12941176 0.13137255 0.13137255 0.13921569 0.13921569 0.14705882
 0.14705882 0.15098039 0.15098039 0.15294118 0.15294118 0.15686275
 0.15686275 0.15882353 0.15882353 0.18235294 0.18235294 0.18627451
 0.18627451 0.18823529 0.18823529 0.19019608 0.19019608 0.19215686
 0.19215686 0.19607843 0.19607843 0.2        0.2        0.20588235
 0.20588235 0.20784314 0.20784314 0.21764706 0.21764706 0.21960784
 0.21960784 0.22745098 0.22745098 0.24313725 0.24313725 0.24705882
 0.24705882 0.25686275 0.25686275 0.26078431 0.26078431 0.26666667
 0.26666667 0.26862745 0.26862745 0.27843137 0.27843137 0.28235294
 0.28235294 0.28431373 0.28431373 0.28627451 0.28627451 0.28823529
 0.28823529 0.29803922 0.29803922 0.30196078 0.30196078 0.30588235
 0.30588235 0.30980392 0.30980392 0.31568627 0.31568627 0.31764706
 0.31764706 0.32156863 0.32156863 0.32352941 0.32352941 0.3254902
 0.3254902  0.32745098 0.32745098 0.33137255 0.33137255 0.33529412
 0.33529412 0.35098039 0.35098039 0.35294118 0.35294118 0.35490196
 0.35490196 0.35882353 0.35882353 0.36078431 0.36078431 0.36666667
 0.36666667 0.37058824 0.37058824 0.3745098  0.3745098  0.37647059
 0.37647059 0.38039216 0.38039216 0.38627451 0.38627451 0.38823529
 0.38823529 0.39215686 0.39215686 0.39607843 0.39607843 0.39803922
 0.39803922 0.40196078 0.40196078 0.40784314 0.40784314 0.40980392
 0.40980392 0.41176471 0.41176471 0.41568627 0.41568627 0.41764706
 0.41764706 0.42156863 0.42156863 0.42745098 0.42745098 0.42941176
 0.42941176 0.43333333 0.43333333 0.4372549  0.4372549  0.43921569
 0.43921569 0.44117647 0.44117647 0.44313725 0.44313725 0.44705882
 0.44705882 0.45294118 0.45294118 0.45686275 0.45686275 0.45882353
 0.45882353 0.46078431 0.46078431 0.4627451  0.4627451  0.46470588
 0.46470588 0.46666667 0.46666667 0.46862745 0.46862745 0.47843137
 0.47843137 0.49215686 0.49215686 0.49411765 0.49411765 0.49803922
 0.49803922 0.5        0.5        0.50392157 0.50392157 0.50784314
 0.50784314 0.51568627 0.51568627 0.51764706 0.51764706 0.51960784
 0.51960784 0.52156863 0.52156863 0.52352941 0.52352941 0.52941176
 0.52941176 0.53137255 0.53137255 0.53333333 0.53333333 0.53921569
 0.53921569 0.54117647 0.54117647 0.54313725 0.54313725 0.54901961
 0.54901961 0.55490196 0.55490196 0.55882353 0.55882353 0.56078431
 0.56078431 0.56666667 0.56666667 0.56862745 0.56862745 0.57843137
 0.57843137 0.58039216 0.58039216 0.58431373 0.58431373 0.58627451
 0.58627451 0.58823529 0.58823529 0.59411765 0.59411765 0.59607843
 0.59607843 0.60196078 0.60196078 0.60980392 0.60980392 0.61372549
 0.61372549 0.61568627 0.61568627 0.61960784 0.61960784 0.62352941
 0.62352941 0.6254902  0.6254902  0.63529412 0.63529412 0.6372549
 0.6372549  0.64117647 0.64117647 0.64313725 0.64313725 0.64509804
 0.64509804 0.64901961 0.64901961 0.65098039 0.65098039 0.65490196
 0.65490196 0.65686275 0.65686275 0.65882353 0.65882353 0.66078431
 0.66078431 0.66470588 0.66470588 0.66666667 0.66666667 0.67254902
 0.67254902 0.6745098  0.6745098  0.68039216 0.68039216 0.68235294
 0.68235294 0.68431373 0.68431373 0.68627451 0.68627451 0.69607843
 0.69607843 0.69803922 0.69803922 0.7        0.7        0.70196078
 0.70196078 0.70588235 0.70588235 0.71372549 0.71372549 0.71960784
 0.71960784 0.72352941 0.72352941 0.72745098 0.72745098 0.72941176
 0.72941176 0.73137255 0.73137255 0.73529412 0.73529412 0.7372549
 0.7372549  0.74117647 0.74117647 0.74313725 0.74313725 0.74509804
 0.74509804 0.74705882 0.74705882 0.75098039 0.75098039 0.75294118
 0.75294118 0.75490196 0.75490196 0.75882353 0.75882353 0.76078431
 0.76078431 0.7627451  0.7627451  0.76470588 0.76470588 0.76666667
 0.76666667 0.77647059 0.77647059 0.78431373 0.78431373 0.78627451
 0.78627451 0.79019608 0.79019608 0.79215686 0.79215686 0.79411765
 0.79411765 0.79607843 0.79607843 0.80392157 0.80392157 0.80980392
 0.80980392 0.81372549 0.81372549 0.82352941 0.82352941 0.8254902
 0.8254902  0.82941176 0.82941176 0.83333333 0.83333333 0.83529412
 0.83529412 0.84705882 0.84705882 0.84901961 0.84901961 0.85294118
 0.85294118 0.85686275 0.85686275 0.85882353 0.85882353 0.86078431
 0.86078431 0.8627451  0.8627451  0.86470588 0.86470588 0.86666667
 0.86666667 0.86862745 0.86862745 0.87058824 0.87058824 0.87254902
 0.87254902 0.8745098  0.8745098  0.87843137 0.87843137 0.88039216
 0.88039216 0.88431373 0.88431373 0.88627451 0.88627451 0.88823529
 0.88823529 0.89803922 0.89803922 0.9        0.9        0.90392157
 0.90392157 0.90980392 0.90980392 0.91176471 0.91176471 0.91372549
 0.91372549 0.91568627 0.91568627 0.91764706 0.91764706 0.91960784
 0.91960784 0.92156863 0.92156863 0.9254902  0.9254902  0.92745098
 0.92745098 0.93137255 0.93137255 0.93333333 0.93333333 0.93529412
 0.93529412 0.93921569 0.93921569 0.94313725 0.94313725 0.94509804
 0.94509804 0.94705882 0.94705882 0.94901961 0.94901961 0.96078431
 0.96078431 0.9627451  0.9627451  0.96666667 0.96666667 0.96862745
 0.96862745 0.97254902 0.97254902 0.97647059 0.97647059 0.98039216
 0.98039216 0.98235294 0.98235294 0.98627451 0.98627451 0.98823529
 0.98823529 0.99411765 0.99411765 0.99607843 0.99607843 0.99803922
 0.99803922 1.         1.        ]