[0.         0.00191571 0.00766284 0.00766284 0.01149425 0.01149425
 0.01340996 0.01340996 0.02298851 0.02298851 0.02490421 0.02490421
 0.02873563 0.02873563 0.03065134 0.03065134 0.0440613  0.0440613
 0.04597701 0.04597701 0.05938697 0.05938697 0.06130268 0.06130268
 0.06704981 0.06704981 0.07471264 0.07471264 0.07662835 0.07662835
 0.07854406 0.07854406 0.08429119 0.08429119 0.08812261 0.08812261
 0.09003831 0.09003831 0.09195402 0.09195402 0.09578544 0.09578544
 0.10344828 0.10344828 0.11302682 0.11302682 0.11494253 0.11494253
 0.11877395 0.11877395 0.12068966 0.12068966 0.1302682  0.1302682
 0.13409962 0.13409962 0.14176245 0.14176245 0.14750958 0.14750958
 0.1532567  0.1532567  0.1743295  0.1743295  0.18007663 0.18007663
 0.18965517 0.18965517 0.19157088 0.19157088 0.19348659 0.19348659
 0.1954023  0.1954023  0.19731801 0.19731801 0.20689655 0.20689655
 0.21264368 0.21264368 0.21455939 0.21455939 0.22030651 0.22030651
 0.22605364 0.22605364 0.22796935 0.22796935 0.24137931 0.24137931
 0.25862069 0.25862069 0.2605364  0.2605364  0.26628352 0.26628352
 0.26819923 0.26819923 0.2816092  0.2816092  0.29885057 0.29885057
 0.30268199 0.30268199 0.3045977  0.3045977  0.30651341 0.30651341
 0.30842912 0.30842912 0.31034483 0.31034483 0.31226054 0.31226054
 0.31417625 0.31417625 0.31609195 0.31609195 0.31992337 0.31992337
 0.32183908 0.32183908 0.3256705  0.3256705  0.32950192 0.32950192
 0.33524904 0.33524904 0.33716475 0.33716475 0.33908046 0.33908046
 0.34099617 0.34099617 0.34291188 0.34291188 0.3467433  0.3467433
 0.348659   0.348659   0.35440613 0.35440613 0.35632184 0.35632184
 0.35823755 0.35823755 0.36206897 0.36206897 0.37356322 0.37356322
 0.38122605 0.38122605 0.38505747 0.38505747 0.38888889 0.38888889
 0.3908046  0.3908046  0.39463602 0.39463602 0.39846743 0.39846743
 0.40613027 0.40613027 0.40804598 0.40804598 0.40996169 0.40996169
 0.41570881 0.41570881 0.41762452 0.41762452 0.42145594 0.42145594
 0.42337165 0.42337165 0.42911877 0.42911877 0.43869732 0.43869732
 0.44061303 0.44061303 0.44636015 0.44636015 0.4559387  0.4559387
 0.46360153 0.46360153 0.46743295 0.46743295 0.46934866 0.46934866
 0.47126437 0.47126437 0.47509579 0.47509579 0.47701149 0.47701149
 0.4789272  0.4789272  0.48275862 0.48275862 0.48467433 0.48467433
 0.48659004 0.48659004 0.48850575 0.48850575 0.49233716 0.49233716
 0.49616858 0.49616858 0.5        0.5        0.50383142 0.50383142
 0.50574713 0.50574713 0.50766284 0.50766284 0.51149425 0.51149425
 0.51340996 0.51340996 0.51532567 0.51532567 0.51724138 0.51724138
 0.51915709 0.51915709 0.5210728  0.5210728  0.52873563 0.52873563
 0.53256705 0.53256705 0.53448276 0.53448276 0.53639847 0.53639847
 0.53831418 0.53831418 0.54214559 0.54214559 0.54789272 0.54789272
 0.54980843 0.54980843 0.55363985 0.55363985 0.55747126 0.55747126
 0.56130268 0.56130268 0.56321839 0.56321839 0.57088123 0.57088123
 0.57279693 0.57279693 0.5862069  0.5862069  0.58812261 0.58812261
 0.59003831 0.59003831 0.59195402 0.59195402 0.59578544 0.59578544
 0.60344828 0.60344828 0.60727969 0.60727969 0.61111111 0.61111111
 0.61494253 0.61494253 0.61685824 0.61685824 0.61877395 0.61877395
 0.62068966 0.62068966 0.62835249 0.62835249 0.6302682  0.6302682
 0.63218391 0.63218391 0.63409962 0.63409962 0.63601533 0.63601533
 0.63984674 0.63984674 0.64176245 0.64176245 0.64559387 0.64559387
 0.64750958 0.64750958 0.64942529 0.64942529 0.65517241 0.65517241
 0.65708812 0.65708812 0.65900383 0.65900383 0.66091954 0.66091954
 0.66283525 0.66283525 0.66666667 0.66666667 0.66858238 0.66858238
 0.6743295  0.6743295  0.67624521 0.67624521 0.68007663 0.68007663
 0.68390805 0.68390805 0.68582375 0.68582375 0.68773946 0.68773946
 0.68965517 0.68965517 0.69157088 0.69157088 0.69348659 0.69348659
 0.69731801 0.69731801 0.70306513 0.70306513 0.70689655 0.70689655
 0.71072797 0.71072797 0.71455939 0.71455939 0.7183908  0.7183908
 0.72222222 0.72222222 0.72413793 0.72413793 0.72605364 0.72605364
 0.72796935 0.72796935 0.73371648 0.73371648 0.73563218 0.73563218
 0.7394636  0.7394636  0.74712644 0.74712644 0.74904215 0.74904215
 0.75095785 0.75095785 0.75287356 0.75287356 0.75478927 0.75478927
 0.76436782 0.76436782 0.77011494 0.77011494 0.77203065 0.77203065
 0.77777778 0.77777778 0.7835249  0.7835249  0.78927203 0.78927203
 0.79118774 0.79118774 0.8045977  0.8045977  0.81226054 0.81226054
 0.81800766 0.81800766 0.81992337 0.81992337 0.82183908 0.82183908
 0.82375479 0.82375479 0.8256705  0.8256705  0.83333333 0.83333333
 0.83716475 0.83716475 0.83908046 0.83908046 0.84099617 0.84099617
 0.84291188 0.84291188 0.8467433  0.8467433  0.848659   0.848659
 0.85057471 0.85057471 0.85249042 0.85249042 0.85632184 0.85632184
 0.85823755 0.85823755 0.86015326 0.86015326 0.86206897 0.86206897
 0.86781609 0.86781609 0.8697318  0.8697318  0.87356322 0.87356322
 0.87739464 0.87739464 0.87931034 0.87931034 0.88314176 0.88314176
 0.88505747 0.88505747 0.88697318 0.88697318 0.88888889 0.88888889
 0.8908046  0.8908046  0.89463602 0.89463602 0.89655172 0.89655172
 0.89846743 0.89846743 0.90229885 0.90229885 0.90421456 0.90421456
 0.90996169 0.90996169 0.91187739 0.91187739 0.9137931  0.9137931
 0.91570881 0.91570881 0.92720307 0.92720307 0.93103448 0.93103448
 0.9348659  0.9348659  0.93678161 0.93678161 0.93869732 0.93869732
 0.94252874 0.94252874 0.94827586 0.94827586 0.96551724 0.96551724
 0.96743295 0.96743295 0.97126437 0.97126437 0.97318008 0.97318008
 0.97701149 0.97701149 0.98084291 0.98084291 0.98467433 0.98467433
 0.98659004 0.98659004 0.99425287 0.99425287 1.         1.        ]