[0.76790105 1.00002869 0.88107266 0.78200547 1.01223221 0.86441719
 0.95982014 0.80214921 0.81452611 0.99497091 0.919747   0.76403107
 0.56357975 0.75886815 0.88844727 0.96075743 0.35039059 0.90710289
 0.94501926 0.89505543 0.77192852 0.94906897 1.10424574 0.90170623
 1.09922865 0.79552543 0.85767464 0.87577125 0.82781349 0.88311063
 0.90408261 0.63475289 0.86230107 0.81716655 0.84973076 0.73324064
 0.84650322 0.9404084  0.93746064 0.71217632 0.92934284 0.75450047
 0.93320052 0.8154164  0.84208429 0.96594766 0.87279356 0.9662323
 1.01530021 0.59044237 0.88023104 0.9174155  0.79055933 0.90031634
 0.77341828 0.81790851 0.96320079 0.73262756 0.70075949 0.89794042
 0.70320664 0.86738875 0.88983934 0.48433123 0.95129205 0.68624089
 0.89835866 0.96508661 0.93199484 0.92803961 0.75720538 0.63816166
 0.92061437 0.666471   0.87483306 0.91254189 0.52133215 0.80691606
 1.03629373 0.96850792 0.69976169 0.88279205 0.91624991 0.82874377
 0.65109532 0.98701362 0.96002948 0.72384128 0.97146617 0.60818136
 0.80943086 0.79880092 0.85763831 0.89504945 0.96246783 0.63589149
 0.48117819 0.9251431  0.90460983 0.98852142 0.75688014 0.91115734
 0.7432907  0.93892222 0.82545545 0.89744674 0.57474849 0.89292324
 0.96657637 0.82225854 0.96531966 0.90318473 0.8374869  0.96937498
 0.8398423  0.72187125 0.947501   0.44192871 0.79365479 0.76740249
 0.89657133 0.95662704 0.93567865 0.82325845 0.57826114 0.45058017
 0.81235692 0.74382406 0.68418089 0.95828079 0.53641703 0.78648347
 0.59177605 1.09523934 0.7162897  1.01625841 0.36060954 0.61906435
 0.66261346 0.96166155 0.80815392 0.64786808 0.89344235 0.86285458
 0.99033287 0.95752946 0.85941758 0.75363901 0.72025399 0.97401643
 0.54926882 1.05209256 0.42384288 0.99156927 0.85146026 0.77748198
 0.92905055 0.7276618  0.84355653 0.83164811 0.7203832  0.75666314
 0.43077917 0.93613267 0.87017009 0.93871192 0.80636884 0.54339007
 0.84323559 0.78168353 0.69339743 0.79325886 0.91678707 0.74389806
 0.86522135 0.93911179 0.9555179  0.8816757  0.98367389 0.88807897
 1.0157494  0.79060828 0.97817327 0.76709917 0.85289438 0.91949782
 1.04097169 1.04371627 0.9556446  0.79377019 0.89654017 0.97297357
 0.92213063 0.58385348 0.98881428 1.00863303 0.99811495 0.97043549
 0.9479435  0.9441263  0.92539346 0.9546092  0.86045156 0.73508904
 0.95457195 0.86871926 0.6565107  0.82015305 0.82000064 0.87784347
 0.97791801 0.92842474 1.04975101 0.94189485 0.88004582 0.24607207
 0.74691434 0.91366312 1.01444862 0.96883907 0.51335373 0.99484291
 0.85971052 0.79540367 0.6616841  0.75986558 0.86488866 0.34471599
 0.84854864 0.773595   0.30263051 1.07300072 0.83416656 1.03743141
 0.61429228 0.72588567 0.80272059 0.69952143 0.84356098 0.60510514
 0.85752583 0.65046437 0.60633365 0.96192537 0.55547679 0.92623091
 0.24979663 0.70074655 0.87509613 0.13917826 0.89359124 0.93892619
 0.98180348 0.4682068  0.94955474 0.95068977 0.92027203 0.76236763
 0.97337286 1.02455874 0.70893566 0.77867148 0.72839592 0.58322208
 0.75287433 0.72320975 0.97726101 0.99498171 1.05994181 0.90808857
 0.83451965 0.68520421 0.8656454  0.87050892 0.44387891 0.79015742
 0.89450289 0.87805054 0.82434069 0.86815304 0.72291201 0.99408952
 0.9252501  1.00942677 0.70473634 0.66475033 1.05003025 1.0232476
 0.66692904 0.95732465 0.80149339 0.94651161 0.37704042 0.93967987
 0.73481587 0.93138025 0.91376131 0.83929765 1.06843938 0.87614916
 0.64556523 0.92330872 0.72347813 0.72879438 0.99213206 0.90978876
 0.32010747 0.7995858  1.07137214 0.72830086 0.98325683 0.6312788
 0.58827658 0.91047457 0.98284569 0.9797994  0.86608347 0.73516428
 0.90697931 0.50806266 0.75994626 0.96287154 0.62240036 1.06559573
 0.49186175 1.02519229 0.90332149 0.46421708 0.76675292 0.87854365
 0.95384084 0.87958426 0.7227104  0.92362052 0.90716972 0.82235349
 0.3635773  0.8464668  0.58014782 0.7548231  0.74172899 1.01462135
 0.88791925 0.95987815 0.93764764 0.82388612 0.63572984 0.98702541
 0.99189075 0.61669746 1.00599145 0.97287282 0.74856693 0.96005992
 0.84706562 0.80430295 1.0319709  0.86265412 0.82781289 0.92868173
 0.79445521 1.02888508 0.76456057 0.88847529 0.81004617 0.61959572
 0.87995141 0.4692995  0.70098396 0.89994522 0.92647052 0.98964567
 0.85445108 0.89112297 0.68306571 0.81407858 0.77986814 1.02662895
 0.97111756 0.5116995  1.02356877 0.8067365  0.76727163 0.92566699
 0.79559184 0.77286679 0.89726692 0.90228875 0.97547165 0.96593676
 0.67174165 0.77491742 0.72474008 0.75340102 0.84554844 0.88832574
 0.73915878 0.72783094 0.83757446 0.48036308 0.6946929  0.73988282
 0.92344811 0.57506007 1.07550939 0.77093929 0.97425958 0.70579695
 0.86675933 0.93476178 0.55933914 0.79157504 1.03456756 0.93095022
 0.68584735 0.83543033 0.87509719 1.05371058 0.75438722 0.8771818
 0.92491546 0.68588027 0.41317001 0.97413836 1.01376688 0.22945767
 0.7728182  0.27071857 0.96341643 1.01471585 0.83322709 0.64344629
 0.80549585 0.81457377 0.60810976 0.72944035 0.69424924 0.64321979
 0.86533568 1.00338657 0.44942003 0.81105654 1.03187893 0.85314865
 0.75892145 1.02361125 0.4123548  0.61304929 0.64062708 1.04945532
 1.01326471 0.94910956 0.47102775 0.93695558 0.3447971  0.9357312
 0.89262377 1.04611886 0.68194783 0.54215844 0.80676287 0.96015722
 0.64353294 1.02100209 0.90456736 1.01151691 0.63739394 0.69396267
 0.80183127 0.99636977 0.77622292 0.9503747  0.85819013 0.89296266
 0.69679172 0.67241051 0.95735971 0.63752617 0.73351829 0.83642331
 0.94021129 0.92039429 0.89211102 0.62636361 0.71240329 1.03233478
 0.97828404 0.72175899 0.63276836 0.8049573  0.97808121 0.85409886
 0.78535382 0.8200906  0.64098274 0.52005752 1.02724389 0.56480774
 0.81845258 0.83280762 0.73224923 0.86727245 0.93702402 0.71443986
 0.9099328  0.74684904 1.00442333 0.58910916 0.96036927 0.78468353
 1.02195195 0.90447996 0.75657531 0.73923128 0.80312695 1.06092468
 0.95414103 0.52952656 0.84893078 0.80837761 0.85374539 0.83776035
 0.95905626 0.77739962 1.03196026 0.7992193  0.66959175 0.93934285
 0.55841857 0.84675618 0.81680036 0.88330187 0.88370388 0.92558104
 0.79044104 0.77643849 0.91178464 0.92577263 1.08550579 0.88429078
 0.48189091 0.50983883 0.48595494 0.85021699 0.7150676  1.01456421
 1.05623933 0.81838519 0.9528449  0.55322484 0.92242604 0.6554669
 0.66266859 0.72790809 0.84508129 0.50030372 0.79065527 0.8752718
 0.74539696 0.86238753 0.77571166 0.4287428  0.74593502 0.86976417
 0.69527062 0.71949839 0.88306725 0.33995594 0.63146348 0.81164016
 0.72196993 0.67544666 0.81776458 0.8076894  0.73578297 0.92993449
 0.86358128 0.9963757  1.05607503 1.01640234 0.82038488 0.96930255
 0.84428825 0.72350083 0.91712006 0.82910816 0.65338146 0.92349283
 0.97044894 0.99063319 0.6633266  0.80601498 1.04799998 0.85272723
 0.99080886 0.92762978 1.00909257 0.92920866 0.84397058 1.08100519
 1.03712932 0.98511096 0.85325845 1.01084292 0.86319531 0.74763081
 0.57441148 0.96529326 0.57261244 0.96785825 0.89716224 1.02660624
 1.02314633 0.60735105 0.73338276 0.98254187 0.74114316 0.81476815
 1.01170102 0.989368   0.78675224 0.79536571 0.8013997  0.69381815
 0.81464628 0.83064412 0.77143253 0.45871093 0.57692925 1.01618047
 1.06590466 0.71321701 0.5591258  0.8218115  0.79569219 0.60106125
 0.89624434 1.0348276  0.86444056 0.70733404 0.68072797 0.85760459
 0.80545051 0.85350971 0.79220822 0.7291889  0.8064675  0.83640268
 0.79165954 0.73140487 0.96768056 0.81578875 0.94160333 0.8586373
 0.99840498 0.46026169 0.65795022 0.87776039 0.75051963 0.95238855
 0.50857807 0.84179294 1.12987196 0.83766222 0.89397344 0.88782044
 0.71302692 0.89067757 0.7337328  0.90658165 0.88187014 0.71514992
 0.78713166 0.69405501 1.04808807 0.77071938 0.88115037 0.86055849
 0.93838624 0.99380443 0.59675481 0.78746003 0.68852166 1.03906266
 0.73102148 1.08412829 0.87292383 0.70176517 0.7042382  0.92374968
 0.82525135 0.85874457 0.81906503 0.72563097 0.94824265 0.98888124
 0.80619435 0.9203057  0.86891938 0.52377746 0.87392648 0.87894497
 1.06797792 0.864083   0.75519815 0.79295156 0.36667289 0.93935535
 0.75769843 0.82799914 0.95233001 0.98669458 0.70470688 0.78363648
 0.90415816 0.90379816 0.47730166 0.88830737 0.94462546 0.99503382
 0.82156197 0.59104692 0.80851726 0.80266734 0.45541591 0.54104658
 0.58351043 0.86785201 0.46075686 0.84857933 0.9318286  0.89237202
 0.84310884 0.80429631 0.98656347 0.81613314 0.80714136 0.56818195
 0.41948944 0.71600704 0.63928255 0.93523171 0.88666527 0.93338252
 0.46757114 1.10014953 0.57185483 0.62958581 1.04875827 0.96041787
 0.76821769 1.02395215 0.84485842 0.92577766 1.02642609 0.92001977
 1.05084452 0.83184725 0.61431819 0.76538646 0.81137268 0.80656631
 0.84015432 0.93220292 0.74696295 0.77924138 0.24615753 0.80813271
 0.91174417 1.07786866 0.71548691 0.95184782 0.89713201 0.68533613
 0.76561891 0.94794211 0.80866045 0.78840274 0.90449136 0.99854056
 0.8965416  0.70374719 0.85931603 0.96089571 0.97635655 0.91916087
 0.98066787 0.48800076 0.87119501 0.88442283 0.60106364 0.99724103
 0.62450442 0.79279793 1.03247335 1.0274613  0.99934928 0.82108186
 0.84848659 0.91904061 1.10129014 0.79718752 1.01581613 0.71524479
 0.9982249  0.66986813 1.00178284 1.01843346 0.85462817 0.64316045
 0.65391128 0.96616814 0.88706864 0.83506975 0.82361628 0.88380779
 0.77110617 0.24851215 0.72519556 0.86657572 0.96727277 0.64274908
 0.9691424  0.6287033  1.04028246 1.01997458 0.84103432 0.80692913
 0.89266014 1.09098788 0.86290962 0.807488   0.74794382 0.78706197
 0.98002248 1.02991824 0.85716304 1.04601823 0.90402087 0.91178213
 0.98170822 0.96009019 0.92714291 0.99286527 0.95702522 0.85617471
 0.58844077 0.80517841 0.86829937 0.90162544 0.36860812 0.97960227
 0.64720701 1.1046068  1.07922715 0.93473639 0.89807824 0.78711071
 1.02230369 0.68517293 0.81643435 0.47195287 0.75915409 0.84286078
 0.61358849 0.57580359 0.91728614 0.81394729 0.97703914 0.80171608
 0.75748783 0.97869489 0.86422462 0.55813898 0.95360455 0.92163437
 0.71871229 0.65349474 0.28068331 0.87592559 0.93665351 0.49797303
 0.9618823  0.70314641 0.90694057 0.70100788 0.91709369 0.69976972
 0.58928638 0.80718129 0.63525542 0.90139987 0.4902236  0.45643194
 0.91218229 0.87997568 0.78284737 0.87323387 0.69138894 0.83344082
 0.90579886 0.9970345  0.99071193 0.36594059 1.05213423 0.96793479
 0.83257447 0.87174382 0.70955267 0.84094046 0.73362179 0.83322932
 0.91390844 0.90477347 1.02542981 0.8291457  0.71198233 0.76244141
 0.80033573 0.77405556 0.84999655 0.85562238 0.97708861 0.80062283
 0.77679624 0.61295163 0.69932975 0.67947138 0.88152064 1.0189298
 0.81839552 0.82660705 0.875105   0.97955662 1.03385394 0.88045239
 0.90641323 0.83913186 1.03392482 0.89690889 0.96247212 0.83557413
 0.80162238 1.00251079 0.75941692 0.80055226 0.92908578 0.75450245
 1.00253008 0.95640038 0.97362511 0.48199117 0.97816637 0.72838551
 0.83985739 0.92571405 0.56101476 0.6885903  0.8343442  0.9509783
 1.02128659 0.90112305 0.84938672 0.78131665 0.8177095  0.84196808
 0.54143015 1.05679179 0.67039403 0.56266254 0.99169031 0.4892461
 0.86768346 0.69329381 0.91671561 0.50470252 0.92482378 0.93281444
 0.88676063 0.98444008 0.60145022 0.8028073  1.06903471 0.79144777
 0.688315   0.92932184 0.89251512 0.73582201 0.75846828 0.7875389
 0.80142109 0.90994614 0.90271058 0.91569021 0.84888751 0.76448238
 0.91074461 0.92907607 0.95238977 0.9344198 ]