[0.         0.         0.         0.0019685  0.0019685  0.00393701
 0.00393701 0.00590551 0.00590551 0.01181102 0.01181102 0.01377953
 0.01377953 0.01771654 0.01771654 0.02165354 0.02165354 0.02952756
 0.02952756 0.03346457 0.03346457 0.04133858 0.04133858 0.04330709
 0.04330709 0.04527559 0.04527559 0.0492126  0.0492126  0.05708661
 0.05708661 0.06299213 0.06299213 0.06692913 0.06692913 0.07480315
 0.07480315 0.08464567 0.08464567 0.08858268 0.08858268 0.09251969
 0.09251969 0.11220472 0.11220472 0.11614173 0.11614173 0.12204724
 0.12204724 0.12795276 0.12795276 0.13385827 0.13385827 0.13779528
 0.13779528 0.14370079 0.14370079 0.1476378  0.1476378  0.16338583
 0.16338583 0.16732283 0.16732283 0.17322835 0.17322835 0.19291339
 0.19291339 0.19488189 0.19488189 0.19685039 0.19685039 0.1988189
 0.1988189  0.20275591 0.20275591 0.20472441 0.20472441 0.21456693
 0.21456693 0.22047244 0.22047244 0.22637795 0.22637795 0.23031496
 0.23031496 0.23622047 0.23622047 0.23818898 0.23818898 0.24409449
 0.24409449 0.2480315  0.2480315  0.25       0.25       0.2519685
 0.2519685  0.25393701 0.25393701 0.25590551 0.25590551 0.25787402
 0.25787402 0.26574803 0.26574803 0.26968504 0.26968504 0.27952756
 0.27952756 0.28543307 0.28543307 0.28740157 0.28740157 0.29330709
 0.29330709 0.29724409 0.29724409 0.3011811  0.3011811  0.30511811
 0.30511811 0.31102362 0.31102362 0.31299213 0.31299213 0.32677165
 0.32677165 0.32874016 0.32874016 0.33464567 0.33464567 0.33661417
 0.33661417 0.33858268 0.33858268 0.34251969 0.34251969 0.3484252
 0.3484252  0.3503937  0.3503937  0.35826772 0.35826772 0.36220472
 0.36220472 0.36417323 0.36417323 0.36614173 0.36614173 0.37795276
 0.37795276 0.37992126 0.37992126 0.38582677 0.38582677 0.39173228
 0.39173228 0.3976378  0.3976378  0.4015748  0.4015748  0.40354331
 0.40354331 0.40551181 0.40551181 0.40748031 0.40748031 0.41141732
 0.41141732 0.41338583 0.41338583 0.41535433 0.41535433 0.43110236
 0.43110236 0.43700787 0.43700787 0.43897638 0.43897638 0.44488189
 0.44488189 0.45866142 0.45866142 0.46259843 0.46259843 0.46456693
 0.46456693 0.46653543 0.46653543 0.47047244 0.47047244 0.47440945
 0.47440945 0.47637795 0.47637795 0.47834646 0.47834646 0.48031496
 0.48031496 0.48425197 0.48425197 0.48622047 0.48622047 0.48818898
 0.48818898 0.49212598 0.49212598 0.4980315  0.4980315  0.50787402
 0.50787402 0.51181102 0.51181102 0.52165354 0.52165354 0.52362205
 0.52362205 0.53346457 0.53346457 0.54527559 0.54527559 0.54724409
 0.54724409 0.5511811  0.5511811  0.55905512 0.55905512 0.56496063
 0.56496063 0.56692913 0.56692913 0.57086614 0.57086614 0.57283465
 0.57283465 0.57480315 0.57480315 0.57677165 0.57677165 0.58070866
 0.58070866 0.58267717 0.58267717 0.58464567 0.58464567 0.58661417
 0.58661417 0.59251969 0.59251969 0.59448819 0.59448819 0.59645669
 0.59645669 0.5984252  0.5984252  0.6003937  0.6003937  0.60433071
 0.60433071 0.60629921 0.60629921 0.60826772 0.60826772 0.61220472
 0.61220472 0.61417323 0.61417323 0.62007874 0.62007874 0.62204724
 0.62204724 0.62795276 0.62795276 0.63779528 0.63779528 0.64370079
 0.64370079 0.65551181 0.65551181 0.65748031 0.65748031 0.67125984
 0.67125984 0.67519685 0.67519685 0.68110236 0.68110236 0.68307087
 0.68307087 0.68503937 0.68503937 0.68700787 0.68700787 0.69094488
 0.69094488 0.69488189 0.69488189 0.6988189  0.6988189  0.7007874
 0.7007874  0.70275591 0.70275591 0.70866142 0.70866142 0.71062992
 0.71062992 0.71259843 0.71259843 0.71456693 0.71456693 0.71653543
 0.71653543 0.72047244 0.72047244 0.72244094 0.72244094 0.72440945
 0.72440945 0.72637795 0.72637795 0.72834646 0.72834646 0.73031496
 0.73031496 0.73228346 0.73228346 0.73622047 0.73622047 0.74015748
 0.74015748 0.74212598 0.74212598 0.74409449 0.74409449 0.7480315
 0.7480315  0.75       0.75       0.7519685  0.7519685  0.75393701
 0.75393701 0.75590551 0.75590551 0.75787402 0.75787402 0.76181102
 0.76181102 0.76771654 0.76771654 0.76968504 0.76968504 0.77559055
 0.77559055 0.77755906 0.77755906 0.77952756 0.77952756 0.78346457
 0.78346457 0.78543307 0.78543307 0.78740157 0.78740157 0.79133858
 0.79133858 0.79330709 0.79330709 0.79527559 0.79527559 0.79724409
 0.79724409 0.7992126  0.7992126  0.8011811  0.8011811  0.81102362
 0.81102362 0.81496063 0.81496063 0.81692913 0.81692913 0.82086614
 0.82086614 0.82480315 0.82480315 0.82677165 0.82677165 0.82874016
 0.82874016 0.84055118 0.84055118 0.84251969 0.84251969 0.84448819
 0.84448819 0.85629921 0.85629921 0.86023622 0.86023622 0.86417323
 0.86417323 0.86614173 0.86614173 0.86811024 0.86811024 0.87007874
 0.87007874 0.87204724 0.87204724 0.87598425 0.87598425 0.87795276
 0.87795276 0.88188976 0.88188976 0.88582677 0.88582677 0.88779528
 0.88779528 0.89370079 0.89370079 0.89566929 0.89566929 0.8976378
 0.8976378  0.8996063  0.8996063  0.9015748  0.9015748  0.90354331
 0.90354331 0.90551181 0.90551181 0.90748031 0.90748031 0.90944882
 0.90944882 0.91141732 0.91141732 0.91732283 0.91732283 0.92125984
 0.92125984 0.92519685 0.92519685 0.92716535 0.92716535 0.93110236
 0.93110236 0.93503937 0.93503937 0.93700787 0.93700787 0.94094488
 0.94094488 0.94488189 0.94488189 0.94685039 0.94685039 0.9488189
 0.9488189  0.9507874  0.9507874  0.95275591 0.95275591 0.95669291
 0.95669291 0.95866142 0.95866142 0.96062992 0.96062992 0.96259843
 0.96259843 0.96456693 0.96456693 0.97047244 0.97047244 0.97244094
 0.97244094 0.97440945 0.97440945 0.97637795 0.97637795 0.97834646
 0.97834646 0.98425197 0.98425197 0.98622047 0.98622047 0.98818898
 0.98818898 0.99212598 0.99212598 0.99409449 0.99409449 0.9980315
 0.9980315  1.         1.        ]