[-7.77674639e-02  1.02139605e+00  9.13342636e-01  4.07004416e-01
  6.52545490e-01  3.65209385e-01  5.13082774e-01  5.08514747e-01
  5.37267333e-01  7.60533863e-01  9.44480255e-01  2.69353531e-01
 -1.94143226e-01  5.37348536e-01  8.26251871e-02  9.69085017e-01
  2.71404033e-03  6.58209753e-01  3.76310824e-01  5.16916957e-01
  2.02924909e-01  4.29796505e-01  1.52101466e+00  5.87520518e-01
  1.41831781e+00  7.46711851e-01  2.08299293e-01  3.43329023e-01
  6.54472380e-01  2.40930264e-01  6.06568601e-01 -7.92527893e-01
  2.72192847e-01  8.61961124e-01  7.35750071e-02 -8.17322057e-02
  4.11322098e-01  2.98555754e-01  2.18899024e-01  5.15795053e-01
  3.54367406e-01  3.14706027e-01  6.62871845e-01  1.62836654e-01
  2.57403955e-01  9.55868747e-01  5.37804897e-01  8.83222316e-01
  1.00588880e+00 -3.75893006e-01  1.29344665e-01  5.35605515e-01
  3.48811083e-01  3.20537191e-01 -1.47336682e-01  2.46991096e-01
  9.86661876e-01 -2.98119099e-01  3.80154416e-01  4.32000528e-01
 -1.66802138e-01  8.98663379e-01  2.03154452e-01 -1.68397478e-01
  7.19599515e-01 -2.19504284e-01  3.30706706e-01  7.20303715e-01
  6.57941981e-01  1.05266615e+00  7.57310513e-01  1.67691911e-01
  4.39178756e-01 -1.46087076e-01  7.11153652e-01  6.59672665e-01
 -4.71732724e-01  7.65706080e-01  1.02666419e+00  1.01652582e+00
  7.20021478e-02  7.28696237e-01  7.22800579e-01  1.36515991e-01
 -2.13015242e-01  7.30817806e-01  1.15285247e+00  2.01097659e-01
  1.10720672e+00 -2.83551101e-01  4.40620828e-01  7.02607486e-01
  1.14237221e-01  1.05409945e+00  9.93937174e-01 -1.15860698e-01
 -6.44135896e-01  7.00143959e-01  6.28631927e-01  1.08275247e+00
 -1.90943305e-01  5.25069278e-01 -2.52071412e-01  4.24100116e-01
  1.92361429e-01  1.01459184e+00 -3.70295169e-01  4.78876447e-01
  7.99838998e-01  2.02592508e-01  3.34943500e-01  5.72279554e-01
  1.99941611e-01  6.93289933e-01  9.74783219e-02  6.13988669e-01
  1.05188721e+00 -4.03657779e-01  1.93884504e-01  2.87882836e-01
  8.37916806e-01  9.13427778e-01  6.18451566e-01  6.59378181e-01
 -4.48980845e-01 -1.24557227e+00  3.81533179e-01  7.05197746e-01
  1.08175660e-02  1.00047771e+00 -7.43553035e-01  4.81031804e-01
 -7.69048398e-02  1.26972632e+00 -1.68674360e-01  1.00148643e+00
 -1.19897210e+00 -1.89319897e-01 -2.06620918e-01  9.95044492e-01
  1.68240862e-01  1.02895895e-01  5.84702571e-01  5.75600879e-01
  9.61947721e-01  1.03335824e+00  1.22652018e+00 -1.31225813e-02
  3.30396007e-01  1.07785223e+00 -7.56082415e-01  1.14302118e+00
 -5.94513799e-01  9.87836402e-01  4.79122234e-01 -1.82242659e-01
  5.01236509e-01  1.43212820e-01  7.70423566e-01  4.47949205e-01
 -2.00720511e-01  1.13179927e-01 -1.96797115e-01  2.38350031e-01
 -4.59263778e-02  9.47072098e-01  4.19867342e-02 -3.69361901e-01
  6.48317436e-01  3.25293028e-01  2.59812054e-01  5.35041421e-01
  5.09623956e-01  6.89056403e-01  7.69086671e-01  9.69430183e-01
  9.08533918e-01  6.20386218e-02  1.31735335e+00  2.88482254e-01
  1.26630393e+00 -2.34654259e-01  8.24444819e-01 -1.44741984e-02
  3.14559941e-01  8.18442247e-01  1.21198325e+00  6.11802619e-01
  9.56123817e-01  8.88598547e-01  3.74293810e-01  7.56106064e-01
  7.09455201e-01  6.35360755e-02  7.90202291e-01  1.33626944e+00
  7.53219787e-01  6.12466134e-01  9.01977611e-01  6.33373554e-01
  7.26235030e-01  1.03713868e+00  3.74213014e-01  3.93341073e-01
  1.34574760e+00 -1.31454266e-01 -1.33788956e-02  6.75947670e-01
  8.44315834e-01  4.79718234e-01  4.01567898e-01  6.55630976e-01
  1.22820317e+00  6.46165560e-01 -8.48386143e-02 -1.08220407e+00
  4.71419322e-02  1.13756609e+00  6.03332248e-01  6.39942876e-01
 -7.78988585e-01  7.03726738e-01  1.87535637e-02  8.77893356e-02
  3.86519493e-02  5.44910465e-01  5.38450924e-01 -4.04877191e-01
  2.89397454e-02  2.28983764e-01 -1.16362465e+00  1.37359268e+00
  4.72450753e-01  8.67265121e-01 -3.71671963e-01 -1.22732994e-01
 -1.30768291e-01  7.36288184e-01  9.05648408e-01 -7.28021799e-01
  5.03549460e-01 -5.24739418e-01 -9.12285068e-01  7.67765057e-01
 -6.03117412e-01  1.12969599e+00 -9.26195241e-01 -3.07311294e-02
  2.19634870e-01 -1.35849635e+00  8.07612906e-01  6.44522346e-01
  1.33283093e+00 -2.75378746e-01  6.28670083e-01  6.67422198e-01
  8.23824709e-01  6.06796345e-01  9.20653251e-01  1.13135100e+00
  6.09901860e-01  1.35388701e-02  6.84222087e-01  3.30306148e-01
  1.85881895e-01 -3.33640834e-01  8.34304020e-01  8.00616671e-01
  1.19173304e+00  2.47810535e-02  6.48486551e-01 -9.76768930e-02
  5.26304693e-01  1.12553592e+00 -1.06870251e+00  7.93694394e-02
  5.25135940e-01 -2.06009970e-01  4.44478851e-01  9.89001018e-01
 -2.06218114e-01  4.91414275e-01  1.10037486e+00  1.16911533e+00
 -1.06510247e-01 -5.00062664e-03  1.19930653e+00  7.71617739e-01
 -5.55066741e-03  3.20481375e-01  2.12870412e-01  6.38959939e-01
 -1.87493655e-01  9.15585380e-01  3.32964646e-01  5.77317591e-01
  2.43697692e-01  7.09771583e-02  1.15376969e+00  7.51232705e-01
 -3.77440973e-01  1.02731658e+00 -1.80347589e-01 -1.48902499e-01
  1.04851972e+00  2.15752467e-01 -6.28298379e-01  2.88378998e-01
  9.73253037e-01  1.80609600e-01  1.01412161e+00 -1.93942104e-01
 -5.96215027e-01  8.06367053e-01  8.85386241e-02  1.21717806e+00
  7.66534136e-01 -1.56139812e-01  7.90780840e-01 -5.67086774e-01
  2.67233635e-01  6.81006610e-01 -4.43197489e-01  1.07176627e+00
 -2.26498439e-01  1.27613989e+00  1.13930437e+00 -7.01604310e-02
  5.09481570e-01  8.95540125e-01  9.53048258e-01  1.02044120e+00
 -1.35581642e-01  5.28216316e-01  4.53920245e-01  4.51884393e-01
 -7.73179355e-01  5.07424629e-01 -9.78008860e-03 -6.56149084e-02
 -2.93380058e-01  1.14598420e+00  4.41530051e-01  8.37249561e-01
  6.31602258e-01  5.66060936e-01  2.23271119e-02  6.86795239e-01
  7.41167374e-01 -4.84433827e-02  9.57960806e-01  1.05690103e+00
 -1.53709699e-01  5.99776897e-01  5.25915395e-01  5.49530595e-01
  9.47848440e-01 -2.89072016e-01  1.64297361e-01  1.01146826e+00
  1.08147258e-01  1.29303686e+00  1.93462761e-01  7.13483161e-01
  8.15540339e-01 -4.17186464e-01  3.65913667e-01 -4.98605708e-01
  4.75473495e-03  4.66782437e-01  9.14590965e-01  7.81078774e-01
  7.40392985e-01  8.54731882e-01 -8.07137231e-01 -3.52090794e-02
  1.47617004e-01  6.07302334e-01  5.32471869e-01 -5.80740962e-01
  9.35239085e-01  1.91921737e-01 -1.79899950e-01  5.84076831e-01
  3.91665409e-01  3.15845487e-01  6.39810059e-01  9.19193517e-01
  7.52609111e-01  1.18352902e+00 -3.15535308e-01  1.31284455e-01
  3.31689043e-01  9.36934249e-02  1.12833786e-01  6.25084336e-01
  3.79931115e-01  3.55305202e-01  2.18295443e-01 -3.72984400e-01
  2.55463003e-01 -1.28683031e-01  8.77166431e-01 -8.76173533e-03
  1.31629015e+00 -7.32269322e-02  6.26449000e-01 -6.47264262e-01
  3.83683002e-01  5.75987361e-01 -1.29028944e-01  7.35830847e-01
  9.32263275e-01  9.17790116e-02 -4.91352532e-01  3.07472671e-01
  6.63833236e-01  1.37315768e+00  1.32617673e-02  1.02511421e+00
  5.69596425e-01 -1.94079805e-01 -1.22566795e+00  6.44442826e-01
  1.37779661e+00 -1.03135902e+00  6.47029713e-01 -9.16030172e-01
  1.23188845e+00  8.34644453e-01  3.58919054e-01  6.66760293e-02
  3.86796714e-01  6.55383914e-01  2.87843108e-03  6.10974059e-01
 -1.40779597e-01 -3.68537798e-01  7.62717622e-01  1.07436308e+00
 -2.14491205e-01  5.11773220e-01  8.74579086e-01  4.66639358e-01
 -1.75553829e-01  1.35358764e+00 -8.30850543e-01 -1.76480407e-01
 -5.02998930e-01  6.80556621e-01  6.33252266e-01  9.16424465e-01
 -5.01898712e-01  5.84892012e-01 -7.07300802e-01  6.60528128e-01
  1.01304750e-01  1.35374045e+00  4.47285643e-02 -2.79323500e-01
  7.92269127e-01  9.83280223e-01 -1.46687271e-01  6.77177439e-01
  7.56192200e-01  8.32661446e-01 -2.00953386e-01  3.45898543e-01
  3.99570787e-01  9.65600662e-01  3.03894009e-01  7.98753795e-01
  7.25293969e-01  7.75501456e-01 -6.21499654e-01  3.74416816e-01
  1.15008867e+00  1.86820210e-01  1.79690189e-01  8.61909260e-01
  5.90218160e-01  7.81204900e-01  4.93415281e-01 -7.17197388e-02
 -7.82048545e-01  1.06156994e+00  7.28676130e-01 -5.63381280e-01
  1.37619684e-01  8.85376031e-02  7.75362399e-01  7.63952071e-01
  5.30100699e-01  3.52644716e-01 -1.52969925e-01 -3.93152639e-01
  1.20331805e+00 -2.48907214e-01  3.74370886e-01  4.23511742e-01
  3.75880047e-01  4.70329469e-01  9.11580174e-01  6.45200521e-02
  5.41084121e-01 -4.60956783e-01  1.09365385e+00  3.46136542e-01
  1.18484676e+00  2.46170414e-01  1.06081596e+00 -1.88331134e-02
  2.87629330e-01 -2.78238846e-01  3.30159223e-01  1.10101471e+00
  3.41027543e-01 -5.79079270e-01  5.29014845e-01  5.18785983e-01
  9.47477862e-01  7.64770139e-02  1.31557320e+00  8.08339217e-02
  1.10494033e+00  4.56100769e-01 -7.87064056e-03  9.14975520e-01
 -3.08835053e-01  1.00932263e+00  2.83065076e-01  4.84801779e-01
  4.65066480e-01  4.88565341e-01  2.20091354e-01 -1.30443942e-02
  5.97644619e-01  1.11726782e+00  1.47446997e+00  3.64106316e-01
 -7.20452211e-01 -7.95084101e-01 -7.42736889e-01  7.48849848e-01
  1.04382818e-01  9.63591561e-01  1.42548891e+00  5.65661810e-01
  4.76103065e-01 -1.02429986e+00  9.83399020e-01  2.08057394e-02
 -3.80249540e-01 -2.29968521e-01  5.21440303e-01 -1.66407373e-01
 -2.60688815e-01  7.13526114e-01  1.86256366e-01  7.88397294e-01
 -2.38331033e-01 -2.13211741e-01 -1.21017653e-01  5.28342308e-01
  1.43625759e-01 -4.58404303e-01  6.39932719e-01 -1.65010724e+00
  1.12861373e-01  5.68345272e-01  1.36272124e-01  2.60380308e-01
  2.72748247e-01  5.40291109e-01 -1.86876606e-02  7.17599640e-01
  8.95277127e-01  7.65563914e-01  1.18555126e+00  1.28438568e+00
  7.09446949e-01  6.70875590e-01  5.70103813e-01 -5.10385958e-01
 -5.76371031e-02  8.25411666e-01 -1.80858768e-01  9.40297288e-01
  7.12013775e-01  8.45290546e-01  3.68983766e-01 -1.35570246e-01
  1.26192653e+00  3.54822731e-01  3.22588197e-01  5.72078820e-01
  7.36985377e-01  8.59422765e-01  3.47484990e-01  1.11406269e+00
  1.19594114e+00  6.65349137e-01  5.88343491e-01  6.64625852e-01
  2.22453209e-01  6.61360581e-01 -4.34632684e-01  9.45351446e-01
  2.04122479e-01  6.25897545e-01  5.45215862e-01  9.69989251e-01
  8.39480763e-01  3.98837666e-03 -1.03148716e-01  6.89275384e-01
  4.72047882e-01  3.88213154e-01  1.16062839e+00  1.06229424e+00
  1.74805999e-01  7.73612573e-01  1.70904753e-01 -1.56037345e-01
  3.14173740e-01  4.07141323e-01  8.60559810e-01 -4.54914882e-01
 -7.61865228e-01  9.27116857e-01  1.30646940e+00  2.20165423e-01
 -6.59197613e-01  5.78785652e-01  2.21253194e-01 -3.89058476e-02
 -6.29978459e-02  1.03911302e+00  1.03702115e-01  5.21800802e-01
 -2.19367645e-03  2.22032955e-01  2.92823947e-01  4.46327584e-01
  5.44299907e-02 -6.25759690e-02  4.57811666e-01  3.75103556e-01
 -1.13217141e-01 -1.02647480e-01  7.75282203e-01  1.73793482e-02
  8.76865261e-01  6.71875366e-01  6.71270670e-01 -1.29899289e+00
 -1.11343485e-01  6.06704745e-01 -1.39358049e-01  1.14253224e+00
  3.87791198e-02  2.61489596e-01  1.47466325e+00 -1.82771509e-01
  6.66450062e-01  6.27630548e-01  1.03377213e-01  1.06937924e-01
  5.36567839e-01  3.80421711e-01  4.55141515e-01  5.73459415e-01
 -1.67790291e-01  2.31971937e-01  1.15231143e+00  2.93133034e-01
  8.52489502e-01  6.13532754e-01  5.22886810e-01  7.43599132e-01
  4.30575993e-01  5.87587986e-02 -2.29525216e-02  1.12475144e+00
 -2.05587282e-01  1.36714385e+00  1.09570518e+00 -2.86851657e-01
 -9.54879349e-02  1.44838698e-01  1.42354783e-01  6.13381728e-01
  2.87815591e-01  3.02818088e-01  8.95985435e-01  6.40391990e-01
  1.99096231e-01  6.27629005e-01  7.16320999e-01 -1.52235444e-01
  5.25259418e-01  4.80298063e-01  1.29049875e+00  7.63669999e-01
  7.37352421e-01  1.30425410e-01 -8.80787305e-01  2.66932988e-02
  3.01381981e-01  7.23741590e-01  8.97929544e-01  1.08419914e+00
  1.93128432e-01  4.33366416e-01  1.09119232e+00  4.90213787e-01
  1.03813467e-01  6.79455072e-01  9.75193164e-01  9.54193223e-01
  3.66984882e-01  4.46518599e-01  7.70453726e-02  1.72645644e-01
 -7.23930095e-01 -4.70951893e-01 -4.26819629e-01  3.62348526e-01
 -4.92985383e-01  2.62486521e-01  4.31267849e-01  5.94258366e-01
  1.02660876e+00 -2.19055657e-01  8.44492042e-01  2.70528724e-01
  7.35362976e-01 -1.35730122e-01 -8.35615076e-01  2.35625086e-01
 -5.00356947e-01  1.00955433e+00  7.95820567e-01  7.50945525e-01
  1.02358282e-01  1.48971093e+00  6.89803582e-02  2.85477869e-01
  1.00564828e+00  5.13796260e-01  5.63486060e-01  6.38461510e-01
  4.41078163e-01  9.16593571e-01  8.17493189e-01  5.19096059e-01
  1.39499409e+00  4.86664054e-01 -1.24253325e-01  8.81893684e-03
 -2.63352846e-01  8.36707897e-01  6.64161031e-01  8.03878636e-01
  9.88109492e-02  2.66174186e-01 -1.33954369e+00  9.64868701e-02
  3.22239523e-01  1.22777068e+00 -1.90690055e-01  1.17021327e+00
  4.96987994e-01  4.18672226e-01  8.15471517e-02  1.01603273e+00
 -2.20904774e-01  6.06495550e-01  6.14502782e-01  1.00260917e+00
  6.39739316e-01 -1.69267641e-02  5.22133721e-01  5.34255162e-01
  1.02693456e+00  5.30491855e-01  8.21835778e-01 -4.53350931e-01
  4.45677304e-01  1.02630987e+00 -5.40478496e-04  1.25831045e+00
  6.83312100e-01  5.59851721e-01  1.20742687e+00  7.51133574e-01
  9.33984025e-01  5.88871373e-01  1.75566198e-01 -5.33190673e-03
  1.40484139e+00  1.06021898e-01  6.48067307e-01  2.33190889e-01
  8.94932036e-01 -1.52774916e-01  1.10464878e+00  8.33097472e-01
  4.45281064e-01  1.98449318e-01  2.85516672e-01  6.28333775e-01
  4.00231987e-01  5.01706114e-01  4.15629688e-01  7.33408867e-01
  1.02667495e-01 -1.39751675e+00  5.75602882e-01  7.82096561e-01
  1.13933358e+00  8.41765039e-02  6.03119415e-01 -3.81211419e-01
  1.23158316e+00  9.97619399e-01 -1.15225898e-01  4.94164691e-01
  9.45239761e-01  1.43880119e+00  2.94923103e-01  6.84440411e-01
  1.52156194e-01  2.91064099e-01  8.78903817e-01  7.84118968e-01
  3.23450915e-01  9.46213354e-01  5.57952936e-01  2.83169916e-01
  7.01562518e-01  6.82641929e-01  5.54694779e-01  7.41709569e-01
  4.31522724e-01  9.38137627e-01 -3.28306000e-01  6.12623296e-02
  6.91692247e-01  7.52722851e-01 -1.64730491e-01  1.16136474e+00
  3.35635479e-01  1.37100623e+00  1.14267793e+00  6.88609438e-01
  5.28177932e-01  8.65189000e-01  8.74591059e-01  2.95741135e-01
  5.43198983e-01 -6.77808978e-01  1.69645746e-01  3.13521906e-01
  1.29133003e-01 -1.90557079e-01  6.46492428e-01  1.06076458e-01
  1.00011241e+00  4.79202339e-01  4.52284930e-01  5.61350278e-01
  2.00231879e-01 -5.29431042e-01  1.03800565e-01  6.64208971e-01
 -1.73542895e-02  6.66171111e-02 -1.09469857e+00  3.59811859e-01
  1.01858765e+00 -5.34711759e-02  9.75589196e-01  3.89918027e-02
  7.42306140e-01 -9.21626957e-02  3.19554692e-01 -1.35030541e-01
 -3.73368853e-01  4.42677315e-01  1.64733020e-02  1.03493853e+00
 -4.23415452e-01 -5.26919438e-01  5.27633805e-01  8.47599467e-01
  1.14295547e-01  3.24371280e-01 -3.77207813e-01  5.10159621e-01
  4.84453008e-01  9.53288556e-01  9.05571567e-01 -7.46671678e-01
  8.93425094e-01  1.12944622e+00  6.00667255e-01  9.24807656e-02
  4.77834297e-01  4.34209470e-01 -3.50547006e-01  4.26991862e-01
  6.72105152e-01  4.88691032e-01  1.28917990e+00  8.71638563e-01
  2.43647708e-01  5.66600591e-01  4.16763770e-01 -7.91563976e-02
  1.22505922e-01  6.00150322e-01  9.77533290e-01 -4.24128069e-02
  3.18194052e-01  1.60963484e-01 -2.50422494e-01 -4.37385840e-01
  7.95211619e-01  5.38672487e-01  2.17150670e-01  4.54180610e-01
  5.50340114e-01  1.21012306e+00  8.27601678e-01  7.57846603e-01
  7.27587757e-01  3.48635286e-01  1.18704914e+00  4.28285944e-01
  7.78113977e-01  9.25064538e-02 -1.48526292e-02  1.18362983e+00
 -1.28481330e-01 -1.90659569e-01  6.44447019e-01  2.16554402e-01
  4.62680699e-01  1.01641557e+00  3.56772834e-01  1.25397492e-01
  4.66282485e-01 -8.58561138e-02  4.16913182e-01  5.15669637e-01
  1.75451517e-02 -4.68049652e-02  6.40209160e-01  4.39737524e-01
  1.30756981e+00  6.71510374e-01  4.78756722e-01  5.32924904e-01
  5.17392557e-01  4.80749743e-01 -2.07198678e-01  9.14481430e-01
 -3.59648612e-01 -4.02724143e-01  6.76854790e-01 -4.13075557e-01
  5.45753002e-01 -2.25531595e-01  6.83908067e-01 -4.69505272e-01
  8.91334590e-01  8.15989049e-01  8.44028811e-01  7.11043840e-01
 -2.80540596e-01  3.02812264e-01  1.05539369e+00  3.37327506e-01
  5.76299903e-01  7.38670845e-01  3.65549117e-01  4.16298219e-01
  1.76564559e-01 -1.48997659e-01 -5.80895825e-03  8.08000701e-01
  6.27924205e-01  1.41603631e-01  8.06011198e-01  1.94606020e-01
  6.49784312e-01  2.78604145e-01  1.10256650e+00  7.49214680e-01]